Gene	V2
ENSRNOG00000000001	0.05
ENSRNOG00000000007	185.64
ENSRNOG00000000008	0.26
ENSRNOG00000000009	0.05
ENSRNOG00000000010	3.11
ENSRNOG00000000012	0.78
ENSRNOG00000000017	0.15
ENSRNOG00000000021	9.45
ENSRNOG00000000024	6.8
ENSRNOG00000000033	86.77
ENSRNOG00000000034	3.88
ENSRNOG00000000035	0.1
ENSRNOG00000000036	9.83
ENSRNOG00000000040	5.15
ENSRNOG00000000041	1.55
ENSRNOG00000000042	16.31
ENSRNOG00000000043	22.31
ENSRNOG00000000044	25.3
ENSRNOG00000000047	50.67
ENSRNOG00000000048	22.72
ENSRNOG00000000053	3.84
ENSRNOG00000000054	85.97
ENSRNOG00000000055	0.05
ENSRNOG00000000060	416.82
ENSRNOG00000000062	10.68
ENSRNOG00000000064	218.31
ENSRNOG00000000065	0.02
ENSRNOG00000000066	16.1
ENSRNOG00000000068	32.62
ENSRNOG00000000070	1.07
ENSRNOG00000000073	17.91
ENSRNOG00000000075	6.95
ENSRNOG00000000081	1.93
ENSRNOG00000000082	7.21
ENSRNOG00000000091	3.48
ENSRNOG00000000095	17.39
ENSRNOG00000000096	6.64
ENSRNOG00000000097	0.23
ENSRNOG00000000098	28.05
ENSRNOG00000000104	10.82
ENSRNOG00000000105	156.54
ENSRNOG00000000108	28.84
ENSRNOG00000000109	0
ENSRNOG00000000111	42.96
ENSRNOG00000000112	10.66
ENSRNOG00000000113	4.73
ENSRNOG00000000121	3.51
ENSRNOG00000000122	8.99
ENSRNOG00000000123	14.13
ENSRNOG00000000124	0
ENSRNOG00000000127	20.51
ENSRNOG00000000129	47.77
ENSRNOG00000000130	21.97
ENSRNOG00000000133	43.51
ENSRNOG00000000137	1.71
ENSRNOG00000000138	0.48
ENSRNOG00000000142	21.49
ENSRNOG00000000145	11.12
ENSRNOG00000000150	4.42
ENSRNOG00000000151	38.49
ENSRNOG00000000155	13.58
ENSRNOG00000000156	0.06
ENSRNOG00000000157	23.46
ENSRNOG00000000158	18.75
ENSRNOG00000000161	8.79
ENSRNOG00000000164	78.46
ENSRNOG00000000165	0.1
ENSRNOG00000000166	2.27
ENSRNOG00000000167	2.58
ENSRNOG00000000168	115.28
ENSRNOG00000000169	2.35
ENSRNOG00000000170	14.66
ENSRNOG00000000172	3.09
ENSRNOG00000000175	14.44
ENSRNOG00000000177	10.69
ENSRNOG00000000184	0.56
ENSRNOG00000000185	15.36
ENSRNOG00000000186	38.8
ENSRNOG00000000187	0.85
ENSRNOG00000000190	10.85
ENSRNOG00000000195	0.06
ENSRNOG00000000196	0.25
ENSRNOG00000000199	0
ENSRNOG00000000201	0.87
ENSRNOG00000000204	12.79
ENSRNOG00000000219	19.62
ENSRNOG00000000221	10.96
ENSRNOG00000000230	10.06
ENSRNOG00000000231	90.71
ENSRNOG00000000233	0.28
ENSRNOG00000000236	46.14
ENSRNOG00000000237	21.7
ENSRNOG00000000239	0.15
ENSRNOG00000000244	4.7
ENSRNOG00000000245	7.2
ENSRNOG00000000246	32.35
ENSRNOG00000000247	11.71
ENSRNOG00000000248	93.7
ENSRNOG00000000249	8.92
ENSRNOG00000000250	8.88
ENSRNOG00000000251	0.03
ENSRNOG00000000252	0
ENSRNOG00000000257	32.05
ENSRNOG00000000258	11.33
ENSRNOG00000000262	12.52
ENSRNOG00000000264	17.19
ENSRNOG00000000274	103.05
ENSRNOG00000000275	16.17
ENSRNOG00000000277	1.92
ENSRNOG00000000279	8.52
ENSRNOG00000000281	33.77
ENSRNOG00000000282	0
ENSRNOG00000000283	9.78
ENSRNOG00000000288	3.38
ENSRNOG00000000299	14.21
ENSRNOG00000000302	11.92
ENSRNOG00000000303	3.87
ENSRNOG00000000304	58.95
ENSRNOG00000000306	3.67
ENSRNOG00000000307	2
ENSRNOG00000000308	3.35
ENSRNOG00000000312	19.07
ENSRNOG00000000314	23.78
ENSRNOG00000000316	15.17
ENSRNOG00000000320	0
ENSRNOG00000000321	14.38
ENSRNOG00000000322	10.34
ENSRNOG00000000323	0.13
ENSRNOG00000000327	13.77
ENSRNOG00000000335	0.18
ENSRNOG00000000340	56.49
ENSRNOG00000000341	3.29
ENSRNOG00000000345	0.07
ENSRNOG00000000368	16.74
ENSRNOG00000000373	3.75
ENSRNOG00000000376	2
ENSRNOG00000000378	11.52
ENSRNOG00000000383	0.1
ENSRNOG00000000384	0.14
ENSRNOG00000000386	16.88
ENSRNOG00000000387	5.48
ENSRNOG00000000390	0
ENSRNOG00000000392	12.39
ENSRNOG00000000394	9.27
ENSRNOG00000000395	41.49
ENSRNOG00000000396	14.57
ENSRNOG00000000397	15.25
ENSRNOG00000000398	14.59
ENSRNOG00000000401	0
ENSRNOG00000000405	0
ENSRNOG00000000406	0.01
ENSRNOG00000000407	2.64
ENSRNOG00000000408	15.84
ENSRNOG00000000410	0
ENSRNOG00000000411	27.11
ENSRNOG00000000412	30.87
ENSRNOG00000000413	0.31
ENSRNOG00000000414	3.62
ENSRNOG00000000415	7.77
ENSRNOG00000000417	24.64
ENSRNOG00000000418	3.02
ENSRNOG00000000419	0.02
ENSRNOG00000000420	13.99
ENSRNOG00000000421	12.26
ENSRNOG00000000422	4.73
ENSRNOG00000000423	7.16
ENSRNOG00000000428	0.08
ENSRNOG00000000431	25.49
ENSRNOG00000000432	8.28
ENSRNOG00000000433	73.28
ENSRNOG00000000435	9.53
ENSRNOG00000000436	2.29
ENSRNOG00000000437	46.15
ENSRNOG00000000438	49.36
ENSRNOG00000000439	2.51
ENSRNOG00000000440	19.33
ENSRNOG00000000441	4.37
ENSRNOG00000000442	3.81
ENSRNOG00000000443	1.17
ENSRNOG00000000446	0
ENSRNOG00000000451	0.28
ENSRNOG00000000454	0.39
ENSRNOG00000000455	0.11
ENSRNOG00000000456	0.66
ENSRNOG00000000457	1.65
ENSRNOG00000000459	1.27
ENSRNOG00000000461	3.52
ENSRNOG00000000463	49.99
ENSRNOG00000000464	20.61
ENSRNOG00000000465	30.04
ENSRNOG00000000466	11.12
ENSRNOG00000000467	16.03
ENSRNOG00000000470	46.36
ENSRNOG00000000471	1.96
ENSRNOG00000000473	45.48
ENSRNOG00000000474	13.76
ENSRNOG00000000476	11.99
ENSRNOG00000000477	12.06
ENSRNOG00000000478	2.76
ENSRNOG00000000479	1.18
ENSRNOG00000000480	19.65
ENSRNOG00000000481	45.61
ENSRNOG00000000483	43.12
ENSRNOG00000000485	7.41
ENSRNOG00000000486	0.26
ENSRNOG00000000487	22.47
ENSRNOG00000000488	58.68
ENSRNOG00000000490	99.23
ENSRNOG00000000491	0.18
ENSRNOG00000000493	12.8
ENSRNOG00000000495	5.31
ENSRNOG00000000498	10.17
ENSRNOG00000000499	0.3
ENSRNOG00000000500	0.91
ENSRNOG00000000501	21.36
ENSRNOG00000000502	0.81
ENSRNOG00000000503	6.88
ENSRNOG00000000504	7.02
ENSRNOG00000000505	0
ENSRNOG00000000506	1.78
ENSRNOG00000000507	0
ENSRNOG00000000508	0
ENSRNOG00000000510	0
ENSRNOG00000000511	22.99
ENSRNOG00000000512	4.49
ENSRNOG00000000513	23.53
ENSRNOG00000000515	0.07
ENSRNOG00000000516	0
ENSRNOG00000000517	13.74
ENSRNOG00000000519	14.82
ENSRNOG00000000520	32.84
ENSRNOG00000000521	9.85
ENSRNOG00000000522	30.47
ENSRNOG00000000523	17.21
ENSRNOG00000000524	32.68
ENSRNOG00000000525	2.09
ENSRNOG00000000527	241.47
ENSRNOG00000000528	1.93
ENSRNOG00000000529	2.78
ENSRNOG00000000531	6.15
ENSRNOG00000000532	26.38
ENSRNOG00000000536	5.19
ENSRNOG00000000540	11.97
ENSRNOG00000000541	74.93
ENSRNOG00000000542	0.02
ENSRNOG00000000543	0.03
ENSRNOG00000000546	3.6
ENSRNOG00000000547	102.74
ENSRNOG00000000549	57.19
ENSRNOG00000000551	14.31
ENSRNOG00000000552	0.58
ENSRNOG00000000556	0
ENSRNOG00000000557	41.91
ENSRNOG00000000559	0.3
ENSRNOG00000000560	3.61
ENSRNOG00000000561	3.42
ENSRNOG00000000562	0.15
ENSRNOG00000000563	0.21
ENSRNOG00000000564	0.67
ENSRNOG00000000565	19.43
ENSRNOG00000000566	7.08
ENSRNOG00000000567	40.54
ENSRNOG00000000568	12.67
ENSRNOG00000000569	22.71
ENSRNOG00000000571	643.25
ENSRNOG00000000572	4.46
ENSRNOG00000000574	0
ENSRNOG00000000576	9.55
ENSRNOG00000000579	29.63
ENSRNOG00000000580	1.56
ENSRNOG00000000581	8.5
ENSRNOG00000000582	2.95
ENSRNOG00000000583	17.42
ENSRNOG00000000585	52.13
ENSRNOG00000000586	11.77
ENSRNOG00000000587	9.54
ENSRNOG00000000588	0.71
ENSRNOG00000000589	0.3
ENSRNOG00000000590	0.37
ENSRNOG00000000593	7.87
ENSRNOG00000000595	2.01
ENSRNOG00000000596	39.52
ENSRNOG00000000597	0.18
ENSRNOG00000000598	2.52
ENSRNOG00000000599	4.15
ENSRNOG00000000604	32.87
ENSRNOG00000000605	1.63
ENSRNOG00000000606	3.85
ENSRNOG00000000607	0
ENSRNOG00000000609	7.22
ENSRNOG00000000610	70.21
ENSRNOG00000000611	35.16
ENSRNOG00000000613	17.38
ENSRNOG00000000614	1.11
ENSRNOG00000000618	5.19
ENSRNOG00000000620	0
ENSRNOG00000000622	146.26
ENSRNOG00000000630	0
ENSRNOG00000000632	0.55
ENSRNOG00000000633	1.62
ENSRNOG00000000634	6.98
ENSRNOG00000000635	8.18
ENSRNOG00000000636	1.89
ENSRNOG00000000638	53.15
ENSRNOG00000000639	10.26
ENSRNOG00000000640	0.62
ENSRNOG00000000641	5.72
ENSRNOG00000000645	27.45
ENSRNOG00000000648	16.76
ENSRNOG00000000650	0
ENSRNOG00000000653	0.01
ENSRNOG00000000655	1.63
ENSRNOG00000000657	45.13
ENSRNOG00000000658	2.89
ENSRNOG00000000661	16.14
ENSRNOG00000000662	6.26
ENSRNOG00000000663	12.62
ENSRNOG00000000664	16.92
ENSRNOG00000000665	25.51
ENSRNOG00000000691	0
ENSRNOG00000000692	1.34
ENSRNOG00000000693	26.76
ENSRNOG00000000695	4.89
ENSRNOG00000000697	31.17
ENSRNOG00000000699	34.16
ENSRNOG00000000700	10.8
ENSRNOG00000000701	80.56
ENSRNOG00000000702	10.77
ENSRNOG00000000704	1.3
ENSRNOG00000000708	17.22
ENSRNOG00000000713	2.83
ENSRNOG00000000715	0.22
ENSRNOG00000000716	2.39
ENSRNOG00000000718	12.75
ENSRNOG00000000720	4.68
ENSRNOG00000000723	3.42
ENSRNOG00000000726	0
ENSRNOG00000000728	1.29
ENSRNOG00000000729	4.75
ENSRNOG00000000746	0
ENSRNOG00000000747	0
ENSRNOG00000000748	11.78
ENSRNOG00000000749	0
ENSRNOG00000000759	0
ENSRNOG00000000763	5.92
ENSRNOG00000000765	0
ENSRNOG00000000767	0.14
ENSRNOG00000000768	0
ENSRNOG00000000774	191.64
ENSRNOG00000000775	226.76
ENSRNOG00000000777	13.53
ENSRNOG00000000778	1.77
ENSRNOG00000000779	6.48
ENSRNOG00000000780	38.68
ENSRNOG00000000781	1.11
ENSRNOG00000000782	0.06
ENSRNOG00000000783	0
ENSRNOG00000000785	6.07
ENSRNOG00000000786	4.9
ENSRNOG00000000787	0.21
ENSRNOG00000000795	2.17
ENSRNOG00000000796	16.48
ENSRNOG00000000798	18.46
ENSRNOG00000000799	29.99
ENSRNOG00000000800	10.86
ENSRNOG00000000801	6.35
ENSRNOG00000000802	1.95
ENSRNOG00000000804	13.82
ENSRNOG00000000805	128.95
ENSRNOG00000000808	10.64
ENSRNOG00000000809	15.06
ENSRNOG00000000811	1.13
ENSRNOG00000000812	11.8
ENSRNOG00000000814	61.97
ENSRNOG00000000815	9.33
ENSRNOG00000000816	3.27
ENSRNOG00000000818	1.3
ENSRNOG00000000823	11.77
ENSRNOG00000000824	1.42
ENSRNOG00000000825	0.14
ENSRNOG00000000826	24.39
ENSRNOG00000000827	3.42
ENSRNOG00000000831	5.94
ENSRNOG00000000833	8.68
ENSRNOG00000000836	0
ENSRNOG00000000837	0
ENSRNOG00000000838	0.04
ENSRNOG00000000839	5.35
ENSRNOG00000000840	103.84
ENSRNOG00000000841	81.61
ENSRNOG00000000842	13.87
ENSRNOG00000000843	0.51
ENSRNOG00000000844	0.51
ENSRNOG00000000846	0
ENSRNOG00000000847	34.28
ENSRNOG00000000848	8.76
ENSRNOG00000000850	1.82
ENSRNOG00000000851	48.46
ENSRNOG00000000852	73.35
ENSRNOG00000000853	10.5
ENSRNOG00000000854	0.59
ENSRNOG00000000855	0.18
ENSRNOG00000000857	0.18
ENSRNOG00000000858	2.56
ENSRNOG00000000860	0.76
ENSRNOG00000000861	2.45
ENSRNOG00000000866	20.92
ENSRNOG00000000867	16.72
ENSRNOG00000000869	5.9
ENSRNOG00000000871	0.32
ENSRNOG00000000873	0.02
ENSRNOG00000000875	32.93
ENSRNOG00000000878	0.37
ENSRNOG00000000879	27.86
ENSRNOG00000000881	15.06
ENSRNOG00000000885	15.16
ENSRNOG00000000886	23.7
ENSRNOG00000000887	0.44
ENSRNOG00000000888	55.99
ENSRNOG00000000889	0.08
ENSRNOG00000000891	15.61
ENSRNOG00000000893	18.55
ENSRNOG00000000894	26.04
ENSRNOG00000000895	10.28
ENSRNOG00000000896	0
ENSRNOG00000000897	1.22
ENSRNOG00000000900	12.35
ENSRNOG00000000901	16.31
ENSRNOG00000000902	104.26
ENSRNOG00000000903	7.96
ENSRNOG00000000904	0.06
ENSRNOG00000000905	0.48
ENSRNOG00000000906	3.37
ENSRNOG00000000907	6.32
ENSRNOG00000000909	10.4
ENSRNOG00000000913	2.81
ENSRNOG00000000916	0.58
ENSRNOG00000000917	9.09
ENSRNOG00000000918	8.6
ENSRNOG00000000920	6.36
ENSRNOG00000000921	101.8
ENSRNOG00000000922	5.57
ENSRNOG00000000923	57
ENSRNOG00000000924	10.03
ENSRNOG00000000925	7.86
ENSRNOG00000000926	10.53
ENSRNOG00000000931	19.91
ENSRNOG00000000934	0.74
ENSRNOG00000000936	8.1
ENSRNOG00000000937	2.7
ENSRNOG00000000938	107.99
ENSRNOG00000000940	17.2
ENSRNOG00000000942	13.11
ENSRNOG00000000943	0.24
ENSRNOG00000000952	0.82
ENSRNOG00000000954	17.91
ENSRNOG00000000955	3.01
ENSRNOG00000000956	11.57
ENSRNOG00000000957	337.44
ENSRNOG00000000958	1.22
ENSRNOG00000000961	11.2
ENSRNOG00000000962	10.46
ENSRNOG00000000963	2.16
ENSRNOG00000000964	2.65
ENSRNOG00000000967	9.41
ENSRNOG00000000968	24.12
ENSRNOG00000000969	0
ENSRNOG00000000973	0
ENSRNOG00000000974	14.25
ENSRNOG00000000975	32.38
ENSRNOG00000000977	19.22
ENSRNOG00000000978	0
ENSRNOG00000000979	7.45
ENSRNOG00000000981	14.08
ENSRNOG00000000983	5.55
ENSRNOG00000000985	10.47
ENSRNOG00000000986	6.39
ENSRNOG00000000987	6.95
ENSRNOG00000000988	14.13
ENSRNOG00000000989	21.79
ENSRNOG00000000990	45.22
ENSRNOG00000000991	11.69
ENSRNOG00000000993	0.14
ENSRNOG00000000994	3.38
ENSRNOG00000000996	92.05
ENSRNOG00000000999	13.67
ENSRNOG00000001001	0
ENSRNOG00000001003	21.55
ENSRNOG00000001004	25.91
ENSRNOG00000001005	0.06
ENSRNOG00000001006	10.58
ENSRNOG00000001007	0.57
ENSRNOG00000001009	33.87
ENSRNOG00000001010	28.18
ENSRNOG00000001011	0.68
ENSRNOG00000001017	0
ENSRNOG00000001027	0
ENSRNOG00000001030	61.95
ENSRNOG00000001031	0
ENSRNOG00000001032	22.12
ENSRNOG00000001033	10.2
ENSRNOG00000001034	31.15
ENSRNOG00000001035	7.22
ENSRNOG00000001036	1.97
ENSRNOG00000001037	12.76
ENSRNOG00000001039	12.31
ENSRNOG00000001040	7.62
ENSRNOG00000001043	6.08
ENSRNOG00000001044	15.95
ENSRNOG00000001047	34.59
ENSRNOG00000001048	4.72
ENSRNOG00000001049	566.36
ENSRNOG00000001050	21.99
ENSRNOG00000001052	4.24
ENSRNOG00000001053	54.37
ENSRNOG00000001055	19.77
ENSRNOG00000001056	40.82
ENSRNOG00000001057	150.98
ENSRNOG00000001058	20.82
ENSRNOG00000001059	4.33
ENSRNOG00000001060	18.69
ENSRNOG00000001061	13.25
ENSRNOG00000001062	17.42
ENSRNOG00000001064	20.35
ENSRNOG00000001065	5.73
ENSRNOG00000001066	0.21
ENSRNOG00000001068	158.08
ENSRNOG00000001069	15.35
ENSRNOG00000001070	61.92
ENSRNOG00000001071	0
ENSRNOG00000001072	16.99
ENSRNOG00000001073	14.65
ENSRNOG00000001074	3.49
ENSRNOG00000001079	12.94
ENSRNOG00000001080	35.34
ENSRNOG00000001081	5.45
ENSRNOG00000001082	10.29
ENSRNOG00000001083	17.31
ENSRNOG00000001086	9.16
ENSRNOG00000001088	4.62
ENSRNOG00000001090	7.25
ENSRNOG00000001091	37.05
ENSRNOG00000001092	0.72
ENSRNOG00000001094	4.1
ENSRNOG00000001098	20.01
ENSRNOG00000001099	2.55
ENSRNOG00000001101	8.55
ENSRNOG00000001103	1.99
ENSRNOG00000001104	7.14
ENSRNOG00000001106	45.73
ENSRNOG00000001107	7.73
ENSRNOG00000001108	11.24
ENSRNOG00000001111	0.88
ENSRNOG00000001113	70.21
ENSRNOG00000001114	25.32
ENSRNOG00000001115	7.94
ENSRNOG00000001117	3.11
ENSRNOG00000001120	11.66
ENSRNOG00000001123	10.53
ENSRNOG00000001124	25.43
ENSRNOG00000001126	16.19
ENSRNOG00000001128	49.76
ENSRNOG00000001129	30.52
ENSRNOG00000001130	3.95
ENSRNOG00000001134	5.7
ENSRNOG00000001135	85.35
ENSRNOG00000001136	339.63
ENSRNOG00000001138	12.92
ENSRNOG00000001139	38
ENSRNOG00000001141	7.39
ENSRNOG00000001142	9.94
ENSRNOG00000001143	47.09
ENSRNOG00000001148	245.4
ENSRNOG00000001149	9.97
ENSRNOG00000001151	2.21
ENSRNOG00000001152	0.13
ENSRNOG00000001153	0.11
ENSRNOG00000001156	14.47
ENSRNOG00000001157	0.52
ENSRNOG00000001158	32.55
ENSRNOG00000001159	0
ENSRNOG00000001160	10.79
ENSRNOG00000001161	20.26
ENSRNOG00000001162	0
ENSRNOG00000001163	14.64
ENSRNOG00000001164	0
ENSRNOG00000001165	0.19
ENSRNOG00000001167	0
ENSRNOG00000001169	2.92
ENSRNOG00000001170	498.19
ENSRNOG00000001171	17.11
ENSRNOG00000001172	58.05
ENSRNOG00000001173	25.83
ENSRNOG00000001174	10.51
ENSRNOG00000001177	8.68
ENSRNOG00000001178	25.84
ENSRNOG00000001181	1.55
ENSRNOG00000001182	26.61
ENSRNOG00000001183	0.05
ENSRNOG00000001184	6.54
ENSRNOG00000001185	95.12
ENSRNOG00000001187	0.59
ENSRNOG00000001189	3
ENSRNOG00000001190	28.68
ENSRNOG00000001191	13.29
ENSRNOG00000001192	68.98
ENSRNOG00000001193	0.12
ENSRNOG00000001194	6.29
ENSRNOG00000001195	0.16
ENSRNOG00000001198	14.84
ENSRNOG00000001199	8.42
ENSRNOG00000001201	54.58
ENSRNOG00000001203	22.59
ENSRNOG00000001204	29.56
ENSRNOG00000001205	49.23
ENSRNOG00000001210	7.48
ENSRNOG00000001211	55
ENSRNOG00000001212	0
ENSRNOG00000001213	0.03
ENSRNOG00000001214	36.85
ENSRNOG00000001215	14.14
ENSRNOG00000001216	9
ENSRNOG00000001217	1.56
ENSRNOG00000001218	0
ENSRNOG00000001219	1.84
ENSRNOG00000001220	0
ENSRNOG00000001222	14.01
ENSRNOG00000001223	34.99
ENSRNOG00000001224	4.11
ENSRNOG00000001225	13.39
ENSRNOG00000001226	0.82
ENSRNOG00000001227	126.15
ENSRNOG00000001228	14.86
ENSRNOG00000001229	6.38
ENSRNOG00000001232	3.45
ENSRNOG00000001235	201.51
ENSRNOG00000001236	9.45
ENSRNOG00000001237	10.44
ENSRNOG00000001238	25.81
ENSRNOG00000001239	82.04
ENSRNOG00000001241	7.7
ENSRNOG00000001242	58.2
ENSRNOG00000001243	11.05
ENSRNOG00000001245	19.53
ENSRNOG00000001247	10.93
ENSRNOG00000001249	3.09
ENSRNOG00000001250	9.47
ENSRNOG00000001251	3.4
ENSRNOG00000001252	9.86
ENSRNOG00000001253	31.46
ENSRNOG00000001254	2.65
ENSRNOG00000001255	11.02
ENSRNOG00000001256	30.83
ENSRNOG00000001258	7.83
ENSRNOG00000001259	9.14
ENSRNOG00000001260	2.24
ENSRNOG00000001261	0.79
ENSRNOG00000001262	0
ENSRNOG00000001265	5.13
ENSRNOG00000001269	101.82
ENSRNOG00000001270	1.9
ENSRNOG00000001271	1.32
ENSRNOG00000001272	13.65
ENSRNOG00000001273	16.01
ENSRNOG00000001274	38.06
ENSRNOG00000001275	0.06
ENSRNOG00000001276	6.07
ENSRNOG00000001277	4.34
ENSRNOG00000001278	15.26
ENSRNOG00000001283	13.11
ENSRNOG00000001284	0.05
ENSRNOG00000001285	191.83
ENSRNOG00000001287	1.76
ENSRNOG00000001288	8.81
ENSRNOG00000001289	10.1
ENSRNOG00000001293	22.59
ENSRNOG00000001294	10.26
ENSRNOG00000001295	708.55
ENSRNOG00000001296	13.79
ENSRNOG00000001297	19.82
ENSRNOG00000001298	0
ENSRNOG00000001299	18.57
ENSRNOG00000001300	15.7
ENSRNOG00000001302	59.67
ENSRNOG00000001303	12.65
ENSRNOG00000001304	35.58
ENSRNOG00000001309	15.72
ENSRNOG00000001311	16.74
ENSRNOG00000001312	20.69
ENSRNOG00000001313	14.89
ENSRNOG00000001314	29.69
ENSRNOG00000001315	0.68
ENSRNOG00000001316	85.79
ENSRNOG00000001317	13.57
ENSRNOG00000001323	7.67
ENSRNOG00000001324	0.75
ENSRNOG00000001325	10.15
ENSRNOG00000001329	82.94
ENSRNOG00000001331	29.49
ENSRNOG00000001333	0.62
ENSRNOG00000001335	9.92
ENSRNOG00000001336	10.63
ENSRNOG00000001337	8.08
ENSRNOG00000001338	1.01
ENSRNOG00000001339	14.64
ENSRNOG00000001341	3.77
ENSRNOG00000001342	1.54
ENSRNOG00000001344	42.67
ENSRNOG00000001345	28.9
ENSRNOG00000001346	92.25
ENSRNOG00000001347	2.7
ENSRNOG00000001348	36.05
ENSRNOG00000001349	10.14
ENSRNOG00000001350	11
ENSRNOG00000001351	37.66
ENSRNOG00000001352	23.37
ENSRNOG00000001353	10.98
ENSRNOG00000001355	21.06
ENSRNOG00000001357	4.8
ENSRNOG00000001360	0.05
ENSRNOG00000001367	1.06
ENSRNOG00000001368	104.95
ENSRNOG00000001369	0.95
ENSRNOG00000001374	2.29
ENSRNOG00000001375	3.74
ENSRNOG00000001376	60.31
ENSRNOG00000001377	11.63
ENSRNOG00000001378	1.64
ENSRNOG00000001379	0.81
ENSRNOG00000001383	3.58
ENSRNOG00000001385	34.58
ENSRNOG00000001387	4.09
ENSRNOG00000001388	1.82
ENSRNOG00000001389	0.26
ENSRNOG00000001391	5.47
ENSRNOG00000001392	0.1
ENSRNOG00000001396	17.8
ENSRNOG00000001397	3.89
ENSRNOG00000001399	0.17
ENSRNOG00000001402	9.23
ENSRNOG00000001404	13.63
ENSRNOG00000001407	0.57
ENSRNOG00000001408	25.12
ENSRNOG00000001409	130.95
ENSRNOG00000001410	22.19
ENSRNOG00000001412	0
ENSRNOG00000001414	0.59
ENSRNOG00000001415	83.58
ENSRNOG00000001416	25.14
ENSRNOG00000001417	11.93
ENSRNOG00000001418	15.47
ENSRNOG00000001419	1.92
ENSRNOG00000001420	75.91
ENSRNOG00000001422	0.05
ENSRNOG00000001424	13.43
ENSRNOG00000001425	1.33
ENSRNOG00000001426	8.85
ENSRNOG00000001427	7.13
ENSRNOG00000001428	2.88
ENSRNOG00000001429	6.59
ENSRNOG00000001430	20.09
ENSRNOG00000001431	4.14
ENSRNOG00000001432	3.6
ENSRNOG00000001434	0.1
ENSRNOG00000001435	4.03
ENSRNOG00000001436	252.44
ENSRNOG00000001439	16.49
ENSRNOG00000001440	153.96
ENSRNOG00000001441	12.02
ENSRNOG00000001442	30.13
ENSRNOG00000001443	23.84
ENSRNOG00000001444	0
ENSRNOG00000001448	12.07
ENSRNOG00000001449	16.44
ENSRNOG00000001450	7.58
ENSRNOG00000001451	0
ENSRNOG00000001452	5.48
ENSRNOG00000001453	27.12
ENSRNOG00000001454	112.95
ENSRNOG00000001455	16.84
ENSRNOG00000001456	11.7
ENSRNOG00000001457	6
ENSRNOG00000001465	97.01
ENSRNOG00000001466	0
ENSRNOG00000001469	1.89
ENSRNOG00000001470	29.75
ENSRNOG00000001474	3.16
ENSRNOG00000001476	0
ENSRNOG00000001478	1.56
ENSRNOG00000001479	73.86
ENSRNOG00000001480	5.06
ENSRNOG00000001482	5.71
ENSRNOG00000001483	6.05
ENSRNOG00000001484	20.75
ENSRNOG00000001488	87.56
ENSRNOG00000001489	6.39
ENSRNOG00000001490	10.91
ENSRNOG00000001492	31.5
ENSRNOG00000001493	12.83
ENSRNOG00000001494	108.56
ENSRNOG00000001499	1.02
ENSRNOG00000001500	41.24
ENSRNOG00000001501	10.58
ENSRNOG00000001506	27.65
ENSRNOG00000001510	0.14
ENSRNOG00000001512	0.06
ENSRNOG00000001514	0.55
ENSRNOG00000001515	8.66
ENSRNOG00000001516	175.3
ENSRNOG00000001517	14.04
ENSRNOG00000001518	19.75
ENSRNOG00000001519	2.77
ENSRNOG00000001520	6.26
ENSRNOG00000001524	11.29
ENSRNOG00000001525	28.59
ENSRNOG00000001527	1.88
ENSRNOG00000001528	144.56
ENSRNOG00000001531	4.38
ENSRNOG00000001544	7.09
ENSRNOG00000001547	14.22
ENSRNOG00000001548	14.95
ENSRNOG00000001551	114.5
ENSRNOG00000001554	9.03
ENSRNOG00000001555	10.82
ENSRNOG00000001557	19.84
ENSRNOG00000001559	19.46
ENSRNOG00000001566	0
ENSRNOG00000001567	0
ENSRNOG00000001570	0
ENSRNOG00000001571	0
ENSRNOG00000001572	0.49
ENSRNOG00000001573	7.79
ENSRNOG00000001575	2.21
ENSRNOG00000001577	0.03
ENSRNOG00000001578	0
ENSRNOG00000001580	0
ENSRNOG00000001581	0
ENSRNOG00000001582	2.31
ENSRNOG00000001584	1.51
ENSRNOG00000001585	5.04
ENSRNOG00000001587	0
ENSRNOG00000001588	0
ENSRNOG00000001589	0
ENSRNOG00000001592	58.82
ENSRNOG00000001593	17.92
ENSRNOG00000001596	220.32
ENSRNOG00000001597	31.58
ENSRNOG00000001598	10.19
ENSRNOG00000001599	7.33
ENSRNOG00000001601	0
ENSRNOG00000001602	9.24
ENSRNOG00000001603	5.49
ENSRNOG00000001607	3.47
ENSRNOG00000001608	10.99
ENSRNOG00000001609	10.15
ENSRNOG00000001611	173.08
ENSRNOG00000001613	11.03
ENSRNOG00000001616	6.09
ENSRNOG00000001618	0.11
ENSRNOG00000001620	2.93
ENSRNOG00000001621	4.39
ENSRNOG00000001622	0.28
ENSRNOG00000001623	7.16
ENSRNOG00000001627	0.64
ENSRNOG00000001628	776.71
ENSRNOG00000001629	24.54
ENSRNOG00000001632	7.55
ENSRNOG00000001633	17.28
ENSRNOG00000001634	0.02
ENSRNOG00000001640	48.21
ENSRNOG00000001642	11.81
ENSRNOG00000001643	24.91
ENSRNOG00000001644	0.87
ENSRNOG00000001645	1.5
ENSRNOG00000001647	8.67
ENSRNOG00000001652	3.52
ENSRNOG00000001653	11.79
ENSRNOG00000001654	20.93
ENSRNOG00000001656	0.09
ENSRNOG00000001657	41.96
ENSRNOG00000001658	3.34
ENSRNOG00000001662	21.21
ENSRNOG00000001675	0
ENSRNOG00000001679	0.1
ENSRNOG00000001680	2.22
ENSRNOG00000001681	11.61
ENSRNOG00000001682	99.19
ENSRNOG00000001684	0.09
ENSRNOG00000001686	5.64
ENSRNOG00000001687	7.09
ENSRNOG00000001689	11.02
ENSRNOG00000001691	0.09
ENSRNOG00000001692	1.14
ENSRNOG00000001699	12.86
ENSRNOG00000001700	29.75
ENSRNOG00000001701	7.71
ENSRNOG00000001704	1
ENSRNOG00000001706	19.17
ENSRNOG00000001707	18.08
ENSRNOG00000001708	22.16
ENSRNOG00000001709	289.61
ENSRNOG00000001710	29.78
ENSRNOG00000001711	2.19
ENSRNOG00000001712	13.56
ENSRNOG00000001713	5.69
ENSRNOG00000001714	3.41
ENSRNOG00000001715	18
ENSRNOG00000001717	35.03
ENSRNOG00000001719	71.4
ENSRNOG00000001720	3.44
ENSRNOG00000001724	3.67
ENSRNOG00000001726	6.72
ENSRNOG00000001727	6.98
ENSRNOG00000001728	3.11
ENSRNOG00000001729	10.17
ENSRNOG00000001730	17.08
ENSRNOG00000001733	83.23
ENSRNOG00000001736	16.16
ENSRNOG00000001738	23.32
ENSRNOG00000001739	0.31
ENSRNOG00000001742	0.18
ENSRNOG00000001746	18.33
ENSRNOG00000001747	10.7
ENSRNOG00000001748	6.77
ENSRNOG00000001750	1.36
ENSRNOG00000001752	2.37
ENSRNOG00000001754	5.21
ENSRNOG00000001756	0
ENSRNOG00000001757	1.75
ENSRNOG00000001758	10.95
ENSRNOG00000001762	18.19
ENSRNOG00000001764	17.88
ENSRNOG00000001765	0.08
ENSRNOG00000001766	29.2
ENSRNOG00000001767	29.83
ENSRNOG00000001769	60.83
ENSRNOG00000001770	2.12
ENSRNOG00000001773	21.9
ENSRNOG00000001774	11.47
ENSRNOG00000001776	0
ENSRNOG00000001777	0
ENSRNOG00000001781	4.76
ENSRNOG00000001782	6.58
ENSRNOG00000001783	35.28
ENSRNOG00000001785	13.2
ENSRNOG00000001786	22.16
ENSRNOG00000001789	16.3
ENSRNOG00000001792	0.23
ENSRNOG00000001793	14.29
ENSRNOG00000001794	0.2
ENSRNOG00000001795	12.68
ENSRNOG00000001796	4.55
ENSRNOG00000001797	10.05
ENSRNOG00000001803	22.91
ENSRNOG00000001804	3.65
ENSRNOG00000001806	0.04
ENSRNOG00000001807	5.86
ENSRNOG00000001808	10.65
ENSRNOG00000001809	0
ENSRNOG00000001811	15.55
ENSRNOG00000001813	60.54
ENSRNOG00000001815	186.08
ENSRNOG00000001816	8.17
ENSRNOG00000001817	32.46
ENSRNOG00000001820	12.5
ENSRNOG00000001821	2.97
ENSRNOG00000001823	9.43
ENSRNOG00000001825	2.06
ENSRNOG00000001827	5.97
ENSRNOG00000001828	9.32
ENSRNOG00000001829	18.69
ENSRNOG00000001830	0.13
ENSRNOG00000001833	3.88
ENSRNOG00000001834	13.11
ENSRNOG00000001837	54.56
ENSRNOG00000001839	0
ENSRNOG00000001840	0.24
ENSRNOG00000001842	8.21
ENSRNOG00000001843	5.84
ENSRNOG00000001844	5.67
ENSRNOG00000001845	16.49
ENSRNOG00000001847	16.22
ENSRNOG00000001849	101.51
ENSRNOG00000001851	11
ENSRNOG00000001852	26.67
ENSRNOG00000001854	10.91
ENSRNOG00000001858	6.81
ENSRNOG00000001859	8.42
ENSRNOG00000001860	0.26
ENSRNOG00000001861	7.59
ENSRNOG00000001862	62.17
ENSRNOG00000001864	9.64
ENSRNOG00000001865	0.08
ENSRNOG00000001867	12.82
ENSRNOG00000001868	1.99
ENSRNOG00000001869	0.59
ENSRNOG00000001870	25.18
ENSRNOG00000001872	0.68
ENSRNOG00000001873	6.91
ENSRNOG00000001874	8.6
ENSRNOG00000001875	10.01
ENSRNOG00000001876	0.55
ENSRNOG00000001877	19.49
ENSRNOG00000001878	26.11
ENSRNOG00000001880	30.83
ENSRNOG00000001884	39.94
ENSRNOG00000001885	9.28
ENSRNOG00000001886	9.54
ENSRNOG00000001888	10.46
ENSRNOG00000001889	21.78
ENSRNOG00000001890	5.77
ENSRNOG00000001891	3.69
ENSRNOG00000001892	0.07
ENSRNOG00000001893	102.21
ENSRNOG00000001908	1.03
ENSRNOG00000001911	59.26
ENSRNOG00000001912	0
ENSRNOG00000001915	0.34
ENSRNOG00000001916	0.03
ENSRNOG00000001923	0.03
ENSRNOG00000001924	0.26
ENSRNOG00000001926	0.02
ENSRNOG00000001928	15.3
ENSRNOG00000001930	25.62
ENSRNOG00000001931	54.68
ENSRNOG00000001942	0
ENSRNOG00000001943	0
ENSRNOG00000001945	0
ENSRNOG00000001949	0
ENSRNOG00000001950	0
ENSRNOG00000001951	0
ENSRNOG00000001953	3.32
ENSRNOG00000001955	0
ENSRNOG00000001956	12.86
ENSRNOG00000001957	0.05
ENSRNOG00000001958	16.29
ENSRNOG00000001959	0.58
ENSRNOG00000001960	5.95
ENSRNOG00000001962	0.07
ENSRNOG00000001963	9.88
ENSRNOG00000001964	50.12
ENSRNOG00000001967	0
ENSRNOG00000001971	7.36
ENSRNOG00000001973	0
ENSRNOG00000001976	0.15
ENSRNOG00000001979	23.52
ENSRNOG00000001980	0
ENSRNOG00000001982	5.41
ENSRNOG00000001984	0
ENSRNOG00000001986	0
ENSRNOG00000001989	49.35
ENSRNOG00000001990	0.03
ENSRNOG00000001991	146.74
ENSRNOG00000001992	95.28
ENSRNOG00000001996	24.34
ENSRNOG00000002001	17.73
ENSRNOG00000002002	0
ENSRNOG00000002004	1.18
ENSRNOG00000002005	0
ENSRNOG00000002011	0
ENSRNOG00000002012	5.68
ENSRNOG00000002013	4.81
ENSRNOG00000002014	0.34
ENSRNOG00000002021	48.77
ENSRNOG00000002024	4.11
ENSRNOG00000002026	6.12
ENSRNOG00000002028	54.34
ENSRNOG00000002031	0.14
ENSRNOG00000002032	13.65
ENSRNOG00000002035	16.42
ENSRNOG00000002036	22.04
ENSRNOG00000002039	16.29
ENSRNOG00000002040	13.82
ENSRNOG00000002041	4.04
ENSRNOG00000002042	0
ENSRNOG00000002044	5.54
ENSRNOG00000002045	14.54
ENSRNOG00000002046	0
ENSRNOG00000002050	48.07
ENSRNOG00000002051	57.61
ENSRNOG00000002052	3.81
ENSRNOG00000002053	2.29
ENSRNOG00000002054	13.07
ENSRNOG00000002055	7.1
ENSRNOG00000002057	0.86
ENSRNOG00000002061	3.16
ENSRNOG00000002069	14.23
ENSRNOG00000002070	0.12
ENSRNOG00000002072	1.12
ENSRNOG00000002073	1.85
ENSRNOG00000002074	3.01
ENSRNOG00000002075	4.98
ENSRNOG00000002079	49.55
ENSRNOG00000002080	4.44
ENSRNOG00000002085	0.17
ENSRNOG00000002089	13.12
ENSRNOG00000002091	6.02
ENSRNOG00000002092	1.26
ENSRNOG00000002093	4.56
ENSRNOG00000002094	36.46
ENSRNOG00000002097	4.14
ENSRNOG00000002100	30.77
ENSRNOG00000002101	14.54
ENSRNOG00000002104	10.6
ENSRNOG00000002105	1.9
ENSRNOG00000002106	19.25
ENSRNOG00000002110	0.4
ENSRNOG00000002112	11.02
ENSRNOG00000002115	213.38
ENSRNOG00000002116	0
ENSRNOG00000002117	0.12
ENSRNOG00000002120	1.44
ENSRNOG00000002121	20.41
ENSRNOG00000002122	6.04
ENSRNOG00000002125	109.81
ENSRNOG00000002126	18.31
ENSRNOG00000002127	0.9
ENSRNOG00000002128	7.01
ENSRNOG00000002129	19.4
ENSRNOG00000002130	0
ENSRNOG00000002134	0.95
ENSRNOG00000002135	29.74
ENSRNOG00000002137	8.26
ENSRNOG00000002139	19.2
ENSRNOG00000002141	42.42
ENSRNOG00000002142	31.54
ENSRNOG00000002144	20.58
ENSRNOG00000002145	1.57
ENSRNOG00000002146	8.41
ENSRNOG00000002149	0.02
ENSRNOG00000002151	0.09
ENSRNOG00000002152	27.96
ENSRNOG00000002153	1.88
ENSRNOG00000002154	1.73
ENSRNOG00000002158	0
ENSRNOG00000002159	3.66
ENSRNOG00000002161	0.43
ENSRNOG00000002163	10.22
ENSRNOG00000002164	1.27
ENSRNOG00000002165	2.77
ENSRNOG00000002167	0.05
ENSRNOG00000002168	0
ENSRNOG00000002169	0.63
ENSRNOG00000002171	1.49
ENSRNOG00000002174	0
ENSRNOG00000002175	12.3
ENSRNOG00000002176	8.03
ENSRNOG00000002177	7.06
ENSRNOG00000002178	14.66
ENSRNOG00000002180	4.49
ENSRNOG00000002181	2.27
ENSRNOG00000002182	22.86
ENSRNOG00000002185	6.05
ENSRNOG00000002186	30.49
ENSRNOG00000002187	0.18
ENSRNOG00000002188	0.36
ENSRNOG00000002191	2.65
ENSRNOG00000002192	4.57
ENSRNOG00000002194	17.93
ENSRNOG00000002196	29.13
ENSRNOG00000002199	16.19
ENSRNOG00000002200	0
ENSRNOG00000002202	0.87
ENSRNOG00000002203	5.26
ENSRNOG00000002204	0.27
ENSRNOG00000002205	159.8
ENSRNOG00000002207	3.8
ENSRNOG00000002208	0.35
ENSRNOG00000002210	30.48
ENSRNOG00000002212	0.6
ENSRNOG00000002214	15.5
ENSRNOG00000002215	5.9
ENSRNOG00000002216	14.79
ENSRNOG00000002217	0.26
ENSRNOG00000002218	0.9
ENSRNOG00000002223	0
ENSRNOG00000002224	0.2
ENSRNOG00000002225	94.9
ENSRNOG00000002227	6.28
ENSRNOG00000002229	134.95
ENSRNOG00000002232	3.36
ENSRNOG00000002238	5.72
ENSRNOG00000002240	20.24
ENSRNOG00000002241	3.03
ENSRNOG00000002244	18.09
ENSRNOG00000002246	67.34
ENSRNOG00000002247	7.12
ENSRNOG00000002248	20.97
ENSRNOG00000002251	19.29
ENSRNOG00000002253	2.29
ENSRNOG00000002254	23.06
ENSRNOG00000002255	31.4
ENSRNOG00000002256	3.88
ENSRNOG00000002258	13.08
ENSRNOG00000002262	42.37
ENSRNOG00000002265	1.46
ENSRNOG00000002266	0.18
ENSRNOG00000002267	4.6
ENSRNOG00000002270	71.24
ENSRNOG00000002271	12.15
ENSRNOG00000002272	6.99
ENSRNOG00000002273	5.54
ENSRNOG00000002275	18.96
ENSRNOG00000002276	6.85
ENSRNOG00000002278	3.04
ENSRNOG00000002280	67.65
ENSRNOG00000002285	0.02
ENSRNOG00000002289	0.47
ENSRNOG00000002291	2.17
ENSRNOG00000002292	55.92
ENSRNOG00000002294	9.83
ENSRNOG00000002301	31.02
ENSRNOG00000002302	0.07
ENSRNOG00000002303	13.77
ENSRNOG00000002304	0.09
ENSRNOG00000002305	10.51
ENSRNOG00000002309	0.78
ENSRNOG00000002312	2.5
ENSRNOG00000002314	0.29
ENSRNOG00000002318	35.96
ENSRNOG00000002319	23.8
ENSRNOG00000002320	24.63
ENSRNOG00000002321	0.28
ENSRNOG00000002322	6.29
ENSRNOG00000002323	9.35
ENSRNOG00000002327	6.86
ENSRNOG00000002331	0.15
ENSRNOG00000002332	4.02
ENSRNOG00000002333	0
ENSRNOG00000002336	59.94
ENSRNOG00000002338	14.02
ENSRNOG00000002339	18.33
ENSRNOG00000002340	0
ENSRNOG00000002341	2.3
ENSRNOG00000002342	23.8
ENSRNOG00000002343	417.5
ENSRNOG00000002345	21.9
ENSRNOG00000002346	0
ENSRNOG00000002347	11.25
ENSRNOG00000002349	28.18
ENSRNOG00000002350	0.35
ENSRNOG00000002352	11.15
ENSRNOG00000002353	21.27
ENSRNOG00000002358	17.04
ENSRNOG00000002360	29.27
ENSRNOG00000002361	6.04
ENSRNOG00000002364	54.3
ENSRNOG00000002365	34.8
ENSRNOG00000002368	26.06
ENSRNOG00000002369	45.53
ENSRNOG00000002372	0.71
ENSRNOG00000002373	20.39
ENSRNOG00000002376	21.33
ENSRNOG00000002378	26.87
ENSRNOG00000002379	0
ENSRNOG00000002381	0.6
ENSRNOG00000002382	0
ENSRNOG00000002385	0.36
ENSRNOG00000002387	17.86
ENSRNOG00000002388	17.61
ENSRNOG00000002389	94.62
ENSRNOG00000002391	0.23
ENSRNOG00000002393	32.56
ENSRNOG00000002394	21.34
ENSRNOG00000002396	0.06
ENSRNOG00000002397	8.48
ENSRNOG00000002403	1.12
ENSRNOG00000002407	5.73
ENSRNOG00000002408	0.41
ENSRNOG00000002412	0.12
ENSRNOG00000002413	2.46
ENSRNOG00000002414	1.28
ENSRNOG00000002417	0
ENSRNOG00000002418	5.91
ENSRNOG00000002419	3423.62
ENSRNOG00000002420	9.18
ENSRNOG00000002423	11.77
ENSRNOG00000002425	1.55
ENSRNOG00000002428	0.6
ENSRNOG00000002429	0
ENSRNOG00000002433	60.2
ENSRNOG00000002434	9.79
ENSRNOG00000002436	32.08
ENSRNOG00000002440	12.05
ENSRNOG00000002443	7.01
ENSRNOG00000002449	19.48
ENSRNOG00000002450	5.91
ENSRNOG00000002451	0.11
ENSRNOG00000002452	9.52
ENSRNOG00000002454	9.56
ENSRNOG00000002456	44.12
ENSRNOG00000002459	0.82
ENSRNOG00000002460	0
ENSRNOG00000002461	6
ENSRNOG00000002462	0.6
ENSRNOG00000002468	19.48
ENSRNOG00000002469	1.89
ENSRNOG00000002470	1.69
ENSRNOG00000002471	0.17
ENSRNOG00000002473	10.69
ENSRNOG00000002474	6.61
ENSRNOG00000002475	0
ENSRNOG00000002478	21.46
ENSRNOG00000002480	10.25
ENSRNOG00000002484	0
ENSRNOG00000002486	0.07
ENSRNOG00000002487	0
ENSRNOG00000002488	6.71
ENSRNOG00000002495	0
ENSRNOG00000002496	7.36
ENSRNOG00000002497	0
ENSRNOG00000002501	0.12
ENSRNOG00000002504	1.09
ENSRNOG00000002506	9.25
ENSRNOG00000002509	37.62
ENSRNOG00000002511	0.89
ENSRNOG00000002512	7.29
ENSRNOG00000002514	8.9
ENSRNOG00000002516	20.74
ENSRNOG00000002517	0.35
ENSRNOG00000002520	36.25
ENSRNOG00000002524	135.65
ENSRNOG00000002525	1.4
ENSRNOG00000002529	19.31
ENSRNOG00000002532	0
ENSRNOG00000002535	0
ENSRNOG00000002536	16.74
ENSRNOG00000002537	3.32
ENSRNOG00000002538	5.64
ENSRNOG00000002539	0
ENSRNOG00000002540	0.39
ENSRNOG00000002541	11.1
ENSRNOG00000002542	4.28
ENSRNOG00000002544	54.84
ENSRNOG00000002545	19.98
ENSRNOG00000002546	26.4
ENSRNOG00000002548	0.05
ENSRNOG00000002549	0.32
ENSRNOG00000002553	50.66
ENSRNOG00000002555	0
ENSRNOG00000002556	14.88
ENSRNOG00000002563	13.29
ENSRNOG00000002564	0.13
ENSRNOG00000002565	13.47
ENSRNOG00000002566	0.23
ENSRNOG00000002568	0.51
ENSRNOG00000002569	12.55
ENSRNOG00000002571	0.18
ENSRNOG00000002572	30.39
ENSRNOG00000002574	19.37
ENSRNOG00000002575	43.79
ENSRNOG00000002578	0
ENSRNOG00000002579	19.22
ENSRNOG00000002580	8.69
ENSRNOG00000002582	0.18
ENSRNOG00000002583	0
ENSRNOG00000002585	13.07
ENSRNOG00000002592	2.48
ENSRNOG00000002593	23.34
ENSRNOG00000002595	19.68
ENSRNOG00000002597	0
ENSRNOG00000002598	0
ENSRNOG00000002599	1.09
ENSRNOG00000002602	0
ENSRNOG00000002607	9.95
ENSRNOG00000002609	14.22
ENSRNOG00000002610	39.39
ENSRNOG00000002612	4.33
ENSRNOG00000002615	18.66
ENSRNOG00000002616	0.07
ENSRNOG00000002618	61.67
ENSRNOG00000002624	0.42
ENSRNOG00000002625	25.28
ENSRNOG00000002626	4
ENSRNOG00000002627	29.24
ENSRNOG00000002628	0
ENSRNOG00000002630	33.13
ENSRNOG00000002632	24.29
ENSRNOG00000002635	22.76
ENSRNOG00000002636	114.72
ENSRNOG00000002640	0
ENSRNOG00000002641	0
ENSRNOG00000002642	70.97
ENSRNOG00000002643	10.64
ENSRNOG00000002644	12.88
ENSRNOG00000002645	4.92
ENSRNOG00000002652	40.21
ENSRNOG00000002653	20.59
ENSRNOG00000002657	1.53
ENSRNOG00000002659	0.05
ENSRNOG00000002660	30.12
ENSRNOG00000002662	7.08
ENSRNOG00000002664	1.83
ENSRNOG00000002667	0.27
ENSRNOG00000002669	32.49
ENSRNOG00000002671	110.14
ENSRNOG00000002680	11.68
ENSRNOG00000002682	24.03
ENSRNOG00000002691	0.03
ENSRNOG00000002693	64.62
ENSRNOG00000002695	6.89
ENSRNOG00000002697	11
ENSRNOG00000002701	0.11
ENSRNOG00000002705	19.98
ENSRNOG00000002708	9.73
ENSRNOG00000002710	14.44
ENSRNOG00000002711	1.06
ENSRNOG00000002713	6.62
ENSRNOG00000002714	14.3
ENSRNOG00000002718	0.47
ENSRNOG00000002721	141.67
ENSRNOG00000002722	46.35
ENSRNOG00000002723	0.39
ENSRNOG00000002724	30.4
ENSRNOG00000002728	0.44
ENSRNOG00000002730	86.51
ENSRNOG00000002734	5.78
ENSRNOG00000002735	28.35
ENSRNOG00000002736	4.9
ENSRNOG00000002746	9.78
ENSRNOG00000002748	5.85
ENSRNOG00000002749	67.84
ENSRNOG00000002750	7.31
ENSRNOG00000002751	2.5
ENSRNOG00000002753	69.98
ENSRNOG00000002754	0
ENSRNOG00000002755	151.62
ENSRNOG00000002757	11.44
ENSRNOG00000002759	15.24
ENSRNOG00000002763	25.06
ENSRNOG00000002764	10.79
ENSRNOG00000002767	24.5
ENSRNOG00000002768	0.13
ENSRNOG00000002771	0
ENSRNOG00000002773	128.58
ENSRNOG00000002775	4.8
ENSRNOG00000002776	0.07
ENSRNOG00000002778	5.69
ENSRNOG00000002781	6.1
ENSRNOG00000002782	0.03
ENSRNOG00000002783	1.74
ENSRNOG00000002784	4.49
ENSRNOG00000002789	0
ENSRNOG00000002790	9.26
ENSRNOG00000002791	2.3
ENSRNOG00000002792	0.06
ENSRNOG00000002793	1.23
ENSRNOG00000002794	0
ENSRNOG00000002795	15.24
ENSRNOG00000002797	0.05
ENSRNOG00000002800	6.19
ENSRNOG00000002802	0
ENSRNOG00000002807	17.5
ENSRNOG00000002810	0.86
ENSRNOG00000002811	6.28
ENSRNOG00000002812	0.14
ENSRNOG00000002813	8.78
ENSRNOG00000002814	5.6
ENSRNOG00000002818	28.3
ENSRNOG00000002820	2.54
ENSRNOG00000002821	42.16
ENSRNOG00000002823	52.44
ENSRNOG00000002824	0.3
ENSRNOG00000002826	2.75
ENSRNOG00000002827	61.75
ENSRNOG00000002828	19.96
ENSRNOG00000002829	0
ENSRNOG00000002831	2.91
ENSRNOG00000002832	4
ENSRNOG00000002833	38.72
ENSRNOG00000002834	0.12
ENSRNOG00000002835	56.55
ENSRNOG00000002838	9.91
ENSRNOG00000002839	6.52
ENSRNOG00000002840	659.39
ENSRNOG00000002841	42.43
ENSRNOG00000002843	0.16
ENSRNOG00000002844	4.28
ENSRNOG00000002845	0
ENSRNOG00000002848	27.13
ENSRNOG00000002851	13.17
ENSRNOG00000002852	4.74
ENSRNOG00000002855	15.9
ENSRNOG00000002858	0
ENSRNOG00000002860	18.43
ENSRNOG00000002862	3.41
ENSRNOG00000002863	11.72
ENSRNOG00000002864	35.22
ENSRNOG00000002866	1.21
ENSRNOG00000002871	25.48
ENSRNOG00000002873	1.99
ENSRNOG00000002874	15.16
ENSRNOG00000002875	7.15
ENSRNOG00000002876	1.08
ENSRNOG00000002878	0.13
ENSRNOG00000002879	13.84
ENSRNOG00000002881	1.33
ENSRNOG00000002882	5.61
ENSRNOG00000002883	7.31
ENSRNOG00000002884	5.64
ENSRNOG00000002886	76.77
ENSRNOG00000002889	0.16
ENSRNOG00000002890	1.05
ENSRNOG00000002894	9.42
ENSRNOG00000002895	4.16
ENSRNOG00000002896	85.65
ENSRNOG00000002898	8.18
ENSRNOG00000002899	9.18
ENSRNOG00000002903	23.6
ENSRNOG00000002904	4.46
ENSRNOG00000002905	0.34
ENSRNOG00000002906	0.11
ENSRNOG00000002907	36.69
ENSRNOG00000002908	26.13
ENSRNOG00000002911	0.87
ENSRNOG00000002912	6.49
ENSRNOG00000002914	23.58
ENSRNOG00000002915	8.54
ENSRNOG00000002916	9.75
ENSRNOG00000002917	10.68
ENSRNOG00000002918	0.24
ENSRNOG00000002919	387.54
ENSRNOG00000002921	0
ENSRNOG00000002922	2.79
ENSRNOG00000002923	0
ENSRNOG00000002925	0
ENSRNOG00000002926	10.2
ENSRNOG00000002928	110.66
ENSRNOG00000002930	0.51
ENSRNOG00000002932	10.08
ENSRNOG00000002934	733.53
ENSRNOG00000002935	87.25
ENSRNOG00000002936	0.07
ENSRNOG00000002937	0.45
ENSRNOG00000002940	20.48
ENSRNOG00000002941	36.15
ENSRNOG00000002943	19.98
ENSRNOG00000002944	9.93
ENSRNOG00000002946	1.27
ENSRNOG00000002947	0.09
ENSRNOG00000002948	0.91
ENSRNOG00000002949	18.98
ENSRNOG00000002950	1.46
ENSRNOG00000002951	0
ENSRNOG00000002953	0.93
ENSRNOG00000002956	14.63
ENSRNOG00000002959	1.9
ENSRNOG00000002960	6.8
ENSRNOG00000002963	17.68
ENSRNOG00000002964	0
ENSRNOG00000002968	0.25
ENSRNOG00000002969	13.71
ENSRNOG00000002970	3.04
ENSRNOG00000002972	3.26
ENSRNOG00000002974	0
ENSRNOG00000002975	0
ENSRNOG00000002976	0.78
ENSRNOG00000002977	29.2
ENSRNOG00000002978	0.71
ENSRNOG00000002979	0.74
ENSRNOG00000002980	11.63
ENSRNOG00000002983	29.51
ENSRNOG00000002984	0.41
ENSRNOG00000002986	0.87
ENSRNOG00000002989	31.32
ENSRNOG00000002991	18.98
ENSRNOG00000002997	24.59
ENSRNOG00000002999	18.34
ENSRNOG00000003003	10.91
ENSRNOG00000003005	5
ENSRNOG00000003008	0
ENSRNOG00000003009	0
ENSRNOG00000003011	25.26
ENSRNOG00000003013	5.77
ENSRNOG00000003014	11.06
ENSRNOG00000003018	6.48
ENSRNOG00000003019	9.67
ENSRNOG00000003020	0.06
ENSRNOG00000003025	43.71
ENSRNOG00000003026	28.58
ENSRNOG00000003027	0
ENSRNOG00000003028	0.13
ENSRNOG00000003029	210.44
ENSRNOG00000003030	0.26
ENSRNOG00000003031	4.98
ENSRNOG00000003033	3.56
ENSRNOG00000003035	0
ENSRNOG00000003038	1.98
ENSRNOG00000003039	0
ENSRNOG00000003041	6.53
ENSRNOG00000003042	6.09
ENSRNOG00000003048	16.2
ENSRNOG00000003049	8.79
ENSRNOG00000003050	39.73
ENSRNOG00000003052	9.25
ENSRNOG00000003054	0
ENSRNOG00000003059	0.44
ENSRNOG00000003062	11.57
ENSRNOG00000003063	7.54
ENSRNOG00000003064	0
ENSRNOG00000003065	50.49
ENSRNOG00000003066	0.74
ENSRNOG00000003067	0.14
ENSRNOG00000003068	3.21
ENSRNOG00000003069	6.6
ENSRNOG00000003070	6.63
ENSRNOG00000003071	16.55
ENSRNOG00000003073	4.06
ENSRNOG00000003075	4.53
ENSRNOG00000003076	17.92
ENSRNOG00000003078	22.71
ENSRNOG00000003080	0
ENSRNOG00000003081	2.99
ENSRNOG00000003084	20.23
ENSRNOG00000003085	0
ENSRNOG00000003086	19.6
ENSRNOG00000003088	7.19
ENSRNOG00000003094	0.03
ENSRNOG00000003095	0
ENSRNOG00000003098	6.41
ENSRNOG00000003099	59.52
ENSRNOG00000003100	5.54
ENSRNOG00000003104	3.55
ENSRNOG00000003105	2.88
ENSRNOG00000003108	15.84
ENSRNOG00000003109	7.27
ENSRNOG00000003110	0
ENSRNOG00000003111	4.48
ENSRNOG00000003114	6.48
ENSRNOG00000003115	0
ENSRNOG00000003116	11.07
ENSRNOG00000003117	36.71
ENSRNOG00000003119	0
ENSRNOG00000003120	4.56
ENSRNOG00000003121	21.23
ENSRNOG00000003122	6.17
ENSRNOG00000003123	20.25
ENSRNOG00000003125	88.3
ENSRNOG00000003127	6.41
ENSRNOG00000003129	5.31
ENSRNOG00000003131	24.52
ENSRNOG00000003132	0.48
ENSRNOG00000003134	40.1
ENSRNOG00000003135	0
ENSRNOG00000003136	0.23
ENSRNOG00000003137	0
ENSRNOG00000003139	31.02
ENSRNOG00000003143	2.23
ENSRNOG00000003144	0.71
ENSRNOG00000003147	201.13
ENSRNOG00000003148	88.62
ENSRNOG00000003149	15.92
ENSRNOG00000003150	160.95
ENSRNOG00000003151	11.04
ENSRNOG00000003158	0.55
ENSRNOG00000003160	0
ENSRNOG00000003163	108.51
ENSRNOG00000003164	0.07
ENSRNOG00000003170	0.76
ENSRNOG00000003171	0.9
ENSRNOG00000003172	1.25
ENSRNOG00000003174	13.75
ENSRNOG00000003176	0.3
ENSRNOG00000003177	35.11
ENSRNOG00000003178	18.83
ENSRNOG00000003183	1
ENSRNOG00000003185	12.96
ENSRNOG00000003186	9.31
ENSRNOG00000003187	8.32
ENSRNOG00000003189	1.28
ENSRNOG00000003191	15.58
ENSRNOG00000003194	0.58
ENSRNOG00000003195	36.34
ENSRNOG00000003198	105.74
ENSRNOG00000003201	82.16
ENSRNOG00000003203	22.13
ENSRNOG00000003205	6.51
ENSRNOG00000003206	66.61
ENSRNOG00000003207	29.63
ENSRNOG00000003208	0.11
ENSRNOG00000003209	65.41
ENSRNOG00000003210	0
ENSRNOG00000003211	21.16
ENSRNOG00000003213	5.85
ENSRNOG00000003214	8.14
ENSRNOG00000003215	3.8
ENSRNOG00000003217	6.19
ENSRNOG00000003218	4.6
ENSRNOG00000003219	2.94
ENSRNOG00000003220	76.52
ENSRNOG00000003221	0.09
ENSRNOG00000003223	65.43
ENSRNOG00000003224	4.08
ENSRNOG00000003226	50.49
ENSRNOG00000003227	0
ENSRNOG00000003228	59.68
ENSRNOG00000003229	396.44
ENSRNOG00000003232	32.44
ENSRNOG00000003233	0.21
ENSRNOG00000003234	86.93
ENSRNOG00000003235	15.96
ENSRNOG00000003237	11.24
ENSRNOG00000003239	13.93
ENSRNOG00000003241	34.08
ENSRNOG00000003242	2.97
ENSRNOG00000003243	6.22
ENSRNOG00000003244	7
ENSRNOG00000003245	0.49
ENSRNOG00000003247	6.42
ENSRNOG00000003248	27.64
ENSRNOG00000003251	4.65
ENSRNOG00000003253	443.56
ENSRNOG00000003254	0.92
ENSRNOG00000003256	44.79
ENSRNOG00000003258	6.95
ENSRNOG00000003259	0.77
ENSRNOG00000003260	10.99
ENSRNOG00000003261	36.45
ENSRNOG00000003262	35.43
ENSRNOG00000003263	0.29
ENSRNOG00000003264	12.63
ENSRNOG00000003266	1.16
ENSRNOG00000003267	14.1
ENSRNOG00000003268	3.96
ENSRNOG00000003269	8.46
ENSRNOG00000003273	0.32
ENSRNOG00000003275	0.39
ENSRNOG00000003276	31.12
ENSRNOG00000003278	3.36
ENSRNOG00000003279	4.62
ENSRNOG00000003280	41.74
ENSRNOG00000003281	2.99
ENSRNOG00000003283	6.95
ENSRNOG00000003284	5.75
ENSRNOG00000003285	2.73
ENSRNOG00000003287	0.66
ENSRNOG00000003288	7.85
ENSRNOG00000003289	70.05
ENSRNOG00000003291	16.32
ENSRNOG00000003294	0
ENSRNOG00000003296	14
ENSRNOG00000003298	0.26
ENSRNOG00000003300	2.52
ENSRNOG00000003302	23.69
ENSRNOG00000003304	1.46
ENSRNOG00000003305	0.04
ENSRNOG00000003307	31.17
ENSRNOG00000003310	14.16
ENSRNOG00000003313	4.71
ENSRNOG00000003326	17.22
ENSRNOG00000003328	81.41
ENSRNOG00000003329	5.67
ENSRNOG00000003330	18.06
ENSRNOG00000003332	8.18
ENSRNOG00000003334	7.17
ENSRNOG00000003336	23.98
ENSRNOG00000003338	37.2
ENSRNOG00000003342	0.25
ENSRNOG00000003343	126.81
ENSRNOG00000003345	0
ENSRNOG00000003346	1.13
ENSRNOG00000003347	0
ENSRNOG00000003348	13.87
ENSRNOG00000003349	0.47
ENSRNOG00000003350	8.6
ENSRNOG00000003354	0.5
ENSRNOG00000003357	2.14
ENSRNOG00000003359	81.98
ENSRNOG00000003365	84.78
ENSRNOG00000003367	1.01
ENSRNOG00000003370	0.19
ENSRNOG00000003374	4.15
ENSRNOG00000003377	0
ENSRNOG00000003384	0.29
ENSRNOG00000003385	64.58
ENSRNOG00000003386	36.06
ENSRNOG00000003388	0.19
ENSRNOG00000003392	60.45
ENSRNOG00000003395	0.18
ENSRNOG00000003397	8.22
ENSRNOG00000003398	26.74
ENSRNOG00000003399	74.76
ENSRNOG00000003400	1.65
ENSRNOG00000003401	0.48
ENSRNOG00000003402	45.95
ENSRNOG00000003403	7.07
ENSRNOG00000003407	0.7
ENSRNOG00000003409	0.44
ENSRNOG00000003424	13.36
ENSRNOG00000003428	54.6
ENSRNOG00000003430	0.02
ENSRNOG00000003434	9.71
ENSRNOG00000003435	3.34
ENSRNOG00000003439	3.43
ENSRNOG00000003442	49.16
ENSRNOG00000003443	0.47
ENSRNOG00000003452	0.31
ENSRNOG00000003453	27.5
ENSRNOG00000003455	6.55
ENSRNOG00000003456	0
ENSRNOG00000003457	0.38
ENSRNOG00000003461	16.14
ENSRNOG00000003463	37.45
ENSRNOG00000003464	31.9
ENSRNOG00000003468	0.02
ENSRNOG00000003469	22.08
ENSRNOG00000003470	15.62
ENSRNOG00000003472	3.75
ENSRNOG00000003476	0.08
ENSRNOG00000003479	8.98
ENSRNOG00000003480	1.32
ENSRNOG00000003486	0
ENSRNOG00000003491	14.53
ENSRNOG00000003494	15.17
ENSRNOG00000003495	46.17
ENSRNOG00000003496	16.99
ENSRNOG00000003497	2.71
ENSRNOG00000003498	0
ENSRNOG00000003500	0.15
ENSRNOG00000003501	0.08
ENSRNOG00000003504	26.9
ENSRNOG00000003506	35.92
ENSRNOG00000003508	32.44
ENSRNOG00000003509	0.14
ENSRNOG00000003510	0.61
ENSRNOG00000003512	92.85
ENSRNOG00000003515	8.08
ENSRNOG00000003517	1.65
ENSRNOG00000003518	0
ENSRNOG00000003520	241.08
ENSRNOG00000003521	0
ENSRNOG00000003522	2.42
ENSRNOG00000003524	39.95
ENSRNOG00000003526	1.33
ENSRNOG00000003531	0
ENSRNOG00000003532	0
ENSRNOG00000003533	32.61
ENSRNOG00000003536	17.04
ENSRNOG00000003537	0.7
ENSRNOG00000003538	27.51
ENSRNOG00000003541	11.96
ENSRNOG00000003542	183.47
ENSRNOG00000003543	1.04
ENSRNOG00000003544	0.08
ENSRNOG00000003545	9.09
ENSRNOG00000003546	2.94
ENSRNOG00000003548	0
ENSRNOG00000003549	31.12
ENSRNOG00000003550	15.25
ENSRNOG00000003551	14.43
ENSRNOG00000003553	3.41
ENSRNOG00000003554	18.06
ENSRNOG00000003555	0
ENSRNOG00000003559	4.04
ENSRNOG00000003560	0
ENSRNOG00000003562	25.43
ENSRNOG00000003563	17.41
ENSRNOG00000003566	0
ENSRNOG00000003567	6.84
ENSRNOG00000003569	0.03
ENSRNOG00000003575	0.16
ENSRNOG00000003576	5
ENSRNOG00000003578	8.32
ENSRNOG00000003580	0
ENSRNOG00000003581	2.71
ENSRNOG00000003583	30.52
ENSRNOG00000003585	3.37
ENSRNOG00000003587	0.35
ENSRNOG00000003588	0.08
ENSRNOG00000003590	53.15
ENSRNOG00000003592	12.4
ENSRNOG00000003594	35.9
ENSRNOG00000003595	0.39
ENSRNOG00000003596	0.56
ENSRNOG00000003597	215.41
ENSRNOG00000003599	11.31
ENSRNOG00000003600	6.41
ENSRNOG00000003601	0.04
ENSRNOG00000003603	47.91
ENSRNOG00000003606	11.87
ENSRNOG00000003611	50.59
ENSRNOG00000003613	1.46
ENSRNOG00000003614	17.43
ENSRNOG00000003616	8.7
ENSRNOG00000003620	0.08
ENSRNOG00000003622	0.65
ENSRNOG00000003625	26.67
ENSRNOG00000003626	138.23
ENSRNOG00000003629	4.2
ENSRNOG00000003633	0
ENSRNOG00000003634	3.13
ENSRNOG00000003635	2.19
ENSRNOG00000003643	3.82
ENSRNOG00000003645	4.05
ENSRNOG00000003648	0.21
ENSRNOG00000003649	8.61
ENSRNOG00000003650	2.23
ENSRNOG00000003653	39.92
ENSRNOG00000003654	3.29
ENSRNOG00000003657	0.6
ENSRNOG00000003661	15.41
ENSRNOG00000003666	2.28
ENSRNOG00000003668	0
ENSRNOG00000003669	0.06
ENSRNOG00000003670	51.56
ENSRNOG00000003671	0
ENSRNOG00000003672	0.02
ENSRNOG00000003673	7.74
ENSRNOG00000003674	6.22
ENSRNOG00000003675	4.4
ENSRNOG00000003679	11.12
ENSRNOG00000003680	58.18
ENSRNOG00000003681	0.03
ENSRNOG00000003682	5.54
ENSRNOG00000003683	0
ENSRNOG00000003686	18.26
ENSRNOG00000003687	41.87
ENSRNOG00000003688	0
ENSRNOG00000003689	44.73
ENSRNOG00000003691	34.67
ENSRNOG00000003694	11.83
ENSRNOG00000003695	0.05
ENSRNOG00000003698	0
ENSRNOG00000003699	3.71
ENSRNOG00000003703	2.08
ENSRNOG00000003704	2.03
ENSRNOG00000003705	0.26
ENSRNOG00000003706	49.41
ENSRNOG00000003707	29.42
ENSRNOG00000003709	0.22
ENSRNOG00000003712	13.5
ENSRNOG00000003713	0
ENSRNOG00000003714	29.74
ENSRNOG00000003715	0.09
ENSRNOG00000003716	0.16
ENSRNOG00000003717	9.99
ENSRNOG00000003718	0.05
ENSRNOG00000003719	14.11
ENSRNOG00000003720	6.43
ENSRNOG00000003721	8.79
ENSRNOG00000003722	0
ENSRNOG00000003723	23.27
ENSRNOG00000003724	44.2
ENSRNOG00000003726	0.53
ENSRNOG00000003728	14.22
ENSRNOG00000003732	7.6
ENSRNOG00000003734	0.21
ENSRNOG00000003736	5.82
ENSRNOG00000003737	0.03
ENSRNOG00000003738	0.56
ENSRNOG00000003740	0
ENSRNOG00000003741	6.03
ENSRNOG00000003742	18.96
ENSRNOG00000003743	22.62
ENSRNOG00000003745	0.49
ENSRNOG00000003746	44.02
ENSRNOG00000003747	54.21
ENSRNOG00000003748	0.12
ENSRNOG00000003749	2.55
ENSRNOG00000003755	2.64
ENSRNOG00000003756	8.06
ENSRNOG00000003759	4.1
ENSRNOG00000003762	3.84
ENSRNOG00000003763	15.99
ENSRNOG00000003765	0.04
ENSRNOG00000003767	16.59
ENSRNOG00000003769	28.72
ENSRNOG00000003772	8.57
ENSRNOG00000003773	45.9
ENSRNOG00000003776	0
ENSRNOG00000003777	0.4
ENSRNOG00000003778	8.69
ENSRNOG00000003779	17.12
ENSRNOG00000003781	1.94
ENSRNOG00000003782	16.73
ENSRNOG00000003783	0.23
ENSRNOG00000003784	2.34
ENSRNOG00000003785	0.76
ENSRNOG00000003786	11.32
ENSRNOG00000003787	4.61
ENSRNOG00000003789	0.27
ENSRNOG00000003790	0.16
ENSRNOG00000003792	11.52
ENSRNOG00000003794	6.57
ENSRNOG00000003795	12.71
ENSRNOG00000003797	30.7
ENSRNOG00000003800	112.32
ENSRNOG00000003802	0.43
ENSRNOG00000003803	28.85
ENSRNOG00000003805	8.26
ENSRNOG00000003806	0.18
ENSRNOG00000003807	8.78
ENSRNOG00000003809	62.65
ENSRNOG00000003812	31.88
ENSRNOG00000003813	0.99
ENSRNOG00000003815	66.95
ENSRNOG00000003816	10.26
ENSRNOG00000003821	14.03
ENSRNOG00000003822	22.89
ENSRNOG00000003825	10.03
ENSRNOG00000003827	25.09
ENSRNOG00000003829	25.68
ENSRNOG00000003831	2.21
ENSRNOG00000003832	3.46
ENSRNOG00000003833	28.38
ENSRNOG00000003834	45.56
ENSRNOG00000003835	23.82
ENSRNOG00000003836	0
ENSRNOG00000003837	8.55
ENSRNOG00000003840	1.97
ENSRNOG00000003841	3.33
ENSRNOG00000003844	24.22
ENSRNOG00000003845	3.28
ENSRNOG00000003846	132.76
ENSRNOG00000003847	26.54
ENSRNOG00000003848	10.43
ENSRNOG00000003849	19.77
ENSRNOG00000003853	85.97
ENSRNOG00000003855	30.54
ENSRNOG00000003858	94.35
ENSRNOG00000003860	0.21
ENSRNOG00000003861	6.36
ENSRNOG00000003863	38.49
ENSRNOG00000003864	28.74
ENSRNOG00000003865	1.39
ENSRNOG00000003866	2.25
ENSRNOG00000003869	15.37
ENSRNOG00000003870	1.38
ENSRNOG00000003872	3.6
ENSRNOG00000003873	34.72
ENSRNOG00000003875	8.33
ENSRNOG00000003878	0.94
ENSRNOG00000003879	40.77
ENSRNOG00000003880	0.27
ENSRNOG00000003881	35.42
ENSRNOG00000003882	7.02
ENSRNOG00000003883	2.56
ENSRNOG00000003884	0
ENSRNOG00000003887	33.92
ENSRNOG00000003888	0
ENSRNOG00000003889	16.12
ENSRNOG00000003890	80.82
ENSRNOG00000003891	6.42
ENSRNOG00000003893	3.26
ENSRNOG00000003895	0.09
ENSRNOG00000003897	2.48
ENSRNOG00000003899	0
ENSRNOG00000003901	71.09
ENSRNOG00000003902	0
ENSRNOG00000003905	224.23
ENSRNOG00000003908	2
ENSRNOG00000003915	7.07
ENSRNOG00000003917	7.42
ENSRNOG00000003918	10.68
ENSRNOG00000003919	15.74
ENSRNOG00000003923	47.28
ENSRNOG00000003924	3.95
ENSRNOG00000003925	0.31
ENSRNOG00000003927	0.94
ENSRNOG00000003928	21.9
ENSRNOG00000003929	3.45
ENSRNOG00000003931	10.87
ENSRNOG00000003936	10.06
ENSRNOG00000003942	20.55
ENSRNOG00000003946	8.72
ENSRNOG00000003947	6.05
ENSRNOG00000003948	35.14
ENSRNOG00000003949	2.06
ENSRNOG00000003950	0.19
ENSRNOG00000003951	98.35
ENSRNOG00000003952	0.41
ENSRNOG00000003953	33.56
ENSRNOG00000003954	0.55
ENSRNOG00000003955	9.15
ENSRNOG00000003956	7.1
ENSRNOG00000003958	15.7
ENSRNOG00000003959	0.36
ENSRNOG00000003960	0.1
ENSRNOG00000003964	8.04
ENSRNOG00000003965	0.06
ENSRNOG00000003967	58.95
ENSRNOG00000003969	7.8
ENSRNOG00000003970	41.75
ENSRNOG00000003971	13.5
ENSRNOG00000003972	0.05
ENSRNOG00000003973	19.27
ENSRNOG00000003975	142.16
ENSRNOG00000003977	19.47
ENSRNOG00000003979	2.39
ENSRNOG00000003980	35.52
ENSRNOG00000003981	6.09
ENSRNOG00000003983	36.15
ENSRNOG00000003984	10.08
ENSRNOG00000003985	8.2
ENSRNOG00000003988	34.71
ENSRNOG00000003990	65.99
ENSRNOG00000003991	0.13
ENSRNOG00000003992	1.11
ENSRNOG00000003993	7.29
ENSRNOG00000003997	2.79
ENSRNOG00000003998	5.25
ENSRNOG00000003999	15.37
ENSRNOG00000004000	3.08
ENSRNOG00000004001	7.98
ENSRNOG00000004003	6.08
ENSRNOG00000004004	4.73
ENSRNOG00000004006	19.61
ENSRNOG00000004009	0.13
ENSRNOG00000004011	3.41
ENSRNOG00000004013	5.16
ENSRNOG00000004014	12.41
ENSRNOG00000004016	16.89
ENSRNOG00000004018	0.48
ENSRNOG00000004019	9.04
ENSRNOG00000004022	1.24
ENSRNOG00000004026	178.75
ENSRNOG00000004027	29.91
ENSRNOG00000004029	0.22
ENSRNOG00000004030	0.79
ENSRNOG00000004032	30.33
ENSRNOG00000004033	28.44
ENSRNOG00000004035	9.21
ENSRNOG00000004036	15.76
ENSRNOG00000004040	3.06
ENSRNOG00000004048	14.27
ENSRNOG00000004049	65.45
ENSRNOG00000004050	26.38
ENSRNOG00000004057	19.87
ENSRNOG00000004059	4.36
ENSRNOG00000004060	850.6
ENSRNOG00000004061	40.89
ENSRNOG00000004062	0
ENSRNOG00000004063	1.26
ENSRNOG00000004066	0.18
ENSRNOG00000004067	39.16
ENSRNOG00000004068	28.98
ENSRNOG00000004072	9.83
ENSRNOG00000004075	1.32
ENSRNOG00000004076	3.1
ENSRNOG00000004077	75.92
ENSRNOG00000004078	4.42
ENSRNOG00000004083	15.29
ENSRNOG00000004084	15.54
ENSRNOG00000004085	14.09
ENSRNOG00000004089	178.42
ENSRNOG00000004090	3.49
ENSRNOG00000004091	5.54
ENSRNOG00000004092	0
ENSRNOG00000004093	8.81
ENSRNOG00000004094	3.89
ENSRNOG00000004099	18.62
ENSRNOG00000004100	1.27
ENSRNOG00000004101	0.56
ENSRNOG00000004103	36.36
ENSRNOG00000004104	2
ENSRNOG00000004107	172.47
ENSRNOG00000004108	0.15
ENSRNOG00000004109	2.96
ENSRNOG00000004110	12.83
ENSRNOG00000004111	8.22
ENSRNOG00000004112	0.2
ENSRNOG00000004117	3.34
ENSRNOG00000004118	14.1
ENSRNOG00000004120	1.02
ENSRNOG00000004122	0.03
ENSRNOG00000004124	0.25
ENSRNOG00000004125	0.64
ENSRNOG00000004127	11.5
ENSRNOG00000004130	16.43
ENSRNOG00000004131	17.89
ENSRNOG00000004132	46.45
ENSRNOG00000004133	1.78
ENSRNOG00000004135	7.88
ENSRNOG00000004137	4.84
ENSRNOG00000004139	29.85
ENSRNOG00000004140	3.29
ENSRNOG00000004141	3.44
ENSRNOG00000004142	0
ENSRNOG00000004143	42.45
ENSRNOG00000004144	17.18
ENSRNOG00000004145	2.63
ENSRNOG00000004146	25.82
ENSRNOG00000004147	50.52
ENSRNOG00000004148	36.3
ENSRNOG00000004149	1.41
ENSRNOG00000004150	12.59
ENSRNOG00000004152	17.71
ENSRNOG00000004155	7.9
ENSRNOG00000004158	2.41
ENSRNOG00000004159	30.84
ENSRNOG00000004160	4.03
ENSRNOG00000004161	7.41
ENSRNOG00000004162	8.59
ENSRNOG00000004163	0
ENSRNOG00000004165	8.12
ENSRNOG00000004168	19.45
ENSRNOG00000004169	19.66
ENSRNOG00000004171	0.97
ENSRNOG00000004172	73.71
ENSRNOG00000004177	0.19
ENSRNOG00000004179	1.69
ENSRNOG00000004180	5.75
ENSRNOG00000004181	9.72
ENSRNOG00000004183	6.28
ENSRNOG00000004185	15.19
ENSRNOG00000004186	20.59
ENSRNOG00000004188	0.61
ENSRNOG00000004189	4.92
ENSRNOG00000004192	1.09
ENSRNOG00000004193	17.92
ENSRNOG00000004195	0.18
ENSRNOG00000004196	356.46
ENSRNOG00000004197	0.04
ENSRNOG00000004198	13.87
ENSRNOG00000004199	0.34
ENSRNOG00000004200	19.26
ENSRNOG00000004201	25.93
ENSRNOG00000004205	2.36
ENSRNOG00000004206	16.64
ENSRNOG00000004207	6.42
ENSRNOG00000004208	6.45
ENSRNOG00000004210	0.24
ENSRNOG00000004212	6.54
ENSRNOG00000004214	117.53
ENSRNOG00000004216	0
ENSRNOG00000004217	1.49
ENSRNOG00000004218	7.83
ENSRNOG00000004219	21.2
ENSRNOG00000004220	14.42
ENSRNOG00000004221	3.25
ENSRNOG00000004222	0
ENSRNOG00000004225	0.23
ENSRNOG00000004226	4.4
ENSRNOG00000004229	10.52
ENSRNOG00000004232	3.66
ENSRNOG00000004234	8.74
ENSRNOG00000004239	5.49
ENSRNOG00000004242	0.61
ENSRNOG00000004245	90.33
ENSRNOG00000004246	27.43
ENSRNOG00000004247	0.77
ENSRNOG00000004249	1.85
ENSRNOG00000004252	26.79
ENSRNOG00000004255	28.7
ENSRNOG00000004257	12.76
ENSRNOG00000004258	2.91
ENSRNOG00000004259	21.2
ENSRNOG00000004262	5.18
ENSRNOG00000004263	8.49
ENSRNOG00000004265	0.55
ENSRNOG00000004268	10.66
ENSRNOG00000004269	28.44
ENSRNOG00000004273	1.82
ENSRNOG00000004275	1.77
ENSRNOG00000004276	7.55
ENSRNOG00000004278	0.02
ENSRNOG00000004279	4.56
ENSRNOG00000004280	21.62
ENSRNOG00000004281	9.26
ENSRNOG00000004282	8.73
ENSRNOG00000004283	57.72
ENSRNOG00000004284	17.68
ENSRNOG00000004287	11.04
ENSRNOG00000004288	4.99
ENSRNOG00000004290	10.66
ENSRNOG00000004291	169.5
ENSRNOG00000004292	34.69
ENSRNOG00000004294	2.82
ENSRNOG00000004296	0.03
ENSRNOG00000004298	0.12
ENSRNOG00000004300	12.79
ENSRNOG00000004301	12.87
ENSRNOG00000004302	0.38
ENSRNOG00000004303	37.53
ENSRNOG00000004304	14.48
ENSRNOG00000004305	7.94
ENSRNOG00000004306	4.51
ENSRNOG00000004307	5.38
ENSRNOG00000004310	14.81
ENSRNOG00000004311	1.75
ENSRNOG00000004312	30.52
ENSRNOG00000004314	15.28
ENSRNOG00000004316	3.89
ENSRNOG00000004317	5.93
ENSRNOG00000004319	0
ENSRNOG00000004320	1.59
ENSRNOG00000004322	26.43
ENSRNOG00000004327	1.8
ENSRNOG00000004328	14.47
ENSRNOG00000004330	0.66
ENSRNOG00000004332	2.08
ENSRNOG00000004333	77.7
ENSRNOG00000004337	17.24
ENSRNOG00000004339	28.5
ENSRNOG00000004341	0.02
ENSRNOG00000004342	2.64
ENSRNOG00000004344	17.03
ENSRNOG00000004345	20.3
ENSRNOG00000004346	5.07
ENSRNOG00000004351	5.02
ENSRNOG00000004353	13.38
ENSRNOG00000004356	0
ENSRNOG00000004359	26.94
ENSRNOG00000004360	8.5
ENSRNOG00000004361	1.64
ENSRNOG00000004362	15.47
ENSRNOG00000004364	23.56
ENSRNOG00000004367	4
ENSRNOG00000004372	2.55
ENSRNOG00000004373	7.97
ENSRNOG00000004377	13.16
ENSRNOG00000004378	5.6
ENSRNOG00000004380	0.06
ENSRNOG00000004381	0
ENSRNOG00000004382	34.29
ENSRNOG00000004387	3.15
ENSRNOG00000004390	0.11
ENSRNOG00000004391	0.09
ENSRNOG00000004392	113.49
ENSRNOG00000004393	0.04
ENSRNOG00000004395	18.18
ENSRNOG00000004398	0.15
ENSRNOG00000004399	0.95
ENSRNOG00000004400	0.54
ENSRNOG00000004401	29.11
ENSRNOG00000004402	41.98
ENSRNOG00000004403	4.1
ENSRNOG00000004404	0.24
ENSRNOG00000004405	0.04
ENSRNOG00000004409	1.63
ENSRNOG00000004410	2.45
ENSRNOG00000004411	3.21
ENSRNOG00000004412	0.57
ENSRNOG00000004414	4.17
ENSRNOG00000004415	10.84
ENSRNOG00000004417	1.45
ENSRNOG00000004419	0
ENSRNOG00000004420	50.04
ENSRNOG00000004421	5.1
ENSRNOG00000004423	27.27
ENSRNOG00000004424	3.31
ENSRNOG00000004425	4.94
ENSRNOG00000004426	213.45
ENSRNOG00000004430	12.83
ENSRNOG00000004437	9.26
ENSRNOG00000004438	111.6
ENSRNOG00000004440	0.22
ENSRNOG00000004441	0.31
ENSRNOG00000004442	2.14
ENSRNOG00000004443	0.09
ENSRNOG00000004444	1.85
ENSRNOG00000004448	1.9
ENSRNOG00000004449	15.52
ENSRNOG00000004451	0.06
ENSRNOG00000004452	0.12
ENSRNOG00000004453	0.58
ENSRNOG00000004456	0.28
ENSRNOG00000004457	0.22
ENSRNOG00000004458	7.83
ENSRNOG00000004459	12.25
ENSRNOG00000004461	11.49
ENSRNOG00000004464	39.53
ENSRNOG00000004466	12.56
ENSRNOG00000004470	0
ENSRNOG00000004471	14.27
ENSRNOG00000004473	15.87
ENSRNOG00000004474	50.93
ENSRNOG00000004476	2.07
ENSRNOG00000004477	34.18
ENSRNOG00000004479	5.55
ENSRNOG00000004481	30.76
ENSRNOG00000004482	8.89
ENSRNOG00000004483	3.04
ENSRNOG00000004484	7.4
ENSRNOG00000004487	0.29
ENSRNOG00000004488	0.05
ENSRNOG00000004489	4.13
ENSRNOG00000004492	4.27
ENSRNOG00000004493	3.6
ENSRNOG00000004494	18.74
ENSRNOG00000004496	23.41
ENSRNOG00000004498	0
ENSRNOG00000004499	1.41
ENSRNOG00000004500	1.41
ENSRNOG00000004501	0
ENSRNOG00000004502	0.42
ENSRNOG00000004503	1.65
ENSRNOG00000004505	23.39
ENSRNOG00000004509	27.27
ENSRNOG00000004510	31.11
ENSRNOG00000004512	5.07
ENSRNOG00000004515	24.31
ENSRNOG00000004516	2.28
ENSRNOG00000004517	2.21
ENSRNOG00000004518	29.42
ENSRNOG00000004519	16.87
ENSRNOG00000004520	9.57
ENSRNOG00000004521	20.27
ENSRNOG00000004524	7.68
ENSRNOG00000004526	97.06
ENSRNOG00000004527	2.52
ENSRNOG00000004531	1.2
ENSRNOG00000004532	19.61
ENSRNOG00000004534	2.12
ENSRNOG00000004535	1.46
ENSRNOG00000004537	16.61
ENSRNOG00000004538	13.05
ENSRNOG00000004540	1.96
ENSRNOG00000004542	5.09
ENSRNOG00000004544	39.85
ENSRNOG00000004549	14.25
ENSRNOG00000004553	36.36
ENSRNOG00000004554	3.56
ENSRNOG00000004555	0.61
ENSRNOG00000004556	12.59
ENSRNOG00000004560	11.21
ENSRNOG00000004563	4.18
ENSRNOG00000004564	0.22
ENSRNOG00000004566	3.33
ENSRNOG00000004571	1.79
ENSRNOG00000004572	2.41
ENSRNOG00000004574	4.63
ENSRNOG00000004575	0.2
ENSRNOG00000004577	12.18
ENSRNOG00000004578	0.9
ENSRNOG00000004581	46.8
ENSRNOG00000004582	0.19
ENSRNOG00000004583	1.16
ENSRNOG00000004585	5.86
ENSRNOG00000004588	3.01
ENSRNOG00000004589	16.92
ENSRNOG00000004591	5.88
ENSRNOG00000004595	10.86
ENSRNOG00000004598	5.89
ENSRNOG00000004601	0.04
ENSRNOG00000004602	26.91
ENSRNOG00000004603	11.77
ENSRNOG00000004604	22.51
ENSRNOG00000004606	4.73
ENSRNOG00000004608	38.4
ENSRNOG00000004610	1.02
ENSRNOG00000004612	114.43
ENSRNOG00000004613	291.25
ENSRNOG00000004614	0.97
ENSRNOG00000004616	37.39
ENSRNOG00000004621	169.71
ENSRNOG00000004623	0
ENSRNOG00000004624	6.15
ENSRNOG00000004626	0.09
ENSRNOG00000004628	108.46
ENSRNOG00000004629	82.07
ENSRNOG00000004630	0.01
ENSRNOG00000004632	0
ENSRNOG00000004633	0
ENSRNOG00000004635	0
ENSRNOG00000004637	25.04
ENSRNOG00000004639	5.69
ENSRNOG00000004640	3.97
ENSRNOG00000004641	1.35
ENSRNOG00000004642	0.06
ENSRNOG00000004645	0.3
ENSRNOG00000004646	0
ENSRNOG00000004647	0
ENSRNOG00000004649	0.09
ENSRNOG00000004650	40.47
ENSRNOG00000004657	22.37
ENSRNOG00000004659	10.37
ENSRNOG00000004660	4.91
ENSRNOG00000004661	0.14
ENSRNOG00000004662	0.12
ENSRNOG00000004666	9.61
ENSRNOG00000004667	0.45
ENSRNOG00000004668	3.06
ENSRNOG00000004670	7.2
ENSRNOG00000004672	20.36
ENSRNOG00000004673	2.14
ENSRNOG00000004676	13.19
ENSRNOG00000004677	42.38
ENSRNOG00000004678	0
ENSRNOG00000004679	5.68
ENSRNOG00000004680	159.02
ENSRNOG00000004681	22
ENSRNOG00000004682	0.04
ENSRNOG00000004685	22.47
ENSRNOG00000004686	56.62
ENSRNOG00000004687	1.06
ENSRNOG00000004688	25.66
ENSRNOG00000004692	0.08
ENSRNOG00000004693	18.25
ENSRNOG00000004695	50.48
ENSRNOG00000004696	27.51
ENSRNOG00000004697	30.59
ENSRNOG00000004698	0.26
ENSRNOG00000004699	3.86
ENSRNOG00000004700	4.31
ENSRNOG00000004703	0.34
ENSRNOG00000004704	0
ENSRNOG00000004706	0.28
ENSRNOG00000004708	0.16
ENSRNOG00000004709	24.68
ENSRNOG00000004710	3.78
ENSRNOG00000004711	25.46
ENSRNOG00000004712	0.3
ENSRNOG00000004713	13.37
ENSRNOG00000004717	0.19
ENSRNOG00000004719	4.99
ENSRNOG00000004720	7.33
ENSRNOG00000004723	25.09
ENSRNOG00000004725	0.06
ENSRNOG00000004726	20.87
ENSRNOG00000004727	2.63
ENSRNOG00000004730	43.37
ENSRNOG00000004731	35.2
ENSRNOG00000004733	3.36
ENSRNOG00000004735	4.57
ENSRNOG00000004736	5.16
ENSRNOG00000004737	16.32
ENSRNOG00000004740	22.05
ENSRNOG00000004741	364.03
ENSRNOG00000004742	45.04
ENSRNOG00000004743	0.05
ENSRNOG00000004744	1.66
ENSRNOG00000004747	0.18
ENSRNOG00000004749	10.32
ENSRNOG00000004751	36.72
ENSRNOG00000004752	24.39
ENSRNOG00000004753	66.37
ENSRNOG00000004754	0.08
ENSRNOG00000004755	32.06
ENSRNOG00000004756	43.16
ENSRNOG00000004757	54.12
ENSRNOG00000004760	7.22
ENSRNOG00000004763	51.07
ENSRNOG00000004766	3.66
ENSRNOG00000004768	0
ENSRNOG00000004772	1.2
ENSRNOG00000004773	37.93
ENSRNOG00000004774	3.89
ENSRNOG00000004775	7.99
ENSRNOG00000004776	6.78
ENSRNOG00000004777	6.74
ENSRNOG00000004778	0.03
ENSRNOG00000004779	0
ENSRNOG00000004781	42.5
ENSRNOG00000004783	50.15
ENSRNOG00000004784	20.9
ENSRNOG00000004786	2.89
ENSRNOG00000004787	3.42
ENSRNOG00000004789	8.49
ENSRNOG00000004791	28.04
ENSRNOG00000004793	41.75
ENSRNOG00000004794	209.32
ENSRNOG00000004795	0.12
ENSRNOG00000004805	7.52
ENSRNOG00000004806	57.31
ENSRNOG00000004807	11.37
ENSRNOG00000004808	0
ENSRNOG00000004809	0
ENSRNOG00000004810	33.1
ENSRNOG00000004812	44.86
ENSRNOG00000004813	27.83
ENSRNOG00000004814	46.83
ENSRNOG00000004819	26
ENSRNOG00000004820	30.39
ENSRNOG00000004821	4.86
ENSRNOG00000004823	18
ENSRNOG00000004826	11.14
ENSRNOG00000004827	26.22
ENSRNOG00000004828	8.68
ENSRNOG00000004829	16.56
ENSRNOG00000004831	8.22
ENSRNOG00000004834	0.33
ENSRNOG00000004837	3.68
ENSRNOG00000004839	24.85
ENSRNOG00000004841	25.47
ENSRNOG00000004842	7.4
ENSRNOG00000004843	0
ENSRNOG00000004844	10.67
ENSRNOG00000004846	98.37
ENSRNOG00000004852	0
ENSRNOG00000004854	0.34
ENSRNOG00000004857	1.78
ENSRNOG00000004858	0
ENSRNOG00000004860	0
ENSRNOG00000004861	0.32
ENSRNOG00000004863	13.82
ENSRNOG00000004864	13.8
ENSRNOG00000004865	0.05
ENSRNOG00000004869	0.21
ENSRNOG00000004870	1.11
ENSRNOG00000004873	14.13
ENSRNOG00000004874	7.2
ENSRNOG00000004875	0
ENSRNOG00000004878	0
ENSRNOG00000004882	1.63
ENSRNOG00000004883	50.83
ENSRNOG00000004888	12.93
ENSRNOG00000004889	2.87
ENSRNOG00000004890	7.59
ENSRNOG00000004891	27.94
ENSRNOG00000004893	5.57
ENSRNOG00000004898	0
ENSRNOG00000004899	2.28
ENSRNOG00000004900	4.91
ENSRNOG00000004901	18.95
ENSRNOG00000004903	13.15
ENSRNOG00000004904	35.19
ENSRNOG00000004906	0
ENSRNOG00000004908	11.96
ENSRNOG00000004909	24.17
ENSRNOG00000004910	10.66
ENSRNOG00000004912	31.51
ENSRNOG00000004914	0.04
ENSRNOG00000004917	8.67
ENSRNOG00000004918	8.92
ENSRNOG00000004920	0
ENSRNOG00000004921	0.51
ENSRNOG00000004923	19.16
ENSRNOG00000004925	19.49
ENSRNOG00000004926	0.97
ENSRNOG00000004927	6.72
ENSRNOG00000004928	0.95
ENSRNOG00000004932	12.91
ENSRNOG00000004936	17.94
ENSRNOG00000004937	3.61
ENSRNOG00000004938	0
ENSRNOG00000004939	0.15
ENSRNOG00000004940	9.28
ENSRNOG00000004941	14.68
ENSRNOG00000004946	0
ENSRNOG00000004947	8.05
ENSRNOG00000004950	12.28
ENSRNOG00000004951	3.07
ENSRNOG00000004956	11.68
ENSRNOG00000004958	0
ENSRNOG00000004959	137.84
ENSRNOG00000004962	12.82
ENSRNOG00000004964	27.42
ENSRNOG00000004966	0.23
ENSRNOG00000004967	11.26
ENSRNOG00000004968	1.05
ENSRNOG00000004971	6.63
ENSRNOG00000004972	3.67
ENSRNOG00000004973	72.01
ENSRNOG00000004976	0
ENSRNOG00000004978	93.74
ENSRNOG00000004980	14.17
ENSRNOG00000004989	0
ENSRNOG00000004992	88.43
ENSRNOG00000004993	0
ENSRNOG00000004994	0.11
ENSRNOG00000004996	18.63
ENSRNOG00000004998	43.37
ENSRNOG00000005003	67.45
ENSRNOG00000005006	7.24
ENSRNOG00000005007	8.68
ENSRNOG00000005008	0.33
ENSRNOG00000005009	2.55
ENSRNOG00000005012	5.68
ENSRNOG00000005015	44.41
ENSRNOG00000005016	26.61
ENSRNOG00000005017	0
ENSRNOG00000005018	22.97
ENSRNOG00000005021	18.06
ENSRNOG00000005023	0.12
ENSRNOG00000005024	15.99
ENSRNOG00000005031	11.5
ENSRNOG00000005033	9.14
ENSRNOG00000005034	28.21
ENSRNOG00000005037	0.17
ENSRNOG00000005038	0.21
ENSRNOG00000005039	5.25
ENSRNOG00000005041	52.77
ENSRNOG00000005042	0.88
ENSRNOG00000005043	16.69
ENSRNOG00000005045	17.9
ENSRNOG00000005046	61.56
ENSRNOG00000005048	0.34
ENSRNOG00000005049	0.57
ENSRNOG00000005052	16.59
ENSRNOG00000005053	10.64
ENSRNOG00000005054	0.8
ENSRNOG00000005058	76.5
ENSRNOG00000005059	0
ENSRNOG00000005061	53.87
ENSRNOG00000005062	0
ENSRNOG00000005063	43.61
ENSRNOG00000005064	0
ENSRNOG00000005067	13.19
ENSRNOG00000005070	7.37
ENSRNOG00000005074	4.03
ENSRNOG00000005076	5.13
ENSRNOG00000005077	0
ENSRNOG00000005081	14.25
ENSRNOG00000005082	3.12
ENSRNOG00000005083	23.61
ENSRNOG00000005087	11.48
ENSRNOG00000005093	1.76
ENSRNOG00000005094	0.17
ENSRNOG00000005096	22.77
ENSRNOG00000005099	3.19
ENSRNOG00000005100	0.27
ENSRNOG00000005101	13.36
ENSRNOG00000005102	12.23
ENSRNOG00000005103	0
ENSRNOG00000005104	0
ENSRNOG00000005105	0.2
ENSRNOG00000005107	6.29
ENSRNOG00000005108	27.9
ENSRNOG00000005109	1.32
ENSRNOG00000005111	0.66
ENSRNOG00000005112	0.51
ENSRNOG00000005113	0.05
ENSRNOG00000005114	0.7
ENSRNOG00000005115	0.24
ENSRNOG00000005116	2.43
ENSRNOG00000005122	1.42
ENSRNOG00000005123	41.23
ENSRNOG00000005124	2.91
ENSRNOG00000005126	3.35
ENSRNOG00000005129	67.37
ENSRNOG00000005130	95.78
ENSRNOG00000005132	1.78
ENSRNOG00000005133	110.67
ENSRNOG00000005135	3.77
ENSRNOG00000005138	13.64
ENSRNOG00000005141	9.09
ENSRNOG00000005144	10.43
ENSRNOG00000005147	4.67
ENSRNOG00000005148	14.32
ENSRNOG00000005149	26.46
ENSRNOG00000005151	9.52
ENSRNOG00000005153	4.38
ENSRNOG00000005154	0.09
ENSRNOG00000005157	45.57
ENSRNOG00000005158	21.4
ENSRNOG00000005159	3.87
ENSRNOG00000005162	0
ENSRNOG00000005165	8.68
ENSRNOG00000005166	0
ENSRNOG00000005167	0
ENSRNOG00000005174	9.16
ENSRNOG00000005175	13.3
ENSRNOG00000005176	29.44
ENSRNOG00000005177	3.97
ENSRNOG00000005178	0.88
ENSRNOG00000005180	39.52
ENSRNOG00000005183	16.53
ENSRNOG00000005184	40.71
ENSRNOG00000005185	2.74
ENSRNOG00000005190	5.65
ENSRNOG00000005191	47.15
ENSRNOG00000005193	8.08
ENSRNOG00000005195	1693.07
ENSRNOG00000005196	18.72
ENSRNOG00000005203	32.59
ENSRNOG00000005206	30.01
ENSRNOG00000005209	27.35
ENSRNOG00000005214	2.18
ENSRNOG00000005215	5.29
ENSRNOG00000005218	18.04
ENSRNOG00000005223	4.26
ENSRNOG00000005227	2.68
ENSRNOG00000005228	18.42
ENSRNOG00000005229	1.48
ENSRNOG00000005233	0.6
ENSRNOG00000005234	8.34
ENSRNOG00000005235	0
ENSRNOG00000005243	1.65
ENSRNOG00000005246	0
ENSRNOG00000005247	0.59
ENSRNOG00000005248	15.3
ENSRNOG00000005249	22.19
ENSRNOG00000005250	0.63
ENSRNOG00000005256	31.79
ENSRNOG00000005257	72.54
ENSRNOG00000005258	46.2
ENSRNOG00000005260	38.19
ENSRNOG00000005261	28.86
ENSRNOG00000005263	11.07
ENSRNOG00000005264	8.43
ENSRNOG00000005266	0
ENSRNOG00000005268	0
ENSRNOG00000005269	0
ENSRNOG00000005270	5.81
ENSRNOG00000005271	22.69
ENSRNOG00000005274	5.87
ENSRNOG00000005275	1.29
ENSRNOG00000005276	45.71
ENSRNOG00000005277	1.92
ENSRNOG00000005278	0.75
ENSRNOG00000005279	13.46
ENSRNOG00000005281	25.75
ENSRNOG00000005284	22.18
ENSRNOG00000005285	11.98
ENSRNOG00000005286	25.37
ENSRNOG00000005287	1.77
ENSRNOG00000005289	5.32
ENSRNOG00000005290	453.64
ENSRNOG00000005291	66.93
ENSRNOG00000005292	11.68
ENSRNOG00000005298	15.12
ENSRNOG00000005299	531.06
ENSRNOG00000005301	18.15
ENSRNOG00000005302	0.17
ENSRNOG00000005303	7.9
ENSRNOG00000005307	24.95
ENSRNOG00000005308	93.91
ENSRNOG00000005309	42.05
ENSRNOG00000005310	42.27
ENSRNOG00000005323	2.74
ENSRNOG00000005326	23.55
ENSRNOG00000005330	7.99
ENSRNOG00000005331	67.05
ENSRNOG00000005332	56.87
ENSRNOG00000005333	27.7
ENSRNOG00000005334	7.08
ENSRNOG00000005335	9.62
ENSRNOG00000005336	0.06
ENSRNOG00000005338	0.5
ENSRNOG00000005341	0.15
ENSRNOG00000005342	6.81
ENSRNOG00000005343	0.21
ENSRNOG00000005344	5.56
ENSRNOG00000005345	120.95
ENSRNOG00000005346	17.92
ENSRNOG00000005347	28.08
ENSRNOG00000005348	24.21
ENSRNOG00000005350	6.49
ENSRNOG00000005352	0.45
ENSRNOG00000005353	17.96
ENSRNOG00000005355	31.59
ENSRNOG00000005357	13.73
ENSRNOG00000005358	62.56
ENSRNOG00000005359	7.45
ENSRNOG00000005360	17.5
ENSRNOG00000005362	12.66
ENSRNOG00000005365	13.16
ENSRNOG00000005366	10.05
ENSRNOG00000005367	0.03
ENSRNOG00000005368	0
ENSRNOG00000005369	14.82
ENSRNOG00000005370	0.17
ENSRNOG00000005371	5.73
ENSRNOG00000005374	4.13
ENSRNOG00000005375	2.21
ENSRNOG00000005376	3.39
ENSRNOG00000005377	12.64
ENSRNOG00000005378	1.45
ENSRNOG00000005379	0
ENSRNOG00000005382	2.29
ENSRNOG00000005383	0
ENSRNOG00000005386	16.24
ENSRNOG00000005387	38.44
ENSRNOG00000005388	7.84
ENSRNOG00000005389	0.28
ENSRNOG00000005390	4.51
ENSRNOG00000005391	24.42
ENSRNOG00000005392	7.21
ENSRNOG00000005393	8.52
ENSRNOG00000005397	35.16
ENSRNOG00000005398	0
ENSRNOG00000005402	0.74
ENSRNOG00000005403	0
ENSRNOG00000005404	91.45
ENSRNOG00000005406	15.43
ENSRNOG00000005407	0
ENSRNOG00000005408	7.56
ENSRNOG00000005409	0.66
ENSRNOG00000005410	0.8
ENSRNOG00000005411	23.9
ENSRNOG00000005412	0
ENSRNOG00000005413	2.64
ENSRNOG00000005415	0
ENSRNOG00000005417	10.25
ENSRNOG00000005418	31.4
ENSRNOG00000005420	0.04
ENSRNOG00000005424	14.21
ENSRNOG00000005426	9.19
ENSRNOG00000005428	92.28
ENSRNOG00000005430	0.43
ENSRNOG00000005431	0
ENSRNOG00000005433	0.7
ENSRNOG00000005434	217.98
ENSRNOG00000005437	29.94
ENSRNOG00000005438	73.77
ENSRNOG00000005446	30.12
ENSRNOG00000005447	26.27
ENSRNOG00000005450	2.25
ENSRNOG00000005451	0.41
ENSRNOG00000005457	31.15
ENSRNOG00000005464	16.74
ENSRNOG00000005465	0.06
ENSRNOG00000005468	7.46
ENSRNOG00000005469	0
ENSRNOG00000005470	6.64
ENSRNOG00000005472	5.12
ENSRNOG00000005478	8.04
ENSRNOG00000005479	268.6
ENSRNOG00000005480	34.26
ENSRNOG00000005482	16.67
ENSRNOG00000005483	6.88
ENSRNOG00000005486	8.81
ENSRNOG00000005491	2.5
ENSRNOG00000005492	17.71
ENSRNOG00000005496	6.79
ENSRNOG00000005498	0
ENSRNOG00000005502	17.09
ENSRNOG00000005504	190.99
ENSRNOG00000005505	0.59
ENSRNOG00000005506	0.68
ENSRNOG00000005509	11.62
ENSRNOG00000005512	202.37
ENSRNOG00000005513	194.37
ENSRNOG00000005515	9.71
ENSRNOG00000005519	47.17
ENSRNOG00000005522	2.65
ENSRNOG00000005524	10.52
ENSRNOG00000005528	17.78
ENSRNOG00000005530	22.75
ENSRNOG00000005533	3.14
ENSRNOG00000005535	1.98
ENSRNOG00000005538	23.38
ENSRNOG00000005539	2.38
ENSRNOG00000005540	1.04
ENSRNOG00000005542	0.02
ENSRNOG00000005545	0
ENSRNOG00000005546	4.43
ENSRNOG00000005550	12.46
ENSRNOG00000005551	24.51
ENSRNOG00000005555	0
ENSRNOG00000005556	10.17
ENSRNOG00000005558	2.39
ENSRNOG00000005561	47.15
ENSRNOG00000005564	6.73
ENSRNOG00000005565	0.53
ENSRNOG00000005568	20.57
ENSRNOG00000005569	10.09
ENSRNOG00000005572	0.43
ENSRNOG00000005573	5.35
ENSRNOG00000005574	0.21
ENSRNOG00000005575	3.37
ENSRNOG00000005576	5.05
ENSRNOG00000005577	62.12
ENSRNOG00000005578	5.54
ENSRNOG00000005580	1
ENSRNOG00000005587	44.7
ENSRNOG00000005589	28.25
ENSRNOG00000005592	12.56
ENSRNOG00000005600	1.34
ENSRNOG00000005602	12.65
ENSRNOG00000005606	9.92
ENSRNOG00000005608	0.72
ENSRNOG00000005609	0.09
ENSRNOG00000005610	22.24
ENSRNOG00000005614	47.02
ENSRNOG00000005615	7.48
ENSRNOG00000005616	9.48
ENSRNOG00000005618	7.38
ENSRNOG00000005619	1
ENSRNOG00000005620	3.43
ENSRNOG00000005621	0.05
ENSRNOG00000005623	34.67
ENSRNOG00000005624	4.55
ENSRNOG00000005628	0
ENSRNOG00000005630	4.91
ENSRNOG00000005633	2.45
ENSRNOG00000005634	3.94
ENSRNOG00000005637	0
ENSRNOG00000005639	0.99
ENSRNOG00000005641	5.48
ENSRNOG00000005642	11.32
ENSRNOG00000005645	0
ENSRNOG00000005646	0
ENSRNOG00000005650	0.83
ENSRNOG00000005652	10.93
ENSRNOG00000005655	0.04
ENSRNOG00000005659	5.39
ENSRNOG00000005660	0.02
ENSRNOG00000005662	14.96
ENSRNOG00000005664	0
ENSRNOG00000005665	0
ENSRNOG00000005666	0
ENSRNOG00000005667	36.77
ENSRNOG00000005668	107.62
ENSRNOG00000005669	7.95
ENSRNOG00000005670	1.01
ENSRNOG00000005673	8.32
ENSRNOG00000005678	6.06
ENSRNOG00000005679	0
ENSRNOG00000005681	0.33
ENSRNOG00000005686	26.43
ENSRNOG00000005687	0.02
ENSRNOG00000005689	11.91
ENSRNOG00000005690	3.11
ENSRNOG00000005691	2.59
ENSRNOG00000005692	0
ENSRNOG00000005694	0.14
ENSRNOG00000005695	11.44
ENSRNOG00000005697	79.7
ENSRNOG00000005698	83.8
ENSRNOG00000005700	224.09
ENSRNOG00000005701	0
ENSRNOG00000005703	19.68
ENSRNOG00000005705	4.27
ENSRNOG00000005707	0.12
ENSRNOG00000005708	6.78
ENSRNOG00000005710	13.68
ENSRNOG00000005711	65.97
ENSRNOG00000005713	7.72
ENSRNOG00000005715	13.98
ENSRNOG00000005717	0
ENSRNOG00000005718	5.26
ENSRNOG00000005719	42.3
ENSRNOG00000005720	0
ENSRNOG00000005721	0
ENSRNOG00000005722	0
ENSRNOG00000005723	4.11
ENSRNOG00000005724	1.14
ENSRNOG00000005726	13.64
ENSRNOG00000005727	0.24
ENSRNOG00000005729	0.15
ENSRNOG00000005730	27.07
ENSRNOG00000005731	0.37
ENSRNOG00000005732	0
ENSRNOG00000005733	10.58
ENSRNOG00000005734	0.34
ENSRNOG00000005736	34.52
ENSRNOG00000005742	0
ENSRNOG00000005743	0
ENSRNOG00000005747	0.03
ENSRNOG00000005749	2.97
ENSRNOG00000005751	0.06
ENSRNOG00000005753	3.59
ENSRNOG00000005758	12
ENSRNOG00000005762	7.09
ENSRNOG00000005763	40.87
ENSRNOG00000005765	8.44
ENSRNOG00000005766	19.1
ENSRNOG00000005767	8.97
ENSRNOG00000005769	3.52
ENSRNOG00000005770	0.4
ENSRNOG00000005772	0.62
ENSRNOG00000005775	10.48
ENSRNOG00000005776	20.96
ENSRNOG00000005780	0.06
ENSRNOG00000005781	0.27
ENSRNOG00000005783	8.23
ENSRNOG00000005787	0
ENSRNOG00000005788	6.43
ENSRNOG00000005790	0.66
ENSRNOG00000005792	0.04
ENSRNOG00000005793	0
ENSRNOG00000005794	1.12
ENSRNOG00000005795	19.34
ENSRNOG00000005796	54.58
ENSRNOG00000005798	0.05
ENSRNOG00000005800	0
ENSRNOG00000005801	4.74
ENSRNOG00000005802	12.48
ENSRNOG00000005804	28.82
ENSRNOG00000005806	0.16
ENSRNOG00000005807	2.75
ENSRNOG00000005809	12.14
ENSRNOG00000005810	0.6
ENSRNOG00000005811	6.09
ENSRNOG00000005814	5.18
ENSRNOG00000005818	24.17
ENSRNOG00000005821	0
ENSRNOG00000005823	4.61
ENSRNOG00000005825	16.63
ENSRNOG00000005826	0.57
ENSRNOG00000005828	232.99
ENSRNOG00000005830	2.41
ENSRNOG00000005840	4.64
ENSRNOG00000005841	16.57
ENSRNOG00000005849	14.9
ENSRNOG00000005850	24.86
ENSRNOG00000005853	3.9
ENSRNOG00000005854	0.85
ENSRNOG00000005856	5.13
ENSRNOG00000005857	15.7
ENSRNOG00000005858	0
ENSRNOG00000005861	13.41
ENSRNOG00000005863	0
ENSRNOG00000005865	16.31
ENSRNOG00000005867	0
ENSRNOG00000005868	5.44
ENSRNOG00000005869	9.53
ENSRNOG00000005871	0.88
ENSRNOG00000005872	2.66
ENSRNOG00000005874	5.26
ENSRNOG00000005877	37.7
ENSRNOG00000005879	3.36
ENSRNOG00000005880	0
ENSRNOG00000005882	8.41
ENSRNOG00000005883	0.25
ENSRNOG00000005884	51
ENSRNOG00000005886	2.04
ENSRNOG00000005888	0.54
ENSRNOG00000005890	74.57
ENSRNOG00000005898	0
ENSRNOG00000005900	7.09
ENSRNOG00000005902	2.75
ENSRNOG00000005903	0.5
ENSRNOG00000005904	14.11
ENSRNOG00000005905	26.47
ENSRNOG00000005906	0
ENSRNOG00000005907	2.93
ENSRNOG00000005908	23.31
ENSRNOG00000005911	0.14
ENSRNOG00000005916	42.98
ENSRNOG00000005917	0.98
ENSRNOG00000005918	1.14
ENSRNOG00000005920	4.88
ENSRNOG00000005921	0
ENSRNOG00000005923	34.82
ENSRNOG00000005924	82.07
ENSRNOG00000005927	16.25
ENSRNOG00000005929	27.83
ENSRNOG00000005930	0.24
ENSRNOG00000005931	9.69
ENSRNOG00000005932	29.13
ENSRNOG00000005933	9.05
ENSRNOG00000005934	1.63
ENSRNOG00000005935	1.69
ENSRNOG00000005936	1.62
ENSRNOG00000005943	0.86
ENSRNOG00000005944	0.13
ENSRNOG00000005947	0.56
ENSRNOG00000005950	0
ENSRNOG00000005951	0.08
ENSRNOG00000005953	2.38
ENSRNOG00000005954	0.05
ENSRNOG00000005955	0.27
ENSRNOG00000005956	0.82
ENSRNOG00000005957	3.07
ENSRNOG00000005958	32.43
ENSRNOG00000005960	2.89
ENSRNOG00000005963	134.6
ENSRNOG00000005964	0.79
ENSRNOG00000005965	1.5
ENSRNOG00000005968	0
ENSRNOG00000005970	14.34
ENSRNOG00000005971	3.54
ENSRNOG00000005975	138.34
ENSRNOG00000005981	13.81
ENSRNOG00000005982	7.77
ENSRNOG00000005984	3.7
ENSRNOG00000005985	14.42
ENSRNOG00000005987	9.17
ENSRNOG00000005988	110.54
ENSRNOG00000005990	6.15
ENSRNOG00000005993	4.76
ENSRNOG00000005996	3.83
ENSRNOG00000005997	0
ENSRNOG00000005998	3.18
ENSRNOG00000006000	6.42
ENSRNOG00000006001	48.47
ENSRNOG00000006002	4.03
ENSRNOG00000006003	40.76
ENSRNOG00000006004	22
ENSRNOG00000006010	5.15
ENSRNOG00000006019	3.45
ENSRNOG00000006024	0
ENSRNOG00000006025	0.65
ENSRNOG00000006027	4.39
ENSRNOG00000006028	7.68
ENSRNOG00000006030	47.93
ENSRNOG00000006032	0
ENSRNOG00000006033	1.33
ENSRNOG00000006035	0
ENSRNOG00000006037	577.6
ENSRNOG00000006046	0.04
ENSRNOG00000006048	4.94
ENSRNOG00000006049	7.99
ENSRNOG00000006050	9.22
ENSRNOG00000006051	40.46
ENSRNOG00000006052	39.58
ENSRNOG00000006058	0
ENSRNOG00000006060	1.52
ENSRNOG00000006062	7.68
ENSRNOG00000006063	13.65
ENSRNOG00000006067	17.16
ENSRNOG00000006068	14.54
ENSRNOG00000006069	9.93
ENSRNOG00000006075	226.77
ENSRNOG00000006076	14.41
ENSRNOG00000006077	45.19
ENSRNOG00000006079	0.71
ENSRNOG00000006082	4.27
ENSRNOG00000006084	0.02
ENSRNOG00000006086	79.97
ENSRNOG00000006087	13.01
ENSRNOG00000006090	0
ENSRNOG00000006093	35.89
ENSRNOG00000006094	2.9
ENSRNOG00000006096	0.05
ENSRNOG00000006098	0.06
ENSRNOG00000006102	9.33
ENSRNOG00000006103	4.79
ENSRNOG00000006104	0.03
ENSRNOG00000006108	0.36
ENSRNOG00000006110	1.8
ENSRNOG00000006112	4.23
ENSRNOG00000006114	4.94
ENSRNOG00000006116	3.65
ENSRNOG00000006118	2.2
ENSRNOG00000006119	0.74
ENSRNOG00000006120	3.49
ENSRNOG00000006122	0
ENSRNOG00000006126	13.71
ENSRNOG00000006130	75.01
ENSRNOG00000006131	2.58
ENSRNOG00000006132	0.03
ENSRNOG00000006136	24.97
ENSRNOG00000006137	27.62
ENSRNOG00000006139	19.22
ENSRNOG00000006142	0
ENSRNOG00000006143	15.93
ENSRNOG00000006144	6.26
ENSRNOG00000006146	0.79
ENSRNOG00000006148	31.58
ENSRNOG00000006151	0.08
ENSRNOG00000006167	1.14
ENSRNOG00000006170	1.85
ENSRNOG00000006174	5.05
ENSRNOG00000006178	42.88
ENSRNOG00000006180	37.14
ENSRNOG00000006185	5.79
ENSRNOG00000006197	23.51
ENSRNOG00000006198	0.44
ENSRNOG00000006199	3
ENSRNOG00000006200	9.83
ENSRNOG00000006204	0.72
ENSRNOG00000006206	37.7
ENSRNOG00000006209	17.63
ENSRNOG00000006217	13.18
ENSRNOG00000006221	28.46
ENSRNOG00000006224	0.06
ENSRNOG00000006226	21.76
ENSRNOG00000006227	1.19
ENSRNOG00000006228	21.64
ENSRNOG00000006231	6.88
ENSRNOG00000006235	113.39
ENSRNOG00000006236	0.64
ENSRNOG00000006237	99.63
ENSRNOG00000006238	6.32
ENSRNOG00000006241	17.1
ENSRNOG00000006244	12.27
ENSRNOG00000006247	48.48
ENSRNOG00000006248	45.47
ENSRNOG00000006251	0.46
ENSRNOG00000006255	13.58
ENSRNOG00000006261	4.71
ENSRNOG00000006263	4.91
ENSRNOG00000006264	11.59
ENSRNOG00000006268	0
ENSRNOG00000006278	11.6
ENSRNOG00000006280	0
ENSRNOG00000006281	0
ENSRNOG00000006283	13.58
ENSRNOG00000006285	11.75
ENSRNOG00000006293	0
ENSRNOG00000006296	0.03
ENSRNOG00000006298	6.37
ENSRNOG00000006302	26.92
ENSRNOG00000006304	10.87
ENSRNOG00000006305	49.8
ENSRNOG00000006306	0
ENSRNOG00000006311	0.23
ENSRNOG00000006314	0.15
ENSRNOG00000006319	0.18
ENSRNOG00000006320	0.67
ENSRNOG00000006321	0.07
ENSRNOG00000006324	1.54
ENSRNOG00000006326	19.73
ENSRNOG00000006327	23.79
ENSRNOG00000006328	25.77
ENSRNOG00000006329	14.6
ENSRNOG00000006330	0.03
ENSRNOG00000006331	67.01
ENSRNOG00000006333	0
ENSRNOG00000006334	17.26
ENSRNOG00000006335	29.55
ENSRNOG00000006336	8.09
ENSRNOG00000006338	8.64
ENSRNOG00000006340	11.42
ENSRNOG00000006341	3.2
ENSRNOG00000006345	22.82
ENSRNOG00000006350	0.58
ENSRNOG00000006353	0.75
ENSRNOG00000006355	52.63
ENSRNOG00000006356	0.91
ENSRNOG00000006357	32.27
ENSRNOG00000006359	5.99
ENSRNOG00000006360	0.14
ENSRNOG00000006363	0
ENSRNOG00000006364	49.8
ENSRNOG00000006365	0.08
ENSRNOG00000006367	0.08
ENSRNOG00000006368	23.78
ENSRNOG00000006369	48.84
ENSRNOG00000006370	5.84
ENSRNOG00000006375	162.04
ENSRNOG00000006378	7.46
ENSRNOG00000006380	32.86
ENSRNOG00000006383	0
ENSRNOG00000006384	3.38
ENSRNOG00000006388	9.2
ENSRNOG00000006391	7.11
ENSRNOG00000006392	14.43
ENSRNOG00000006393	12.8
ENSRNOG00000006394	7.34
ENSRNOG00000006395	0.81
ENSRNOG00000006397	0.43
ENSRNOG00000006398	0.02
ENSRNOG00000006399	14.12
ENSRNOG00000006400	17.11
ENSRNOG00000006403	7.58
ENSRNOG00000006408	0
ENSRNOG00000006410	21.24
ENSRNOG00000006412	19.1
ENSRNOG00000006415	0
ENSRNOG00000006418	1.87
ENSRNOG00000006419	10.59
ENSRNOG00000006420	3.21
ENSRNOG00000006422	0.81
ENSRNOG00000006426	187.4
ENSRNOG00000006428	0
ENSRNOG00000006432	14.81
ENSRNOG00000006433	0
ENSRNOG00000006435	6.35
ENSRNOG00000006439	0
ENSRNOG00000006440	8.02
ENSRNOG00000006441	5.18
ENSRNOG00000006444	64.47
ENSRNOG00000006445	0
ENSRNOG00000006450	0.35
ENSRNOG00000006459	2.36
ENSRNOG00000006460	7.09
ENSRNOG00000006462	26.63
ENSRNOG00000006466	0
ENSRNOG00000006467	9.84
ENSRNOG00000006469	2.76
ENSRNOG00000006470	8.14
ENSRNOG00000006471	361.11
ENSRNOG00000006472	5.85
ENSRNOG00000006476	0
ENSRNOG00000006478	0
ENSRNOG00000006483	4.1
ENSRNOG00000006485	8.52
ENSRNOG00000006486	0
ENSRNOG00000006487	2.95
ENSRNOG00000006490	37.81
ENSRNOG00000006491	0
ENSRNOG00000006494	10.14
ENSRNOG00000006498	0
ENSRNOG00000006499	35.19
ENSRNOG00000006500	59.42
ENSRNOG00000006503	2.13
ENSRNOG00000006505	16.81
ENSRNOG00000006508	4.16
ENSRNOG00000006509	28.78
ENSRNOG00000006513	9.14
ENSRNOG00000006514	14.73
ENSRNOG00000006515	2.93
ENSRNOG00000006519	4.28
ENSRNOG00000006523	17.76
ENSRNOG00000006526	6.42
ENSRNOG00000006527	108.25
ENSRNOG00000006532	120.6
ENSRNOG00000006534	27.93
ENSRNOG00000006539	13.02
ENSRNOG00000006541	5.29
ENSRNOG00000006542	431.91
ENSRNOG00000006543	0.05
ENSRNOG00000006545	157.72
ENSRNOG00000006548	5.89
ENSRNOG00000006549	1.23
ENSRNOG00000006551	9.49
ENSRNOG00000006553	0.12
ENSRNOG00000006554	18.93
ENSRNOG00000006557	224.21
ENSRNOG00000006559	18.99
ENSRNOG00000006565	12.79
ENSRNOG00000006569	13.22
ENSRNOG00000006570	56.77
ENSRNOG00000006575	1.27
ENSRNOG00000006576	13.62
ENSRNOG00000006577	0
ENSRNOG00000006578	0.21
ENSRNOG00000006579	0
ENSRNOG00000006582	9.08
ENSRNOG00000006583	0.93
ENSRNOG00000006584	0
ENSRNOG00000006587	52.93
ENSRNOG00000006588	0.88
ENSRNOG00000006589	0
ENSRNOG00000006591	21.62
ENSRNOG00000006593	34.81
ENSRNOG00000006595	2.9
ENSRNOG00000006599	0
ENSRNOG00000006600	7.84
ENSRNOG00000006604	515.13
ENSRNOG00000006608	19.38
ENSRNOG00000006611	3.47
ENSRNOG00000006612	0
ENSRNOG00000006615	4.91
ENSRNOG00000006617	22.86
ENSRNOG00000006619	17.09
ENSRNOG00000006620	0
ENSRNOG00000006622	4.23
ENSRNOG00000006623	15.39
ENSRNOG00000006625	0
ENSRNOG00000006628	8.12
ENSRNOG00000006631	9.96
ENSRNOG00000006632	11.31
ENSRNOG00000006636	17.57
ENSRNOG00000006637	0
ENSRNOG00000006639	0.75
ENSRNOG00000006641	0.06
ENSRNOG00000006642	14.74
ENSRNOG00000006644	5.29
ENSRNOG00000006645	10.19
ENSRNOG00000006646	21.03
ENSRNOG00000006649	6.79
ENSRNOG00000006652	54.97
ENSRNOG00000006653	0.08
ENSRNOG00000006654	0
ENSRNOG00000006655	17.03
ENSRNOG00000006658	0.61
ENSRNOG00000006661	0.96
ENSRNOG00000006663	13.31
ENSRNOG00000006669	0
ENSRNOG00000006670	2.19
ENSRNOG00000006674	2.13
ENSRNOG00000006675	0
ENSRNOG00000006681	5.12
ENSRNOG00000006684	9.65
ENSRNOG00000006689	7.08
ENSRNOG00000006695	25.73
ENSRNOG00000006697	29.37
ENSRNOG00000006698	21.09
ENSRNOG00000006699	4.57
ENSRNOG00000006700	10.11
ENSRNOG00000006703	4.83
ENSRNOG00000006705	10.4
ENSRNOG00000006706	0
ENSRNOG00000006709	0.36
ENSRNOG00000006711	5.62
ENSRNOG00000006713	0
ENSRNOG00000006715	0.07
ENSRNOG00000006716	0
ENSRNOG00000006717	5.54
ENSRNOG00000006718	19.04
ENSRNOG00000006719	1.99
ENSRNOG00000006720	17.27
ENSRNOG00000006721	2.18
ENSRNOG00000006723	0.39
ENSRNOG00000006726	3.43
ENSRNOG00000006727	7.26
ENSRNOG00000006729	8.72
ENSRNOG00000006730	0.18
ENSRNOG00000006731	0.62
ENSRNOG00000006732	0
ENSRNOG00000006733	20.52
ENSRNOG00000006734	0
ENSRNOG00000006735	0.3
ENSRNOG00000006736	0.14
ENSRNOG00000006738	12.22
ENSRNOG00000006740	1.1
ENSRNOG00000006741	0.11
ENSRNOG00000006744	19.74
ENSRNOG00000006746	0
ENSRNOG00000006747	17.35
ENSRNOG00000006749	3.39
ENSRNOG00000006751	65.01
ENSRNOG00000006753	0.14
ENSRNOG00000006756	83.86
ENSRNOG00000006759	1.19
ENSRNOG00000006761	76.94
ENSRNOG00000006762	39.07
ENSRNOG00000006763	24.77
ENSRNOG00000006766	31.37
ENSRNOG00000006767	0.06
ENSRNOG00000006770	21.2
ENSRNOG00000006771	0
ENSRNOG00000006776	0.75
ENSRNOG00000006778	0.8
ENSRNOG00000006779	14.27
ENSRNOG00000006782	0.05
ENSRNOG00000006783	0.09
ENSRNOG00000006784	11.12
ENSRNOG00000006785	40.82
ENSRNOG00000006787	37.45
ENSRNOG00000006789	20.83
ENSRNOG00000006792	10.41
ENSRNOG00000006795	13.59
ENSRNOG00000006796	22.07
ENSRNOG00000006797	7.59
ENSRNOG00000006800	33.24
ENSRNOG00000006802	34.1
ENSRNOG00000006803	35.34
ENSRNOG00000006804	0.48
ENSRNOG00000006806	1.88
ENSRNOG00000006807	0.2
ENSRNOG00000006810	22
ENSRNOG00000006813	10.71
ENSRNOG00000006814	0.22
ENSRNOG00000006816	34.7
ENSRNOG00000006818	68.75
ENSRNOG00000006819	0
ENSRNOG00000006824	110.26
ENSRNOG00000006827	3.32
ENSRNOG00000006828	2.3
ENSRNOG00000006829	0
ENSRNOG00000006830	0
ENSRNOG00000006831	2.57
ENSRNOG00000006832	20.21
ENSRNOG00000006833	21.15
ENSRNOG00000006839	17.91
ENSRNOG00000006841	25.47
ENSRNOG00000006844	20.11
ENSRNOG00000006845	0.03
ENSRNOG00000006846	0.07
ENSRNOG00000006850	0
ENSRNOG00000006853	13.16
ENSRNOG00000006855	0.06
ENSRNOG00000006857	18.27
ENSRNOG00000006858	13.34
ENSRNOG00000006859	40.4
ENSRNOG00000006860	1.59
ENSRNOG00000006864	9.2
ENSRNOG00000006865	100.42
ENSRNOG00000006867	12.68
ENSRNOG00000006868	32.29
ENSRNOG00000006870	24.52
ENSRNOG00000006871	12.35
ENSRNOG00000006873	0.35
ENSRNOG00000006874	0.16
ENSRNOG00000006876	2.1
ENSRNOG00000006877	1.78
ENSRNOG00000006878	0.32
ENSRNOG00000006884	0
ENSRNOG00000006885	7.56
ENSRNOG00000006888	3.84
ENSRNOG00000006889	0
ENSRNOG00000006893	13.2
ENSRNOG00000006894	9.86
ENSRNOG00000006895	17.89
ENSRNOG00000006898	28.98
ENSRNOG00000006899	0.21
ENSRNOG00000006901	13.34
ENSRNOG00000006905	24.12
ENSRNOG00000006908	8.28
ENSRNOG00000006911	18.62
ENSRNOG00000006913	10.31
ENSRNOG00000006916	5.64
ENSRNOG00000006919	13.3
ENSRNOG00000006920	0
ENSRNOG00000006921	0.9
ENSRNOG00000006924	0
ENSRNOG00000006925	1.2
ENSRNOG00000006926	0
ENSRNOG00000006929	18.22
ENSRNOG00000006930	1.92
ENSRNOG00000006931	5.57
ENSRNOG00000006932	1.42
ENSRNOG00000006934	22.43
ENSRNOG00000006939	70.97
ENSRNOG00000006940	0.9
ENSRNOG00000006941	14.49
ENSRNOG00000006943	3.34
ENSRNOG00000006946	1.82
ENSRNOG00000006947	15.26
ENSRNOG00000006949	50.26
ENSRNOG00000006950	0
ENSRNOG00000006952	37.01
ENSRNOG00000006956	0.31
ENSRNOG00000006957	27.23
ENSRNOG00000006958	7.21
ENSRNOG00000006961	19.14
ENSRNOG00000006962	46.4
ENSRNOG00000006963	0.55
ENSRNOG00000006965	26.45
ENSRNOG00000006966	10.47
ENSRNOG00000006967	14.9
ENSRNOG00000006968	15.11
ENSRNOG00000006970	1.43
ENSRNOG00000006971	0.24
ENSRNOG00000006972	4.89
ENSRNOG00000006973	8.08
ENSRNOG00000006975	26.09
ENSRNOG00000006976	10.27
ENSRNOG00000006978	4.91
ENSRNOG00000006979	104.39
ENSRNOG00000006980	13.79
ENSRNOG00000006983	6.09
ENSRNOG00000006984	11.74
ENSRNOG00000006985	13.24
ENSRNOG00000006986	3.36
ENSRNOG00000006987	13.37
ENSRNOG00000006989	345.85
ENSRNOG00000006990	0.85
ENSRNOG00000006992	38.58
ENSRNOG00000006994	0
ENSRNOG00000006995	5.5
ENSRNOG00000006996	0.12
ENSRNOG00000006997	494.15
ENSRNOG00000006998	1.03
ENSRNOG00000006999	3.42
ENSRNOG00000007000	0.17
ENSRNOG00000007002	0.49
ENSRNOG00000007003	0.34
ENSRNOG00000007006	39.27
ENSRNOG00000007012	1.88
ENSRNOG00000007014	14.21
ENSRNOG00000007017	0.02
ENSRNOG00000007018	10.55
ENSRNOG00000007023	4.43
ENSRNOG00000007025	1.05
ENSRNOG00000007027	0.15
ENSRNOG00000007029	113.32
ENSRNOG00000007030	9.61
ENSRNOG00000007031	35.53
ENSRNOG00000007032	6.27
ENSRNOG00000007033	13.45
ENSRNOG00000007034	35.31
ENSRNOG00000007036	9.47
ENSRNOG00000007037	0.38
ENSRNOG00000007038	1.91
ENSRNOG00000007040	38.71
ENSRNOG00000007041	5.68
ENSRNOG00000007043	6.32
ENSRNOG00000007044	6.28
ENSRNOG00000007046	3.66
ENSRNOG00000007047	11.94
ENSRNOG00000007048	50.28
ENSRNOG00000007049	5.49
ENSRNOG00000007051	56.29
ENSRNOG00000007053	6.76
ENSRNOG00000007054	6.1
ENSRNOG00000007057	2.93
ENSRNOG00000007059	0.98
ENSRNOG00000007060	5.75
ENSRNOG00000007061	0.73
ENSRNOG00000007062	1.49
ENSRNOG00000007064	6.36
ENSRNOG00000007066	3.46
ENSRNOG00000007067	0
ENSRNOG00000007069	20.84
ENSRNOG00000007076	4.6
ENSRNOG00000007077	28.17
ENSRNOG00000007078	0.09
ENSRNOG00000007080	0
ENSRNOG00000007081	2.21
ENSRNOG00000007083	7.2
ENSRNOG00000007084	0.54
ENSRNOG00000007088	18.45
ENSRNOG00000007089	51.78
ENSRNOG00000007090	12.19
ENSRNOG00000007091	12.99
ENSRNOG00000007092	0.02
ENSRNOG00000007097	2.39
ENSRNOG00000007098	3.66
ENSRNOG00000007099	12.52
ENSRNOG00000007100	41.08
ENSRNOG00000007102	15.02
ENSRNOG00000007104	77.6
ENSRNOG00000007106	13.1
ENSRNOG00000007110	8.45
ENSRNOG00000007111	43.88
ENSRNOG00000007112	0
ENSRNOG00000007114	64.45
ENSRNOG00000007115	8.78
ENSRNOG00000007117	20.63
ENSRNOG00000007118	3.44
ENSRNOG00000007120	18.5
ENSRNOG00000007124	14.78
ENSRNOG00000007125	9.13
ENSRNOG00000007126	5.56
ENSRNOG00000007127	7.68
ENSRNOG00000007128	36.69
ENSRNOG00000007129	0.04
ENSRNOG00000007131	9.98
ENSRNOG00000007133	14.92
ENSRNOG00000007134	36.59
ENSRNOG00000007136	17.82
ENSRNOG00000007137	0
ENSRNOG00000007139	2.83
ENSRNOG00000007141	0
ENSRNOG00000007142	41.76
ENSRNOG00000007147	96.46
ENSRNOG00000007151	34.98
ENSRNOG00000007152	27.39
ENSRNOG00000007158	3.43
ENSRNOG00000007159	0.15
ENSRNOG00000007160	4.09
ENSRNOG00000007164	10.84
ENSRNOG00000007172	15.18
ENSRNOG00000007174	15.79
ENSRNOG00000007175	13.67
ENSRNOG00000007177	7.09
ENSRNOG00000007178	0.09
ENSRNOG00000007184	0.29
ENSRNOG00000007189	0.63
ENSRNOG00000007197	0.16
ENSRNOG00000007200	0.08
ENSRNOG00000007202	2.61
ENSRNOG00000007203	26.57
ENSRNOG00000007206	60.72
ENSRNOG00000007212	0
ENSRNOG00000007213	35.84
ENSRNOG00000007214	2
ENSRNOG00000007218	0
ENSRNOG00000007219	0
ENSRNOG00000007221	22.15
ENSRNOG00000007224	6.18
ENSRNOG00000007227	32.09
ENSRNOG00000007229	0.7
ENSRNOG00000007230	5.11
ENSRNOG00000007231	0
ENSRNOG00000007232	0.03
ENSRNOG00000007234	54.11
ENSRNOG00000007235	136.01
ENSRNOG00000007237	28.24
ENSRNOG00000007238	0.65
ENSRNOG00000007240	9.53
ENSRNOG00000007241	18.24
ENSRNOG00000007242	4.77
ENSRNOG00000007243	0.64
ENSRNOG00000007246	5.62
ENSRNOG00000007247	0.04
ENSRNOG00000007249	39.81
ENSRNOG00000007250	0.89
ENSRNOG00000007253	8.08
ENSRNOG00000007254	19.21
ENSRNOG00000007255	1.3
ENSRNOG00000007256	19.36
ENSRNOG00000007258	0.37
ENSRNOG00000007261	0.65
ENSRNOG00000007262	4.17
ENSRNOG00000007266	0.51
ENSRNOG00000007267	8.52
ENSRNOG00000007268	2.52
ENSRNOG00000007270	2.27
ENSRNOG00000007271	12.36
ENSRNOG00000007272	14.59
ENSRNOG00000007280	36.2
ENSRNOG00000007281	6.21
ENSRNOG00000007283	39.2
ENSRNOG00000007284	52.06
ENSRNOG00000007285	2.48
ENSRNOG00000007286	5.4
ENSRNOG00000007288	0
ENSRNOG00000007290	347.9
ENSRNOG00000007291	5.83
ENSRNOG00000007292	0.98
ENSRNOG00000007294	7.7
ENSRNOG00000007299	7.8
ENSRNOG00000007300	0.3
ENSRNOG00000007301	0.14
ENSRNOG00000007302	1.33
ENSRNOG00000007304	26.42
ENSRNOG00000007307	5.65
ENSRNOG00000007310	0.11
ENSRNOG00000007315	8.11
ENSRNOG00000007316	92
ENSRNOG00000007319	0.13
ENSRNOG00000007320	0.04
ENSRNOG00000007323	21.62
ENSRNOG00000007324	14.91
ENSRNOG00000007325	8.45
ENSRNOG00000007326	104.79
ENSRNOG00000007327	1.43
ENSRNOG00000007329	6.52
ENSRNOG00000007330	86.62
ENSRNOG00000007331	12.55
ENSRNOG00000007332	1.68
ENSRNOG00000007333	7.07
ENSRNOG00000007334	31.75
ENSRNOG00000007335	0
ENSRNOG00000007336	19.98
ENSRNOG00000007338	12.1
ENSRNOG00000007340	7.04
ENSRNOG00000007341	1.8
ENSRNOG00000007345	4.39
ENSRNOG00000007346	11.6
ENSRNOG00000007348	0
ENSRNOG00000007349	7.07
ENSRNOG00000007350	3.6
ENSRNOG00000007351	14.58
ENSRNOG00000007352	0
ENSRNOG00000007354	0.17
ENSRNOG00000007356	56.89
ENSRNOG00000007359	20.88
ENSRNOG00000007364	36.3
ENSRNOG00000007365	0.24
ENSRNOG00000007367	255.34
ENSRNOG00000007369	185.96
ENSRNOG00000007370	13.91
ENSRNOG00000007371	6.54
ENSRNOG00000007372	1.94
ENSRNOG00000007374	62.2
ENSRNOG00000007375	0.04
ENSRNOG00000007377	7.12
ENSRNOG00000007378	0.41
ENSRNOG00000007387	11.4
ENSRNOG00000007390	7.49
ENSRNOG00000007391	1.29
ENSRNOG00000007392	104.14
ENSRNOG00000007393	135.5
ENSRNOG00000007395	0.3
ENSRNOG00000007398	3.36
ENSRNOG00000007400	41.49
ENSRNOG00000007402	0
ENSRNOG00000007404	6.47
ENSRNOG00000007405	10.65
ENSRNOG00000007407	4.85
ENSRNOG00000007408	6.01
ENSRNOG00000007410	5.86
ENSRNOG00000007412	1.04
ENSRNOG00000007415	4.76
ENSRNOG00000007416	3.93
ENSRNOG00000007418	40.88
ENSRNOG00000007419	28.28
ENSRNOG00000007420	1.92
ENSRNOG00000007422	3.27
ENSRNOG00000007426	5.26
ENSRNOG00000007427	20.09
ENSRNOG00000007430	1.32
ENSRNOG00000007431	3.31
ENSRNOG00000007432	5.3
ENSRNOG00000007433	17.21
ENSRNOG00000007434	39.77
ENSRNOG00000007436	3.09
ENSRNOG00000007437	4.55
ENSRNOG00000007439	1.52
ENSRNOG00000007440	23.65
ENSRNOG00000007441	2.96
ENSRNOG00000007442	45.9
ENSRNOG00000007443	3.56
ENSRNOG00000007445	6.08
ENSRNOG00000007446	4.95
ENSRNOG00000007447	4.22
ENSRNOG00000007454	2.69
ENSRNOG00000007455	4.37
ENSRNOG00000007456	45.4
ENSRNOG00000007457	4.64
ENSRNOG00000007459	19.15
ENSRNOG00000007461	0.28
ENSRNOG00000007462	74.43
ENSRNOG00000007467	7.4
ENSRNOG00000007468	0
ENSRNOG00000007472	20.62
ENSRNOG00000007475	0
ENSRNOG00000007477	2.87
ENSRNOG00000007478	36.95
ENSRNOG00000007483	1.26
ENSRNOG00000007484	0.34
ENSRNOG00000007485	13.39
ENSRNOG00000007486	6.9
ENSRNOG00000007489	2.93
ENSRNOG00000007490	0.05
ENSRNOG00000007491	0
ENSRNOG00000007492	54.91
ENSRNOG00000007493	1.4
ENSRNOG00000007495	2.6
ENSRNOG00000007496	24.05
ENSRNOG00000007500	5.19
ENSRNOG00000007504	47.66
ENSRNOG00000007506	11.07
ENSRNOG00000007508	23.57
ENSRNOG00000007509	1.57
ENSRNOG00000007510	1.41
ENSRNOG00000007512	12.9
ENSRNOG00000007514	11.88
ENSRNOG00000007515	31.89
ENSRNOG00000007516	0
ENSRNOG00000007518	142.09
ENSRNOG00000007519	8.03
ENSRNOG00000007520	3.86
ENSRNOG00000007523	0.51
ENSRNOG00000007525	0
ENSRNOG00000007527	15.41
ENSRNOG00000007528	2.77
ENSRNOG00000007529	5.66
ENSRNOG00000007532	24.81
ENSRNOG00000007539	1.53
ENSRNOG00000007540	0.21
ENSRNOG00000007541	1.46
ENSRNOG00000007542	205.75
ENSRNOG00000007544	0.17
ENSRNOG00000007545	3.96
ENSRNOG00000007546	21.86
ENSRNOG00000007548	8.17
ENSRNOG00000007551	10.24
ENSRNOG00000007552	0.95
ENSRNOG00000007558	0.4
ENSRNOG00000007561	0.29
ENSRNOG00000007564	3.18
ENSRNOG00000007567	1.9
ENSRNOG00000007568	6.02
ENSRNOG00000007570	8.8
ENSRNOG00000007573	0.07
ENSRNOG00000007574	53.84
ENSRNOG00000007575	16.52
ENSRNOG00000007576	12.99
ENSRNOG00000007578	7.69
ENSRNOG00000007581	2.3
ENSRNOG00000007582	3.98
ENSRNOG00000007583	56.32
ENSRNOG00000007584	6.58
ENSRNOG00000007585	0
ENSRNOG00000007587	12.44
ENSRNOG00000007590	1.29
ENSRNOG00000007591	3.07
ENSRNOG00000007596	33.92
ENSRNOG00000007597	3.06
ENSRNOG00000007600	42.36
ENSRNOG00000007601	0
ENSRNOG00000007603	0.08
ENSRNOG00000007604	48.45
ENSRNOG00000007605	0.18
ENSRNOG00000007606	11.58
ENSRNOG00000007607	7.41
ENSRNOG00000007608	0.03
ENSRNOG00000007610	18.48
ENSRNOG00000007611	0
ENSRNOG00000007613	13.71
ENSRNOG00000007622	5.19
ENSRNOG00000007624	0
ENSRNOG00000007625	8.06
ENSRNOG00000007628	45.17
ENSRNOG00000007629	15.45
ENSRNOG00000007632	4.22
ENSRNOG00000007636	1.83
ENSRNOG00000007637	3.24
ENSRNOG00000007639	0
ENSRNOG00000007640	0
ENSRNOG00000007644	4.76
ENSRNOG00000007645	31.53
ENSRNOG00000007646	32.88
ENSRNOG00000007647	1.37
ENSRNOG00000007648	137.7
ENSRNOG00000007649	35.58
ENSRNOG00000007650	53.69
ENSRNOG00000007652	0
ENSRNOG00000007654	2.65
ENSRNOG00000007655	2.3
ENSRNOG00000007657	6.34
ENSRNOG00000007658	0
ENSRNOG00000007660	14.85
ENSRNOG00000007662	3.34
ENSRNOG00000007663	2.15
ENSRNOG00000007664	0.3
ENSRNOG00000007665	16.29
ENSRNOG00000007666	28.17
ENSRNOG00000007668	0.24
ENSRNOG00000007671	25.7
ENSRNOG00000007673	19.68
ENSRNOG00000007675	9.01
ENSRNOG00000007678	6.1
ENSRNOG00000007679	6.3
ENSRNOG00000007680	0.06
ENSRNOG00000007681	10.64
ENSRNOG00000007682	38.55
ENSRNOG00000007683	0
ENSRNOG00000007684	8.24
ENSRNOG00000007686	80.78
ENSRNOG00000007687	110.46
ENSRNOG00000007688	20.18
ENSRNOG00000007690	7.32
ENSRNOG00000007692	17.25
ENSRNOG00000007697	0
ENSRNOG00000007699	12.65
ENSRNOG00000007700	0.23
ENSRNOG00000007701	17.26
ENSRNOG00000007705	73.3
ENSRNOG00000007706	3.45
ENSRNOG00000007707	6.32
ENSRNOG00000007710	23.28
ENSRNOG00000007713	18.69
ENSRNOG00000007717	0.08
ENSRNOG00000007719	12.43
ENSRNOG00000007720	22.42
ENSRNOG00000007722	22.44
ENSRNOG00000007725	13.49
ENSRNOG00000007726	53.55
ENSRNOG00000007727	26.29
ENSRNOG00000007728	3.27
ENSRNOG00000007730	0
ENSRNOG00000007732	8.96
ENSRNOG00000007733	68.58
ENSRNOG00000007735	5.23
ENSRNOG00000007738	36.55
ENSRNOG00000007739	14.14
ENSRNOG00000007740	0
ENSRNOG00000007743	11.19
ENSRNOG00000007744	25.61
ENSRNOG00000007748	1.55
ENSRNOG00000007752	6.62
ENSRNOG00000007753	13.66
ENSRNOG00000007754	0.04
ENSRNOG00000007755	2.73
ENSRNOG00000007756	14.85
ENSRNOG00000007758	1.42
ENSRNOG00000007759	0
ENSRNOG00000007763	16.39
ENSRNOG00000007764	14.46
ENSRNOG00000007765	1.08
ENSRNOG00000007766	21.32
ENSRNOG00000007769	60.87
ENSRNOG00000007770	0
ENSRNOG00000007771	0.91
ENSRNOG00000007775	45.9
ENSRNOG00000007778	0.09
ENSRNOG00000007779	2.7
ENSRNOG00000007781	24.6
ENSRNOG00000007782	0.31
ENSRNOG00000007784	44.69
ENSRNOG00000007785	4.13
ENSRNOG00000007788	34.01
ENSRNOG00000007792	5.69
ENSRNOG00000007793	24.98
ENSRNOG00000007795	0.12
ENSRNOG00000007797	0.35
ENSRNOG00000007799	7.49
ENSRNOG00000007801	47.6
ENSRNOG00000007803	0
ENSRNOG00000007804	4.93
ENSRNOG00000007805	0.16
ENSRNOG00000007806	97.86
ENSRNOG00000007808	167.66
ENSRNOG00000007810	0.13
ENSRNOG00000007811	0
ENSRNOG00000007814	12.42
ENSRNOG00000007816	0.05
ENSRNOG00000007817	5.44
ENSRNOG00000007818	9.65
ENSRNOG00000007821	3.16
ENSRNOG00000007822	11.75
ENSRNOG00000007823	0
ENSRNOG00000007827	1.89
ENSRNOG00000007829	18.46
ENSRNOG00000007830	2.54
ENSRNOG00000007831	9.67
ENSRNOG00000007834	38.07
ENSRNOG00000007837	6.76
ENSRNOG00000007838	22.69
ENSRNOG00000007839	1.92
ENSRNOG00000007842	38.5
ENSRNOG00000007845	25.85
ENSRNOG00000007849	6.18
ENSRNOG00000007850	6.74
ENSRNOG00000007851	21.49
ENSRNOG00000007853	2.55
ENSRNOG00000007859	23.11
ENSRNOG00000007862	35.64
ENSRNOG00000007864	1.11
ENSRNOG00000007865	20.9
ENSRNOG00000007866	0.02
ENSRNOG00000007867	7.99
ENSRNOG00000007869	154.36
ENSRNOG00000007874	7.04
ENSRNOG00000007875	12.41
ENSRNOG00000007879	1.35
ENSRNOG00000007881	8.83
ENSRNOG00000007882	45.85
ENSRNOG00000007883	14.16
ENSRNOG00000007884	11.75
ENSRNOG00000007886	0
ENSRNOG00000007887	6.1
ENSRNOG00000007889	0
ENSRNOG00000007890	5.59
ENSRNOG00000007892	16.57
ENSRNOG00000007894	10.94
ENSRNOG00000007895	51.3
ENSRNOG00000007896	0.13
ENSRNOG00000007899	10.6
ENSRNOG00000007900	13.32
ENSRNOG00000007901	88.25
ENSRNOG00000007905	4.31
ENSRNOG00000007906	0.14
ENSRNOG00000007907	11.61
ENSRNOG00000007911	0
ENSRNOG00000007916	25.99
ENSRNOG00000007917	2.11
ENSRNOG00000007918	1.35
ENSRNOG00000007920	22.78
ENSRNOG00000007921	54.12
ENSRNOG00000007922	0.6
ENSRNOG00000007923	17.48
ENSRNOG00000007924	3.63
ENSRNOG00000007925	9.55
ENSRNOG00000007926	13.13
ENSRNOG00000007927	0
ENSRNOG00000007931	0.11
ENSRNOG00000007932	0.26
ENSRNOG00000007934	20.82
ENSRNOG00000007937	18.62
ENSRNOG00000007939	8.1
ENSRNOG00000007942	0.29
ENSRNOG00000007943	2.33
ENSRNOG00000007946	24.66
ENSRNOG00000007947	8.5
ENSRNOG00000007948	28.17
ENSRNOG00000007949	0.36
ENSRNOG00000007951	8.42
ENSRNOG00000007954	0
ENSRNOG00000007955	19.06
ENSRNOG00000007956	6.03
ENSRNOG00000007957	51.4
ENSRNOG00000007960	0.18
ENSRNOG00000007962	0
ENSRNOG00000007964	4.81
ENSRNOG00000007965	0
ENSRNOG00000007967	107.78
ENSRNOG00000007968	12.48
ENSRNOG00000007970	3.19
ENSRNOG00000007971	185.13
ENSRNOG00000007972	10
ENSRNOG00000007975	17.2
ENSRNOG00000007977	0
ENSRNOG00000007979	11.76
ENSRNOG00000007980	0.08
ENSRNOG00000007981	7.79
ENSRNOG00000007982	22.75
ENSRNOG00000007984	1.97
ENSRNOG00000007986	0
ENSRNOG00000007988	14.56
ENSRNOG00000007989	51.1
ENSRNOG00000007990	33.9
ENSRNOG00000007992	18.49
ENSRNOG00000007993	1.36
ENSRNOG00000007997	13.65
ENSRNOG00000007998	42.28
ENSRNOG00000007999	0.1
ENSRNOG00000008000	34.87
ENSRNOG00000008001	27.54
ENSRNOG00000008003	0
ENSRNOG00000008005	2.83
ENSRNOG00000008010	0
ENSRNOG00000008011	3.03
ENSRNOG00000008012	5.78
ENSRNOG00000008015	4.83
ENSRNOG00000008016	7.54
ENSRNOG00000008017	36.49
ENSRNOG00000008020	0.35
ENSRNOG00000008022	3.3
ENSRNOG00000008024	24.31
ENSRNOG00000008025	3.8
ENSRNOG00000008026	1.69
ENSRNOG00000008027	1.11
ENSRNOG00000008030	11.7
ENSRNOG00000008031	0.24
ENSRNOG00000008034	27.04
ENSRNOG00000008035	14.99
ENSRNOG00000008036	7.18
ENSRNOG00000008037	9.25
ENSRNOG00000008038	0.21
ENSRNOG00000008039	13.57
ENSRNOG00000008040	0.4
ENSRNOG00000008045	0.18
ENSRNOG00000008046	0.23
ENSRNOG00000008047	3.61
ENSRNOG00000008048	1.08
ENSRNOG00000008049	28.97
ENSRNOG00000008050	0.04
ENSRNOG00000008051	22.47
ENSRNOG00000008052	42.15
ENSRNOG00000008053	10.75
ENSRNOG00000008054	1.22
ENSRNOG00000008055	5.22
ENSRNOG00000008056	5.68
ENSRNOG00000008057	0
ENSRNOG00000008058	13.4
ENSRNOG00000008059	0.01
ENSRNOG00000008061	7.65
ENSRNOG00000008062	2.4
ENSRNOG00000008063	35.45
ENSRNOG00000008064	14.98
ENSRNOG00000008065	23.84
ENSRNOG00000008067	5.79
ENSRNOG00000008074	0.58
ENSRNOG00000008075	7.06
ENSRNOG00000008078	1.45
ENSRNOG00000008079	30.88
ENSRNOG00000008081	11.64
ENSRNOG00000008082	13.24
ENSRNOG00000008086	1.66
ENSRNOG00000008088	53.16
ENSRNOG00000008090	21.47
ENSRNOG00000008091	0.48
ENSRNOG00000008095	0.03
ENSRNOG00000008098	15.12
ENSRNOG00000008099	0.37
ENSRNOG00000008100	6.78
ENSRNOG00000008101	9.43
ENSRNOG00000008102	15.31
ENSRNOG00000008103	444.2
ENSRNOG00000008105	0.28
ENSRNOG00000008106	13.6
ENSRNOG00000008108	13.59
ENSRNOG00000008111	0
ENSRNOG00000008113	3.93
ENSRNOG00000008114	0
ENSRNOG00000008115	2.43
ENSRNOG00000008116	67.15
ENSRNOG00000008117	24.07
ENSRNOG00000008118	2.06
ENSRNOG00000008121	0
ENSRNOG00000008124	10.95
ENSRNOG00000008125	0.24
ENSRNOG00000008129	0.14
ENSRNOG00000008130	0.11
ENSRNOG00000008133	3.06
ENSRNOG00000008134	0.22
ENSRNOG00000008135	0.29
ENSRNOG00000008136	0
ENSRNOG00000008137	26.03
ENSRNOG00000008138	2.45
ENSRNOG00000008140	50.45
ENSRNOG00000008141	0
ENSRNOG00000008142	9.23
ENSRNOG00000008144	2.74
ENSRNOG00000008145	7.92
ENSRNOG00000008146	13.29
ENSRNOG00000008151	2.6
ENSRNOG00000008153	0.07
ENSRNOG00000008155	0.88
ENSRNOG00000008156	5.78
ENSRNOG00000008157	48.95
ENSRNOG00000008159	3.13
ENSRNOG00000008161	0.08
ENSRNOG00000008163	114.73
ENSRNOG00000008165	1.33
ENSRNOG00000008167	21.98
ENSRNOG00000008168	0.9
ENSRNOG00000008169	98.93
ENSRNOG00000008170	0.18
ENSRNOG00000008173	35.92
ENSRNOG00000008174	28.33
ENSRNOG00000008176	0.8
ENSRNOG00000008177	8.33
ENSRNOG00000008178	14.02
ENSRNOG00000008180	5.3
ENSRNOG00000008182	3.49
ENSRNOG00000008184	0
ENSRNOG00000008187	12.95
ENSRNOG00000008190	7.05
ENSRNOG00000008191	0
ENSRNOG00000008193	8.73
ENSRNOG00000008194	10.2
ENSRNOG00000008195	432.56
ENSRNOG00000008196	2.92
ENSRNOG00000008199	0.08
ENSRNOG00000008203	43.95
ENSRNOG00000008209	11.54
ENSRNOG00000008210	0.65
ENSRNOG00000008212	9.08
ENSRNOG00000008214	46.59
ENSRNOG00000008215	4.6
ENSRNOG00000008217	0.45
ENSRNOG00000008218	135.47
ENSRNOG00000008219	0.37
ENSRNOG00000008222	18.9
ENSRNOG00000008223	31.17
ENSRNOG00000008224	15.6
ENSRNOG00000008225	8.91
ENSRNOG00000008226	6.45
ENSRNOG00000008232	0
ENSRNOG00000008234	11.11
ENSRNOG00000008235	0.18
ENSRNOG00000008236	11.46
ENSRNOG00000008237	2.51
ENSRNOG00000008239	21.49
ENSRNOG00000008242	0
ENSRNOG00000008243	0.42
ENSRNOG00000008244	5.47
ENSRNOG00000008245	0.61
ENSRNOG00000008246	2.13
ENSRNOG00000008247	4.7
ENSRNOG00000008249	0.76
ENSRNOG00000008252	0
ENSRNOG00000008256	17.63
ENSRNOG00000008257	1.43
ENSRNOG00000008258	154.27
ENSRNOG00000008264	0.33
ENSRNOG00000008270	1.82
ENSRNOG00000008271	23.27
ENSRNOG00000008274	8.28
ENSRNOG00000008277	32.52
ENSRNOG00000008278	10.03
ENSRNOG00000008279	16.23
ENSRNOG00000008282	0.17
ENSRNOG00000008283	24.83
ENSRNOG00000008287	4.68
ENSRNOG00000008288	32.33
ENSRNOG00000008289	236.43
ENSRNOG00000008291	3.54
ENSRNOG00000008292	32.2
ENSRNOG00000008296	22.05
ENSRNOG00000008297	12.44
ENSRNOG00000008298	9.9
ENSRNOG00000008299	0.32
ENSRNOG00000008300	1.32
ENSRNOG00000008301	16.99
ENSRNOG00000008305	35.56
ENSRNOG00000008307	6.52
ENSRNOG00000008309	8.77
ENSRNOG00000008310	0.04
ENSRNOG00000008312	0.66
ENSRNOG00000008313	0
ENSRNOG00000008314	10.61
ENSRNOG00000008316	24.01
ENSRNOG00000008319	8.08
ENSRNOG00000008320	12.01
ENSRNOG00000008323	11.52
ENSRNOG00000008329	66.04
ENSRNOG00000008331	13.25
ENSRNOG00000008332	6.61
ENSRNOG00000008334	5.34
ENSRNOG00000008336	4.2
ENSRNOG00000008337	2.76
ENSRNOG00000008338	30.35
ENSRNOG00000008340	8.66
ENSRNOG00000008345	36.68
ENSRNOG00000008346	3.05
ENSRNOG00000008351	1.39
ENSRNOG00000008353	0.03
ENSRNOG00000008354	16.62
ENSRNOG00000008356	11.89
ENSRNOG00000008360	0.41
ENSRNOG00000008362	5.1
ENSRNOG00000008363	0.06
ENSRNOG00000008364	32.39
ENSRNOG00000008365	0
ENSRNOG00000008367	0
ENSRNOG00000008368	0.11
ENSRNOG00000008369	0.09
ENSRNOG00000008372	31.54
ENSRNOG00000008373	0.55
ENSRNOG00000008374	37.52
ENSRNOG00000008376	16.9
ENSRNOG00000008377	35.13
ENSRNOG00000008378	16.97
ENSRNOG00000008380	0.36
ENSRNOG00000008382	0.42
ENSRNOG00000008390	21.43
ENSRNOG00000008392	55.73
ENSRNOG00000008393	55.69
ENSRNOG00000008394	0
ENSRNOG00000008398	0
ENSRNOG00000008399	5.86
ENSRNOG00000008400	4.79
ENSRNOG00000008401	1.41
ENSRNOG00000008405	4.24
ENSRNOG00000008409	1.67
ENSRNOG00000008410	7.56
ENSRNOG00000008411	10.73
ENSRNOG00000008412	0.06
ENSRNOG00000008414	244.68
ENSRNOG00000008415	2.9
ENSRNOG00000008416	0.8
ENSRNOG00000008421	38.41
ENSRNOG00000008422	0
ENSRNOG00000008423	3.41
ENSRNOG00000008424	19.65
ENSRNOG00000008425	16.19
ENSRNOG00000008427	18.99
ENSRNOG00000008428	47.46
ENSRNOG00000008431	58.29
ENSRNOG00000008432	3.1
ENSRNOG00000008436	0.72
ENSRNOG00000008439	0
ENSRNOG00000008443	28.64
ENSRNOG00000008444	8.2
ENSRNOG00000008445	1.55
ENSRNOG00000008447	2.54
ENSRNOG00000008449	0.31
ENSRNOG00000008450	0.89
ENSRNOG00000008451	18.47
ENSRNOG00000008452	105.62
ENSRNOG00000008455	4.49
ENSRNOG00000008456	23.2
ENSRNOG00000008459	22.28
ENSRNOG00000008460	0
ENSRNOG00000008461	132.07
ENSRNOG00000008463	9.45
ENSRNOG00000008464	0
ENSRNOG00000008465	46.56
ENSRNOG00000008466	0.08
ENSRNOG00000008467	0.97
ENSRNOG00000008469	14.31
ENSRNOG00000008470	0.7
ENSRNOG00000008471	18.61
ENSRNOG00000008472	19.1
ENSRNOG00000008474	12.75
ENSRNOG00000008475	8.06
ENSRNOG00000008476	0
ENSRNOG00000008478	0
ENSRNOG00000008479	15.92
ENSRNOG00000008480	24
ENSRNOG00000008481	38.75
ENSRNOG00000008482	11.73
ENSRNOG00000008484	5.09
ENSRNOG00000008487	15.6
ENSRNOG00000008489	13.91
ENSRNOG00000008490	28.02
ENSRNOG00000008492	0.88
ENSRNOG00000008499	0
ENSRNOG00000008501	0.14
ENSRNOG00000008506	0
ENSRNOG00000008507	2.6
ENSRNOG00000008508	0.06
ENSRNOG00000008510	9.07
ENSRNOG00000008512	22.97
ENSRNOG00000008513	0.03
ENSRNOG00000008514	0
ENSRNOG00000008515	0.28
ENSRNOG00000008516	0
ENSRNOG00000008517	28.62
ENSRNOG00000008518	0.29
ENSRNOG00000008519	5.44
ENSRNOG00000008521	0
ENSRNOG00000008523	18.16
ENSRNOG00000008524	13.82
ENSRNOG00000008525	0
ENSRNOG00000008526	1.21
ENSRNOG00000008529	1.73
ENSRNOG00000008530	14.24
ENSRNOG00000008533	10.05
ENSRNOG00000008534	38.52
ENSRNOG00000008536	0.04
ENSRNOG00000008539	0
ENSRNOG00000008543	0.97
ENSRNOG00000008544	0.64
ENSRNOG00000008546	15.92
ENSRNOG00000008548	1.01
ENSRNOG00000008551	281.25
ENSRNOG00000008552	0.58
ENSRNOG00000008553	4.58
ENSRNOG00000008554	3.86
ENSRNOG00000008555	100.91
ENSRNOG00000008557	21.73
ENSRNOG00000008560	10.24
ENSRNOG00000008563	0
ENSRNOG00000008564	23.56
ENSRNOG00000008565	52.73
ENSRNOG00000008566	17.11
ENSRNOG00000008567	0.06
ENSRNOG00000008569	119.17
ENSRNOG00000008570	60.76
ENSRNOG00000008572	4.97
ENSRNOG00000008575	0.25
ENSRNOG00000008577	13.86
ENSRNOG00000008578	89.88
ENSRNOG00000008580	12.7
ENSRNOG00000008584	7.46
ENSRNOG00000008585	0.1
ENSRNOG00000008586	0.23
ENSRNOG00000008587	7.61
ENSRNOG00000008588	0.13
ENSRNOG00000008591	0
ENSRNOG00000008592	1.38
ENSRNOG00000008593	12.69
ENSRNOG00000008594	0
ENSRNOG00000008595	2.33
ENSRNOG00000008596	9.71
ENSRNOG00000008597	17.26
ENSRNOG00000008598	6.18
ENSRNOG00000008600	0.52
ENSRNOG00000008602	0.25
ENSRNOG00000008603	0.24
ENSRNOG00000008604	67.91
ENSRNOG00000008605	47.11
ENSRNOG00000008607	23.59
ENSRNOG00000008609	0.28
ENSRNOG00000008610	5.43
ENSRNOG00000008611	0.28
ENSRNOG00000008612	4.91
ENSRNOG00000008613	28.21
ENSRNOG00000008614	9.73
ENSRNOG00000008615	20.01
ENSRNOG00000008616	24.46
ENSRNOG00000008618	4.87
ENSRNOG00000008619	7.58
ENSRNOG00000008620	10.24
ENSRNOG00000008622	5.97
ENSRNOG00000008625	23.85
ENSRNOG00000008626	7.07
ENSRNOG00000008628	16.84
ENSRNOG00000008629	83.77
ENSRNOG00000008632	5.75
ENSRNOG00000008634	18.01
ENSRNOG00000008635	4.65
ENSRNOG00000008637	16.6
ENSRNOG00000008638	0
ENSRNOG00000008639	58.66
ENSRNOG00000008641	6.24
ENSRNOG00000008642	8.39
ENSRNOG00000008643	4.53
ENSRNOG00000008644	2.83
ENSRNOG00000008648	0
ENSRNOG00000008652	7.9
ENSRNOG00000008656	50.97
ENSRNOG00000008658	4.51
ENSRNOG00000008659	46.81
ENSRNOG00000008663	5.78
ENSRNOG00000008664	1.63
ENSRNOG00000008666	14.4
ENSRNOG00000008667	0
ENSRNOG00000008668	0.18
ENSRNOG00000008671	0.08
ENSRNOG00000008672	62.54
ENSRNOG00000008673	67.59
ENSRNOG00000008674	1.82
ENSRNOG00000008676	0.71
ENSRNOG00000008678	7.83
ENSRNOG00000008680	1.29
ENSRNOG00000008683	3.9
ENSRNOG00000008686	1.46
ENSRNOG00000008688	11.06
ENSRNOG00000008689	24.95
ENSRNOG00000008691	12.17
ENSRNOG00000008693	0.87
ENSRNOG00000008694	0.7
ENSRNOG00000008696	3.74
ENSRNOG00000008697	0.87
ENSRNOG00000008700	0.92
ENSRNOG00000008703	42.76
ENSRNOG00000008704	12.6
ENSRNOG00000008706	1.36
ENSRNOG00000008707	0.05
ENSRNOG00000008709	45.67
ENSRNOG00000008711	27.93
ENSRNOG00000008712	8.5
ENSRNOG00000008713	4.33
ENSRNOG00000008714	0
ENSRNOG00000008716	118.12
ENSRNOG00000008720	0
ENSRNOG00000008721	0.04
ENSRNOG00000008725	11.95
ENSRNOG00000008727	0
ENSRNOG00000008728	12.2
ENSRNOG00000008733	14
ENSRNOG00000008734	24.12
ENSRNOG00000008736	0.54
ENSRNOG00000008737	0.27
ENSRNOG00000008738	5.57
ENSRNOG00000008739	0
ENSRNOG00000008741	35
ENSRNOG00000008744	27.43
ENSRNOG00000008746	31.25
ENSRNOG00000008747	25.61
ENSRNOG00000008748	13.3
ENSRNOG00000008749	0.72
ENSRNOG00000008752	5.01
ENSRNOG00000008754	2.04
ENSRNOG00000008755	37.29
ENSRNOG00000008757	12.88
ENSRNOG00000008758	0.97
ENSRNOG00000008759	1.75
ENSRNOG00000008761	65.22
ENSRNOG00000008764	44.25
ENSRNOG00000008765	3.17
ENSRNOG00000008766	6.98
ENSRNOG00000008767	16.72
ENSRNOG00000008775	0.68
ENSRNOG00000008781	17.65
ENSRNOG00000008782	58.18
ENSRNOG00000008785	1.32
ENSRNOG00000008786	41.83
ENSRNOG00000008788	14.74
ENSRNOG00000008790	26.99
ENSRNOG00000008794	61.4
ENSRNOG00000008797	14.78
ENSRNOG00000008798	1.37
ENSRNOG00000008800	0
ENSRNOG00000008802	26.1
ENSRNOG00000008804	0
ENSRNOG00000008806	6.29
ENSRNOG00000008807	0.07
ENSRNOG00000008810	187.22
ENSRNOG00000008812	14.06
ENSRNOG00000008814	0.23
ENSRNOG00000008815	3.84
ENSRNOG00000008816	4.72
ENSRNOG00000008819	0
ENSRNOG00000008822	245
ENSRNOG00000008824	0.57
ENSRNOG00000008825	41.88
ENSRNOG00000008826	0
ENSRNOG00000008829	37.1
ENSRNOG00000008830	69.25
ENSRNOG00000008831	118.72
ENSRNOG00000008834	10.56
ENSRNOG00000008837	16.92
ENSRNOG00000008838	0.09
ENSRNOG00000008839	0.39
ENSRNOG00000008841	0.93
ENSRNOG00000008842	0.36
ENSRNOG00000008843	11.76
ENSRNOG00000008845	33.74
ENSRNOG00000008846	4.41
ENSRNOG00000008847	0
ENSRNOG00000008849	0.5
ENSRNOG00000008850	18.19
ENSRNOG00000008851	26.87
ENSRNOG00000008855	1.73
ENSRNOG00000008857	7.31
ENSRNOG00000008859	9.02
ENSRNOG00000008861	11.19
ENSRNOG00000008862	18.94
ENSRNOG00000008865	0.58
ENSRNOG00000008868	28.49
ENSRNOG00000008869	40.51
ENSRNOG00000008870	16.95
ENSRNOG00000008871	0
ENSRNOG00000008872	11.76
ENSRNOG00000008873	1.02
ENSRNOG00000008880	0.03
ENSRNOG00000008881	0
ENSRNOG00000008885	8.84
ENSRNOG00000008890	2.7
ENSRNOG00000008891	29.13
ENSRNOG00000008892	6.54
ENSRNOG00000008895	0
ENSRNOG00000008897	34.53
ENSRNOG00000008898	1.53
ENSRNOG00000008901	5.32
ENSRNOG00000008902	0
ENSRNOG00000008904	2.2
ENSRNOG00000008907	3.93
ENSRNOG00000008908	9.17
ENSRNOG00000008911	0.69
ENSRNOG00000008912	13.07
ENSRNOG00000008914	0.19
ENSRNOG00000008915	24.32
ENSRNOG00000008917	13.52
ENSRNOG00000008919	96.61
ENSRNOG00000008921	308.33
ENSRNOG00000008922	0.39
ENSRNOG00000008924	30.24
ENSRNOG00000008927	18.78
ENSRNOG00000008929	9.71
ENSRNOG00000008930	0.06
ENSRNOG00000008931	0.18
ENSRNOG00000008932	4.15
ENSRNOG00000008933	0.33
ENSRNOG00000008934	15.87
ENSRNOG00000008936	0.31
ENSRNOG00000008937	386.67
ENSRNOG00000008939	24.97
ENSRNOG00000008941	4.62
ENSRNOG00000008942	0.13
ENSRNOG00000008943	321.36
ENSRNOG00000008944	15.35
ENSRNOG00000008945	16.49
ENSRNOG00000008946	1.02
ENSRNOG00000008947	0.71
ENSRNOG00000008949	0.22
ENSRNOG00000008950	13.87
ENSRNOG00000008951	11.78
ENSRNOG00000008953	0.39
ENSRNOG00000008956	1.85
ENSRNOG00000008960	8.96
ENSRNOG00000008961	109.13
ENSRNOG00000008962	0.38
ENSRNOG00000008965	4.63
ENSRNOG00000008966	0.24
ENSRNOG00000008970	11.77
ENSRNOG00000008971	0.04
ENSRNOG00000008972	0
ENSRNOG00000008978	5
ENSRNOG00000008979	0
ENSRNOG00000008980	2.7
ENSRNOG00000008981	29.26
ENSRNOG00000008984	10.68
ENSRNOG00000008986	0.16
ENSRNOG00000008987	9.56
ENSRNOG00000008988	0.35
ENSRNOG00000008989	5.71
ENSRNOG00000008990	10.01
ENSRNOG00000008992	10.18
ENSRNOG00000008994	74.28
ENSRNOG00000008996	19.69
ENSRNOG00000009000	12.33
ENSRNOG00000009001	23.55
ENSRNOG00000009002	0
ENSRNOG00000009004	0.42
ENSRNOG00000009005	0.34
ENSRNOG00000009006	63.61
ENSRNOG00000009008	7.53
ENSRNOG00000009014	0.91
ENSRNOG00000009015	16.56
ENSRNOG00000009019	35.85
ENSRNOG00000009020	16.24
ENSRNOG00000009022	0
ENSRNOG00000009028	28.17
ENSRNOG00000009029	186.98
ENSRNOG00000009030	0.06
ENSRNOG00000009031	0.07
ENSRNOG00000009032	4.8
ENSRNOG00000009033	80.96
ENSRNOG00000009034	7.84
ENSRNOG00000009035	17.94
ENSRNOG00000009037	3.39
ENSRNOG00000009039	21.21
ENSRNOG00000009040	10.1
ENSRNOG00000009042	26.58
ENSRNOG00000009043	1.02
ENSRNOG00000009045	4.95
ENSRNOG00000009046	5.03
ENSRNOG00000009047	0
ENSRNOG00000009049	33.4
ENSRNOG00000009050	0.07
ENSRNOG00000009052	0.15
ENSRNOG00000009054	88.65
ENSRNOG00000009057	69.44
ENSRNOG00000009058	0.1
ENSRNOG00000009061	0.37
ENSRNOG00000009063	21.35
ENSRNOG00000009066	98.22
ENSRNOG00000009068	15.44
ENSRNOG00000009069	16.19
ENSRNOG00000009071	53.47
ENSRNOG00000009072	0.08
ENSRNOG00000009073	0
ENSRNOG00000009074	0.21
ENSRNOG00000009075	5.73
ENSRNOG00000009076	13.04
ENSRNOG00000009078	21.01
ENSRNOG00000009079	27.61
ENSRNOG00000009080	109.07
ENSRNOG00000009084	5.31
ENSRNOG00000009085	17.17
ENSRNOG00000009086	0
ENSRNOG00000009088	19.75
ENSRNOG00000009090	58.54
ENSRNOG00000009094	68.48
ENSRNOG00000009096	0.31
ENSRNOG00000009097	50.78
ENSRNOG00000009102	54.75
ENSRNOG00000009103	8.34
ENSRNOG00000009104	14.33
ENSRNOG00000009105	0.46
ENSRNOG00000009106	1.39
ENSRNOG00000009110	20.65
ENSRNOG00000009112	46.93
ENSRNOG00000009113	78.36
ENSRNOG00000009114	18.3
ENSRNOG00000009115	0
ENSRNOG00000009116	3.99
ENSRNOG00000009117	3.85
ENSRNOG00000009118	0.08
ENSRNOG00000009125	5.04
ENSRNOG00000009131	1.11
ENSRNOG00000009134	6.17
ENSRNOG00000009135	0.37
ENSRNOG00000009137	9.28
ENSRNOG00000009138	0
ENSRNOG00000009139	18.08
ENSRNOG00000009140	92.96
ENSRNOG00000009141	0
ENSRNOG00000009143	7.71
ENSRNOG00000009144	0.17
ENSRNOG00000009145	5.75
ENSRNOG00000009146	0
ENSRNOG00000009148	1.26
ENSRNOG00000009149	50.43
ENSRNOG00000009151	2.04
ENSRNOG00000009152	62.78
ENSRNOG00000009153	0.03
ENSRNOG00000009154	0
ENSRNOG00000009155	70.56
ENSRNOG00000009156	36.99
ENSRNOG00000009157	2.44
ENSRNOG00000009160	0
ENSRNOG00000009161	86.71
ENSRNOG00000009163	13.71
ENSRNOG00000009166	33.98
ENSRNOG00000009168	0
ENSRNOG00000009170	22.83
ENSRNOG00000009172	0.22
ENSRNOG00000009173	1.41
ENSRNOG00000009175	23.91
ENSRNOG00000009176	20.42
ENSRNOG00000009177	0
ENSRNOG00000009178	0.45
ENSRNOG00000009180	1.07
ENSRNOG00000009181	3.33
ENSRNOG00000009183	20.39
ENSRNOG00000009184	25.14
ENSRNOG00000009191	3.26
ENSRNOG00000009192	6.26
ENSRNOG00000009193	0.46
ENSRNOG00000009195	10.04
ENSRNOG00000009196	9.31
ENSRNOG00000009197	1.05
ENSRNOG00000009198	188.04
ENSRNOG00000009199	1.65
ENSRNOG00000009203	0.27
ENSRNOG00000009204	0.1
ENSRNOG00000009205	16.66
ENSRNOG00000009206	0.53
ENSRNOG00000009207	18.08
ENSRNOG00000009208	4.35
ENSRNOG00000009209	11.82
ENSRNOG00000009211	1.21
ENSRNOG00000009217	24.45
ENSRNOG00000009218	0.06
ENSRNOG00000009219	63.67
ENSRNOG00000009220	5.26
ENSRNOG00000009221	0
ENSRNOG00000009222	0.72
ENSRNOG00000009224	10.17
ENSRNOG00000009225	2.47
ENSRNOG00000009226	0
ENSRNOG00000009227	1.73
ENSRNOG00000009233	6.69
ENSRNOG00000009236	60.67
ENSRNOG00000009239	0.22
ENSRNOG00000009240	0.3
ENSRNOG00000009241	0.11
ENSRNOG00000009243	11.19
ENSRNOG00000009244	49.28
ENSRNOG00000009245	9.71
ENSRNOG00000009248	24.62
ENSRNOG00000009250	6.84
ENSRNOG00000009252	52.13
ENSRNOG00000009253	7.52
ENSRNOG00000009255	24.05
ENSRNOG00000009256	0.09
ENSRNOG00000009258	1.98
ENSRNOG00000009260	0.52
ENSRNOG00000009263	78.01
ENSRNOG00000009264	7.22
ENSRNOG00000009265	11.46
ENSRNOG00000009266	68.17
ENSRNOG00000009267	16.65
ENSRNOG00000009269	0
ENSRNOG00000009271	39.04
ENSRNOG00000009273	0
ENSRNOG00000009274	5.26
ENSRNOG00000009275	45.17
ENSRNOG00000009276	47.65
ENSRNOG00000009278	7.42
ENSRNOG00000009280	35.87
ENSRNOG00000009281	27.47
ENSRNOG00000009282	51.86
ENSRNOG00000009284	0.04
ENSRNOG00000009285	15.75
ENSRNOG00000009286	0.05
ENSRNOG00000009288	11.26
ENSRNOG00000009289	6.04
ENSRNOG00000009290	11.41
ENSRNOG00000009291	0.09
ENSRNOG00000009296	5.66
ENSRNOG00000009297	30.65
ENSRNOG00000009298	71.54
ENSRNOG00000009299	20.35
ENSRNOG00000009300	0.33
ENSRNOG00000009302	3.69
ENSRNOG00000009303	3.38
ENSRNOG00000009308	1.81
ENSRNOG00000009309	29.29
ENSRNOG00000009310	8.45
ENSRNOG00000009311	0.37
ENSRNOG00000009313	55.38
ENSRNOG00000009314	0
ENSRNOG00000009316	0.1
ENSRNOG00000009318	29.35
ENSRNOG00000009322	5.74
ENSRNOG00000009323	14.53
ENSRNOG00000009324	4.11
ENSRNOG00000009325	23.33
ENSRNOG00000009326	0
ENSRNOG00000009329	45.05
ENSRNOG00000009330	5.85
ENSRNOG00000009331	1.31
ENSRNOG00000009332	0.82
ENSRNOG00000009333	9.87
ENSRNOG00000009334	0.33
ENSRNOG00000009336	1.75
ENSRNOG00000009338	25.46
ENSRNOG00000009339	1.59
ENSRNOG00000009340	6.39
ENSRNOG00000009341	5.01
ENSRNOG00000009342	0.05
ENSRNOG00000009343	0.08
ENSRNOG00000009345	117.59
ENSRNOG00000009346	3.54
ENSRNOG00000009347	3.12
ENSRNOG00000009348	3.53
ENSRNOG00000009350	99.64
ENSRNOG00000009351	14.3
ENSRNOG00000009354	5.34
ENSRNOG00000009355	19.28
ENSRNOG00000009358	6.29
ENSRNOG00000009360	7.12
ENSRNOG00000009364	167.89
ENSRNOG00000009369	2.16
ENSRNOG00000009370	19.82
ENSRNOG00000009371	0.39
ENSRNOG00000009372	2.63
ENSRNOG00000009373	3.82
ENSRNOG00000009376	0
ENSRNOG00000009377	32.29
ENSRNOG00000009378	234.18
ENSRNOG00000009381	29.16
ENSRNOG00000009382	1.64
ENSRNOG00000009383	0
ENSRNOG00000009385	1.4
ENSRNOG00000009388	11.7
ENSRNOG00000009389	5.11
ENSRNOG00000009390	0
ENSRNOG00000009397	16.31
ENSRNOG00000009398	5.15
ENSRNOG00000009399	0.02
ENSRNOG00000009401	8.47
ENSRNOG00000009402	21.06
ENSRNOG00000009403	3.59
ENSRNOG00000009406	21.97
ENSRNOG00000009409	54.48
ENSRNOG00000009411	53.92
ENSRNOG00000009412	6.21
ENSRNOG00000009414	33.09
ENSRNOG00000009419	11.11
ENSRNOG00000009421	35.23
ENSRNOG00000009422	8.86
ENSRNOG00000009425	0.65
ENSRNOG00000009427	0.03
ENSRNOG00000009430	10.32
ENSRNOG00000009431	6.78
ENSRNOG00000009432	24.62
ENSRNOG00000009433	1.06
ENSRNOG00000009434	0.3
ENSRNOG00000009436	0.03
ENSRNOG00000009437	0.35
ENSRNOG00000009438	0
ENSRNOG00000009439	669.37
ENSRNOG00000009440	0.75
ENSRNOG00000009445	0
ENSRNOG00000009446	9.77
ENSRNOG00000009447	1.24
ENSRNOG00000009448	5.37
ENSRNOG00000009449	60.99
ENSRNOG00000009450	6.7
ENSRNOG00000009451	10.04
ENSRNOG00000009453	2.27
ENSRNOG00000009459	15.95
ENSRNOG00000009460	19.42
ENSRNOG00000009461	0.51
ENSRNOG00000009462	11.72
ENSRNOG00000009465	2.42
ENSRNOG00000009466	0.24
ENSRNOG00000009468	2.44
ENSRNOG00000009470	10.52
ENSRNOG00000009471	1.57
ENSRNOG00000009473	5.72
ENSRNOG00000009474	24.02
ENSRNOG00000009478	13.4
ENSRNOG00000009481	22.78
ENSRNOG00000009482	1.55
ENSRNOG00000009484	19.15
ENSRNOG00000009487	0.68
ENSRNOG00000009488	0.02
ENSRNOG00000009491	10.93
ENSRNOG00000009492	1.44
ENSRNOG00000009495	39.76
ENSRNOG00000009499	8.78
ENSRNOG00000009503	0.04
ENSRNOG00000009505	2.94
ENSRNOG00000009506	8.15
ENSRNOG00000009508	0.07
ENSRNOG00000009512	24.59
ENSRNOG00000009513	40.36
ENSRNOG00000009514	5.19
ENSRNOG00000009515	7.77
ENSRNOG00000009519	0
ENSRNOG00000009521	0.67
ENSRNOG00000009522	1.14
ENSRNOG00000009523	14.57
ENSRNOG00000009526	0
ENSRNOG00000009528	0.46
ENSRNOG00000009530	4.44
ENSRNOG00000009531	18.35
ENSRNOG00000009533	12.55
ENSRNOG00000009535	30.03
ENSRNOG00000009536	21.41
ENSRNOG00000009538	18.58
ENSRNOG00000009539	37.23
ENSRNOG00000009540	1.66
ENSRNOG00000009542	3.42
ENSRNOG00000009545	5.85
ENSRNOG00000009548	3.49
ENSRNOG00000009549	22.18
ENSRNOG00000009550	23.43
ENSRNOG00000009552	158.24
ENSRNOG00000009555	0.26
ENSRNOG00000009556	0.04
ENSRNOG00000009559	0
ENSRNOG00000009563	0.89
ENSRNOG00000009564	0.32
ENSRNOG00000009565	3.73
ENSRNOG00000009566	13.31
ENSRNOG00000009567	18.92
ENSRNOG00000009568	14.43
ENSRNOG00000009570	42.14
ENSRNOG00000009571	31.56
ENSRNOG00000009572	0.03
ENSRNOG00000009574	0
ENSRNOG00000009575	3.34
ENSRNOG00000009576	3.21
ENSRNOG00000009577	1.72
ENSRNOG00000009580	2.61
ENSRNOG00000009581	0
ENSRNOG00000009582	4.53
ENSRNOG00000009583	0
ENSRNOG00000009585	16.65
ENSRNOG00000009586	0
ENSRNOG00000009588	49.23
ENSRNOG00000009589	0.48
ENSRNOG00000009590	16.25
ENSRNOG00000009592	23.83
ENSRNOG00000009593	3.81
ENSRNOG00000009594	0.91
ENSRNOG00000009595	4.83
ENSRNOG00000009596	0.01
ENSRNOG00000009597	0
ENSRNOG00000009598	23.07
ENSRNOG00000009599	1.24
ENSRNOG00000009602	0.18
ENSRNOG00000009605	11.79
ENSRNOG00000009609	2.82
ENSRNOG00000009610	0
ENSRNOG00000009611	0
ENSRNOG00000009613	31.42
ENSRNOG00000009614	0.2
ENSRNOG00000009615	17.83
ENSRNOG00000009617	1.7
ENSRNOG00000009620	1.29
ENSRNOG00000009624	0
ENSRNOG00000009625	148.75
ENSRNOG00000009629	302.07
ENSRNOG00000009630	44.61
ENSRNOG00000009635	3.5
ENSRNOG00000009636	72.41
ENSRNOG00000009639	27.22
ENSRNOG00000009640	19.56
ENSRNOG00000009642	54.4
ENSRNOG00000009643	43.09
ENSRNOG00000009646	0.1
ENSRNOG00000009648	0
ENSRNOG00000009649	6.84
ENSRNOG00000009652	17.33
ENSRNOG00000009653	11.9
ENSRNOG00000009656	0.64
ENSRNOG00000009658	9.77
ENSRNOG00000009660	16.07
ENSRNOG00000009661	12.9
ENSRNOG00000009662	0.09
ENSRNOG00000009663	28.05
ENSRNOG00000009664	3.89
ENSRNOG00000009667	15.23
ENSRNOG00000009670	0
ENSRNOG00000009673	8.05
ENSRNOG00000009675	30.86
ENSRNOG00000009681	21.94
ENSRNOG00000009683	110.71
ENSRNOG00000009686	0
ENSRNOG00000009687	2.74
ENSRNOG00000009689	25.63
ENSRNOG00000009690	3.35
ENSRNOG00000009691	30.9
ENSRNOG00000009693	0
ENSRNOG00000009694	7.55
ENSRNOG00000009696	26.26
ENSRNOG00000009700	54.72
ENSRNOG00000009705	0.4
ENSRNOG00000009708	1.11
ENSRNOG00000009709	0
ENSRNOG00000009711	0
ENSRNOG00000009712	7.79
ENSRNOG00000009713	29.28
ENSRNOG00000009715	30.61
ENSRNOG00000009716	24.93
ENSRNOG00000009718	2.63
ENSRNOG00000009719	43.92
ENSRNOG00000009722	57.88
ENSRNOG00000009723	21.09
ENSRNOG00000009724	5.53
ENSRNOG00000009726	12.31
ENSRNOG00000009729	33.39
ENSRNOG00000009730	7.51
ENSRNOG00000009734	6.15
ENSRNOG00000009735	1.81
ENSRNOG00000009736	0.04
ENSRNOG00000009738	0
ENSRNOG00000009739	19.63
ENSRNOG00000009740	36.31
ENSRNOG00000009741	0
ENSRNOG00000009742	5.98
ENSRNOG00000009745	13.75
ENSRNOG00000009746	5.88
ENSRNOG00000009747	0
ENSRNOG00000009748	0
ENSRNOG00000009749	18.91
ENSRNOG00000009751	1.99
ENSRNOG00000009754	14.97
ENSRNOG00000009756	32.45
ENSRNOG00000009760	58.16
ENSRNOG00000009761	14.96
ENSRNOG00000009764	0
ENSRNOG00000009766	14.7
ENSRNOG00000009768	0.11
ENSRNOG00000009770	0
ENSRNOG00000009771	7.43
ENSRNOG00000009772	31.81
ENSRNOG00000009773	18.47
ENSRNOG00000009778	117.83
ENSRNOG00000009779	2.15
ENSRNOG00000009781	49.32
ENSRNOG00000009782	1.91
ENSRNOG00000009783	39.75
ENSRNOG00000009785	0.73
ENSRNOG00000009787	1.49
ENSRNOG00000009788	0
ENSRNOG00000009789	4.92
ENSRNOG00000009790	7.03
ENSRNOG00000009791	0
ENSRNOG00000009792	0.46
ENSRNOG00000009795	5.33
ENSRNOG00000009797	0
ENSRNOG00000009799	17.49
ENSRNOG00000009802	2.46
ENSRNOG00000009803	0.35
ENSRNOG00000009805	8.04
ENSRNOG00000009808	11.45
ENSRNOG00000009811	36.76
ENSRNOG00000009812	13.44
ENSRNOG00000009814	0.8
ENSRNOG00000009815	11.47
ENSRNOG00000009819	16.97
ENSRNOG00000009820	45.73
ENSRNOG00000009821	11.19
ENSRNOG00000009822	2.76
ENSRNOG00000009823	36.71
ENSRNOG00000009824	7.86
ENSRNOG00000009826	3.06
ENSRNOG00000009830	7.31
ENSRNOG00000009832	8.79
ENSRNOG00000009835	12.52
ENSRNOG00000009836	12.94
ENSRNOG00000009837	2.76
ENSRNOG00000009845	15.77
ENSRNOG00000009846	13.61
ENSRNOG00000009848	6.66
ENSRNOG00000009849	5.55
ENSRNOG00000009850	39.37
ENSRNOG00000009851	3.67
ENSRNOG00000009852	0
ENSRNOG00000009855	0
ENSRNOG00000009856	57.37
ENSRNOG00000009857	11.23
ENSRNOG00000009861	0.15
ENSRNOG00000009862	92.26
ENSRNOG00000009863	16.51
ENSRNOG00000009867	4.16
ENSRNOG00000009870	1.48
ENSRNOG00000009871	0.47
ENSRNOG00000009872	25.44
ENSRNOG00000009873	5.92
ENSRNOG00000009875	0.68
ENSRNOG00000009878	4.02
ENSRNOG00000009881	0.68
ENSRNOG00000009882	198.35
ENSRNOG00000009884	12.25
ENSRNOG00000009886	6.09
ENSRNOG00000009887	19.64
ENSRNOG00000009888	45.44
ENSRNOG00000009889	29.25
ENSRNOG00000009891	10.6
ENSRNOG00000009892	2.69
ENSRNOG00000009893	19.4
ENSRNOG00000009894	13.58
ENSRNOG00000009896	24.02
ENSRNOG00000009897	0.43
ENSRNOG00000009898	0
ENSRNOG00000009899	13.31
ENSRNOG00000009902	3.02
ENSRNOG00000009903	0
ENSRNOG00000009905	0.09
ENSRNOG00000009906	2.55
ENSRNOG00000009907	0.03
ENSRNOG00000009910	7.37
ENSRNOG00000009912	0.81
ENSRNOG00000009917	3.32
ENSRNOG00000009919	0.13
ENSRNOG00000009920	15.34
ENSRNOG00000009921	0
ENSRNOG00000009922	8.68
ENSRNOG00000009928	15.92
ENSRNOG00000009930	4.33
ENSRNOG00000009932	2.09
ENSRNOG00000009934	45.09
ENSRNOG00000009935	21.96
ENSRNOG00000009936	10.65
ENSRNOG00000009943	0
ENSRNOG00000009945	22.01
ENSRNOG00000009946	13.18
ENSRNOG00000009948	36.57
ENSRNOG00000009949	2.2
ENSRNOG00000009950	11.81
ENSRNOG00000009951	10.43
ENSRNOG00000009952	0
ENSRNOG00000009953	7.49
ENSRNOG00000009954	16.73
ENSRNOG00000009955	4.32
ENSRNOG00000009956	38.6
ENSRNOG00000009957	7.55
ENSRNOG00000009958	8.53
ENSRNOG00000009960	67.48
ENSRNOG00000009963	47.15
ENSRNOG00000009965	2.82
ENSRNOG00000009967	7.51
ENSRNOG00000009968	11.38
ENSRNOG00000009969	0
ENSRNOG00000009970	6.92
ENSRNOG00000009971	4.59
ENSRNOG00000009972	3.23
ENSRNOG00000009974	15.06
ENSRNOG00000009977	44.39
ENSRNOG00000009979	0
ENSRNOG00000009980	14.35
ENSRNOG00000009982	48.58
ENSRNOG00000009983	18
ENSRNOG00000009987	44.46
ENSRNOG00000009990	64.02
ENSRNOG00000009992	54.87
ENSRNOG00000009993	14.29
ENSRNOG00000009994	30.96
ENSRNOG00000009995	7.48
ENSRNOG00000009997	5.84
ENSRNOG00000010002	0.98
ENSRNOG00000010004	2.83
ENSRNOG00000010005	10.25
ENSRNOG00000010007	33.26
ENSRNOG00000010008	9.23
ENSRNOG00000010011	5.51
ENSRNOG00000010015	0.15
ENSRNOG00000010017	7.32
ENSRNOG00000010018	1.49
ENSRNOG00000010019	1.76
ENSRNOG00000010021	7.28
ENSRNOG00000010023	12.65
ENSRNOG00000010024	11.42
ENSRNOG00000010027	2.29
ENSRNOG00000010028	15.74
ENSRNOG00000010029	35.24
ENSRNOG00000010031	18.9
ENSRNOG00000010034	27.27
ENSRNOG00000010035	0
ENSRNOG00000010037	11.94
ENSRNOG00000010038	125.74
ENSRNOG00000010041	30.85
ENSRNOG00000010042	11.35
ENSRNOG00000010045	0.61
ENSRNOG00000010047	0.79
ENSRNOG00000010048	115.28
ENSRNOG00000010050	4.48
ENSRNOG00000010052	0
ENSRNOG00000010053	0.18
ENSRNOG00000010057	0
ENSRNOG00000010058	24.57
ENSRNOG00000010060	6.06
ENSRNOG00000010063	3.32
ENSRNOG00000010064	4.39
ENSRNOG00000010065	4.83
ENSRNOG00000010067	35.81
ENSRNOG00000010068	8.2
ENSRNOG00000010071	2.06
ENSRNOG00000010076	2.23
ENSRNOG00000010077	44.92
ENSRNOG00000010078	2.14
ENSRNOG00000010079	0.73
ENSRNOG00000010081	5.69
ENSRNOG00000010083	23.38
ENSRNOG00000010084	15
ENSRNOG00000010085	16.81
ENSRNOG00000010086	2.7
ENSRNOG00000010087	3.81
ENSRNOG00000010090	7.4
ENSRNOG00000010091	34.17
ENSRNOG00000010092	0.82
ENSRNOG00000010094	3.01
ENSRNOG00000010096	15.36
ENSRNOG00000010098	0.82
ENSRNOG00000010099	31.72
ENSRNOG00000010100	9.53
ENSRNOG00000010101	1.12
ENSRNOG00000010103	45.94
ENSRNOG00000010104	7.39
ENSRNOG00000010105	1.74
ENSRNOG00000010106	7.1
ENSRNOG00000010107	4.45
ENSRNOG00000010109	8.8
ENSRNOG00000010111	0.14
ENSRNOG00000010116	20.76
ENSRNOG00000010117	41.92
ENSRNOG00000010119	16.32
ENSRNOG00000010121	19.75
ENSRNOG00000010124	82.12
ENSRNOG00000010125	15.08
ENSRNOG00000010126	4.17
ENSRNOG00000010128	1.33
ENSRNOG00000010131	10.13
ENSRNOG00000010133	42.79
ENSRNOG00000010134	4.21
ENSRNOG00000010137	3.15
ENSRNOG00000010141	12.96
ENSRNOG00000010144	0.22
ENSRNOG00000010146	83.17
ENSRNOG00000010147	31.5
ENSRNOG00000010149	2.86
ENSRNOG00000010150	29.04
ENSRNOG00000010152	1.25
ENSRNOG00000010153	28.25
ENSRNOG00000010154	9.36
ENSRNOG00000010155	22.17
ENSRNOG00000010156	25.72
ENSRNOG00000010158	1.48
ENSRNOG00000010160	2.04
ENSRNOG00000010161	10.21
ENSRNOG00000010162	0.45
ENSRNOG00000010164	11.26
ENSRNOG00000010165	3.58
ENSRNOG00000010169	29.04
ENSRNOG00000010170	155.42
ENSRNOG00000010171	14.18
ENSRNOG00000010172	0.61
ENSRNOG00000010174	41.44
ENSRNOG00000010176	82.45
ENSRNOG00000010177	0.05
ENSRNOG00000010178	14.52
ENSRNOG00000010179	0
ENSRNOG00000010180	32.47
ENSRNOG00000010181	0.46
ENSRNOG00000010183	2.45
ENSRNOG00000010184	83.98
ENSRNOG00000010185	13.22
ENSRNOG00000010186	17.98
ENSRNOG00000010188	0.05
ENSRNOG00000010189	123.01
ENSRNOG00000010194	9.66
ENSRNOG00000010196	8.44
ENSRNOG00000010199	47.33
ENSRNOG00000010204	24.54
ENSRNOG00000010205	26.71
ENSRNOG00000010208	2.7
ENSRNOG00000010209	3.68
ENSRNOG00000010210	7.41
ENSRNOG00000010213	2.23
ENSRNOG00000010214	3.37
ENSRNOG00000010217	49.18
ENSRNOG00000010218	77.65
ENSRNOG00000010219	30.3
ENSRNOG00000010224	12.99
ENSRNOG00000010227	7.75
ENSRNOG00000010230	27.68
ENSRNOG00000010232	135.2
ENSRNOG00000010233	10.9
ENSRNOG00000010234	8.47
ENSRNOG00000010235	39.32
ENSRNOG00000010237	83.76
ENSRNOG00000010238	0.04
ENSRNOG00000010239	131.09
ENSRNOG00000010240	1.09
ENSRNOG00000010241	6.75
ENSRNOG00000010244	10.08
ENSRNOG00000010248	24.16
ENSRNOG00000010252	32.62
ENSRNOG00000010253	0.48
ENSRNOG00000010254	1.12
ENSRNOG00000010257	20.19
ENSRNOG00000010258	17.28
ENSRNOG00000010259	2.82
ENSRNOG00000010260	35.13
ENSRNOG00000010261	0.2
ENSRNOG00000010262	0.05
ENSRNOG00000010263	383.4
ENSRNOG00000010265	1.02
ENSRNOG00000010266	3.64
ENSRNOG00000010267	25.54
ENSRNOG00000010268	0.67
ENSRNOG00000010270	0
ENSRNOG00000010274	3.65
ENSRNOG00000010275	0.85
ENSRNOG00000010277	96.8
ENSRNOG00000010278	0
ENSRNOG00000010280	19.09
ENSRNOG00000010282	18.88
ENSRNOG00000010283	0.2
ENSRNOG00000010284	35.61
ENSRNOG00000010286	11.66
ENSRNOG00000010291	5.94
ENSRNOG00000010296	1.27
ENSRNOG00000010298	43.25
ENSRNOG00000010299	75.94
ENSRNOG00000010301	4.94
ENSRNOG00000010302	3.54
ENSRNOG00000010303	30.39
ENSRNOG00000010306	61.76
ENSRNOG00000010308	23.3
ENSRNOG00000010309	18.21
ENSRNOG00000010311	61.2
ENSRNOG00000010312	0.23
ENSRNOG00000010315	0
ENSRNOG00000010316	2.83
ENSRNOG00000010319	8.88
ENSRNOG00000010320	13.12
ENSRNOG00000010325	0.98
ENSRNOG00000010326	2.68
ENSRNOG00000010330	27.82
ENSRNOG00000010331	230.07
ENSRNOG00000010332	5.7
ENSRNOG00000010337	0
ENSRNOG00000010342	14.69
ENSRNOG00000010344	0.09
ENSRNOG00000010345	0.76
ENSRNOG00000010347	3.75
ENSRNOG00000010348	0.09
ENSRNOG00000010349	8.51
ENSRNOG00000010350	110.01
ENSRNOG00000010352	15.11
ENSRNOG00000010353	29.29
ENSRNOG00000010357	0.74
ENSRNOG00000010358	7
ENSRNOG00000010359	0.27
ENSRNOG00000010361	13.21
ENSRNOG00000010362	5.95
ENSRNOG00000010363	14.44
ENSRNOG00000010365	93.49
ENSRNOG00000010369	7.47
ENSRNOG00000010370	17.3
ENSRNOG00000010375	0.08
ENSRNOG00000010378	0.77
ENSRNOG00000010379	36.51
ENSRNOG00000010381	10.42
ENSRNOG00000010386	17.78
ENSRNOG00000010388	0.02
ENSRNOG00000010389	541.58
ENSRNOG00000010390	8.29
ENSRNOG00000010392	2.52
ENSRNOG00000010396	8.78
ENSRNOG00000010397	2.83
ENSRNOG00000010402	0.94
ENSRNOG00000010406	0.16
ENSRNOG00000010407	0
ENSRNOG00000010408	30.54
ENSRNOG00000010409	20.01
ENSRNOG00000010410	0
ENSRNOG00000010412	3.77
ENSRNOG00000010415	5.67
ENSRNOG00000010417	12.71
ENSRNOG00000010418	3.7
ENSRNOG00000010420	42.96
ENSRNOG00000010421	14.22
ENSRNOG00000010423	0.1
ENSRNOG00000010427	24.51
ENSRNOG00000010428	10.3
ENSRNOG00000010430	0.42
ENSRNOG00000010431	0.07
ENSRNOG00000010434	28.7
ENSRNOG00000010435	4.71
ENSRNOG00000010436	14.13
ENSRNOG00000010438	1.69
ENSRNOG00000010440	105.76
ENSRNOG00000010446	0
ENSRNOG00000010447	76.19
ENSRNOG00000010448	17.92
ENSRNOG00000010449	0
ENSRNOG00000010450	29.31
ENSRNOG00000010451	0.15
ENSRNOG00000010452	136.14
ENSRNOG00000010453	29.29
ENSRNOG00000010454	0.03
ENSRNOG00000010457	10.34
ENSRNOG00000010459	0.26
ENSRNOG00000010461	12.44
ENSRNOG00000010463	0.35
ENSRNOG00000010466	14.14
ENSRNOG00000010467	0.14
ENSRNOG00000010468	0.12
ENSRNOG00000010472	13.78
ENSRNOG00000010473	3.8
ENSRNOG00000010474	57.35
ENSRNOG00000010475	7.2
ENSRNOG00000010477	9.3
ENSRNOG00000010478	0.08
ENSRNOG00000010479	21.62
ENSRNOG00000010480	9.31
ENSRNOG00000010482	24.04
ENSRNOG00000010484	7.5
ENSRNOG00000010485	0
ENSRNOG00000010486	0.49
ENSRNOG00000010488	22.28
ENSRNOG00000010489	8.74
ENSRNOG00000010490	0.3
ENSRNOG00000010492	7.55
ENSRNOG00000010495	12.78
ENSRNOG00000010496	12.84
ENSRNOG00000010497	0.03
ENSRNOG00000010502	14.29
ENSRNOG00000010507	0
ENSRNOG00000010512	22.72
ENSRNOG00000010513	0.46
ENSRNOG00000010514	7.65
ENSRNOG00000010515	14.93
ENSRNOG00000010516	0.38
ENSRNOG00000010517	5.64
ENSRNOG00000010518	0.3
ENSRNOG00000010519	0.24
ENSRNOG00000010520	4.62
ENSRNOG00000010522	0.81
ENSRNOG00000010523	27.73
ENSRNOG00000010524	81.69
ENSRNOG00000010526	9.05
ENSRNOG00000010528	1.36
ENSRNOG00000010529	0.71
ENSRNOG00000010531	1.68
ENSRNOG00000010532	3.84
ENSRNOG00000010533	10.08
ENSRNOG00000010534	6.72
ENSRNOG00000010535	6.91
ENSRNOG00000010536	21.75
ENSRNOG00000010537	8.75
ENSRNOG00000010538	15.96
ENSRNOG00000010539	6.07
ENSRNOG00000010540	14.44
ENSRNOG00000010543	44.07
ENSRNOG00000010545	6.39
ENSRNOG00000010546	0.13
ENSRNOG00000010547	1.54
ENSRNOG00000010549	1.77
ENSRNOG00000010550	37.86
ENSRNOG00000010551	6.27
ENSRNOG00000010552	21.93
ENSRNOG00000010553	1.3
ENSRNOG00000010555	0
ENSRNOG00000010556	2.08
ENSRNOG00000010557	10.56
ENSRNOG00000010558	11.92
ENSRNOG00000010560	0
ENSRNOG00000010566	6.11
ENSRNOG00000010567	3.77
ENSRNOG00000010572	4.33
ENSRNOG00000010573	0
ENSRNOG00000010574	12.39
ENSRNOG00000010575	1.92
ENSRNOG00000010580	109.63
ENSRNOG00000010584	7.83
ENSRNOG00000010587	6.65
ENSRNOG00000010588	20.22
ENSRNOG00000010589	10.59
ENSRNOG00000010591	8.12
ENSRNOG00000010592	17.49
ENSRNOG00000010593	16.13
ENSRNOG00000010594	1.75
ENSRNOG00000010595	11.52
ENSRNOG00000010597	7.95
ENSRNOG00000010598	28.59
ENSRNOG00000010600	1.35
ENSRNOG00000010601	64.27
ENSRNOG00000010602	12.26
ENSRNOG00000010603	0
ENSRNOG00000010605	0
ENSRNOG00000010607	58.04
ENSRNOG00000010608	2.42
ENSRNOG00000010609	32.42
ENSRNOG00000010610	0.31
ENSRNOG00000010615	0
ENSRNOG00000010616	10.05
ENSRNOG00000010617	0.73
ENSRNOG00000010620	5.24
ENSRNOG00000010624	10.13
ENSRNOG00000010625	0.49
ENSRNOG00000010626	0.24
ENSRNOG00000010628	24.82
ENSRNOG00000010629	3.3
ENSRNOG00000010630	5.48
ENSRNOG00000010633	28.39
ENSRNOG00000010634	11.11
ENSRNOG00000010635	2.84
ENSRNOG00000010636	3.45
ENSRNOG00000010637	13.03
ENSRNOG00000010640	0
ENSRNOG00000010642	14.19
ENSRNOG00000010643	6.55
ENSRNOG00000010645	3.5
ENSRNOG00000010646	14.05
ENSRNOG00000010649	49.64
ENSRNOG00000010650	70.07
ENSRNOG00000010652	3.7
ENSRNOG00000010653	6.04
ENSRNOG00000010655	0.16
ENSRNOG00000010657	0.92
ENSRNOG00000010658	0.81
ENSRNOG00000010659	4.62
ENSRNOG00000010661	0.06
ENSRNOG00000010663	0.02
ENSRNOG00000010664	6.9
ENSRNOG00000010665	0.05
ENSRNOG00000010666	0.18
ENSRNOG00000010668	66.21
ENSRNOG00000010673	9.89
ENSRNOG00000010676	15.09
ENSRNOG00000010680	4.91
ENSRNOG00000010681	0.06
ENSRNOG00000010682	40.04
ENSRNOG00000010685	0.95
ENSRNOG00000010688	287.21
ENSRNOG00000010691	2.12
ENSRNOG00000010694	4.9
ENSRNOG00000010695	3.87
ENSRNOG00000010696	0.56
ENSRNOG00000010697	16.28
ENSRNOG00000010698	0
ENSRNOG00000010699	0.38
ENSRNOG00000010701	0.23
ENSRNOG00000010702	28.1
ENSRNOG00000010706	5.74
ENSRNOG00000010708	0
ENSRNOG00000010711	8.93
ENSRNOG00000010712	17.42
ENSRNOG00000010714	0
ENSRNOG00000010716	1.52
ENSRNOG00000010718	15.56
ENSRNOG00000010719	22.7
ENSRNOG00000010720	0
ENSRNOG00000010721	0.75
ENSRNOG00000010725	0
ENSRNOG00000010727	61.29
ENSRNOG00000010728	11.65
ENSRNOG00000010729	26.63
ENSRNOG00000010730	0.73
ENSRNOG00000010731	132.66
ENSRNOG00000010732	20.55
ENSRNOG00000010733	24.78
ENSRNOG00000010735	25.09
ENSRNOG00000010736	2.47
ENSRNOG00000010737	51.28
ENSRNOG00000010741	0.06
ENSRNOG00000010743	3.42
ENSRNOG00000010744	4.37
ENSRNOG00000010746	144.14
ENSRNOG00000010747	7.01
ENSRNOG00000010748	24.22
ENSRNOG00000010749	0.47
ENSRNOG00000010750	3.24
ENSRNOG00000010752	27.56
ENSRNOG00000010753	38.76
ENSRNOG00000010756	10.91
ENSRNOG00000010758	0.09
ENSRNOG00000010760	4.45
ENSRNOG00000010761	0
ENSRNOG00000010763	8.18
ENSRNOG00000010765	19.99
ENSRNOG00000010768	23.11
ENSRNOG00000010769	0.49
ENSRNOG00000010771	16.81
ENSRNOG00000010775	3.02
ENSRNOG00000010776	15.82
ENSRNOG00000010777	5.56
ENSRNOG00000010780	11.85
ENSRNOG00000010783	11.6
ENSRNOG00000010784	89.84
ENSRNOG00000010785	0.09
ENSRNOG00000010787	0
ENSRNOG00000010789	28.56
ENSRNOG00000010791	0.2
ENSRNOG00000010793	54.19
ENSRNOG00000010794	2.45
ENSRNOG00000010795	9.52
ENSRNOG00000010797	0.18
ENSRNOG00000010798	0.12
ENSRNOG00000010799	7.24
ENSRNOG00000010800	57.36
ENSRNOG00000010802	0.8
ENSRNOG00000010803	3.41
ENSRNOG00000010804	0
ENSRNOG00000010805	0.19
ENSRNOG00000010806	0
ENSRNOG00000010807	246.13
ENSRNOG00000010811	0
ENSRNOG00000010812	15.62
ENSRNOG00000010813	28.39
ENSRNOG00000010815	8.29
ENSRNOG00000010816	1.68
ENSRNOG00000010819	55.16
ENSRNOG00000010821	2.05
ENSRNOG00000010822	18.06
ENSRNOG00000010824	9.3
ENSRNOG00000010825	10.98
ENSRNOG00000010827	29.9
ENSRNOG00000010830	353.55
ENSRNOG00000010832	0.66
ENSRNOG00000010833	3.91
ENSRNOG00000010834	9.88
ENSRNOG00000010835	0.13
ENSRNOG00000010838	35.47
ENSRNOG00000010839	11.91
ENSRNOG00000010840	0.23
ENSRNOG00000010841	0.38
ENSRNOG00000010843	6.21
ENSRNOG00000010846	8.1
ENSRNOG00000010849	17.56
ENSRNOG00000010852	4.41
ENSRNOG00000010853	4.71
ENSRNOG00000010855	8.91
ENSRNOG00000010859	28.88
ENSRNOG00000010861	29.38
ENSRNOG00000010866	1.7
ENSRNOG00000010867	0.9
ENSRNOG00000010868	11.04
ENSRNOG00000010870	0
ENSRNOG00000010872	790.73
ENSRNOG00000010873	48.2
ENSRNOG00000010875	2.16
ENSRNOG00000010877	9.13
ENSRNOG00000010880	10.57
ENSRNOG00000010881	190.03
ENSRNOG00000010882	15.06
ENSRNOG00000010883	1.6
ENSRNOG00000010885	0.06
ENSRNOG00000010886	0.56
ENSRNOG00000010887	10.31
ENSRNOG00000010888	3.55
ENSRNOG00000010889	19.81
ENSRNOG00000010890	13.61
ENSRNOG00000010891	3.23
ENSRNOG00000010892	14.97
ENSRNOG00000010893	0.26
ENSRNOG00000010894	10.49
ENSRNOG00000010895	101.43
ENSRNOG00000010896	25.51
ENSRNOG00000010897	13.87
ENSRNOG00000010898	0.5
ENSRNOG00000010899	0.62
ENSRNOG00000010902	14.73
ENSRNOG00000010903	0.15
ENSRNOG00000010905	7.65
ENSRNOG00000010906	0.59
ENSRNOG00000010910	5.47
ENSRNOG00000010911	8.06
ENSRNOG00000010912	33.58
ENSRNOG00000010914	44.46
ENSRNOG00000010915	20.32
ENSRNOG00000010917	0.14
ENSRNOG00000010918	2.8
ENSRNOG00000010919	3.79
ENSRNOG00000010921	6.54
ENSRNOG00000010922	7.58
ENSRNOG00000010929	0
ENSRNOG00000010930	10.35
ENSRNOG00000010932	0.14
ENSRNOG00000010934	8.38
ENSRNOG00000010935	0
ENSRNOG00000010938	22.73
ENSRNOG00000010940	4.52
ENSRNOG00000010941	3.65
ENSRNOG00000010942	1.83
ENSRNOG00000010944	31.41
ENSRNOG00000010945	235.37
ENSRNOG00000010947	5.16
ENSRNOG00000010950	2.57
ENSRNOG00000010951	5.33
ENSRNOG00000010952	11.47
ENSRNOG00000010953	18.17
ENSRNOG00000010957	13.76
ENSRNOG00000010958	39.01
ENSRNOG00000010959	3.52
ENSRNOG00000010960	54
ENSRNOG00000010963	0
ENSRNOG00000010964	4.81
ENSRNOG00000010966	35.32
ENSRNOG00000010967	15
ENSRNOG00000010970	0
ENSRNOG00000010971	9.24
ENSRNOG00000010972	0
ENSRNOG00000010975	29.95
ENSRNOG00000010977	2.17
ENSRNOG00000010980	6.84
ENSRNOG00000010981	12.31
ENSRNOG00000010983	0.16
ENSRNOG00000010984	20.22
ENSRNOG00000010985	8.57
ENSRNOG00000010986	3.49
ENSRNOG00000010989	45.76
ENSRNOG00000010992	0
ENSRNOG00000010993	11
ENSRNOG00000010994	0.95
ENSRNOG00000010996	8.32
ENSRNOG00000010997	54.26
ENSRNOG00000010999	7.88
ENSRNOG00000011000	32.28
ENSRNOG00000011001	0
ENSRNOG00000011006	1.46
ENSRNOG00000011007	45.63
ENSRNOG00000011008	21
ENSRNOG00000011009	11.99
ENSRNOG00000011011	1.04
ENSRNOG00000011014	43.19
ENSRNOG00000011015	18.05
ENSRNOG00000011016	4.5
ENSRNOG00000011019	0
ENSRNOG00000011020	41.14
ENSRNOG00000011022	0.09
ENSRNOG00000011024	28.26
ENSRNOG00000011025	3.96
ENSRNOG00000011026	19.56
ENSRNOG00000011027	24.2
ENSRNOG00000011028	1
ENSRNOG00000011029	16.74
ENSRNOG00000011032	9.69
ENSRNOG00000011033	0.74
ENSRNOG00000011034	0.61
ENSRNOG00000011037	0.21
ENSRNOG00000011039	0.65
ENSRNOG00000011040	28.05
ENSRNOG00000011042	0.16
ENSRNOG00000011044	38.09
ENSRNOG00000011047	7.83
ENSRNOG00000011052	45.69
ENSRNOG00000011053	7.87
ENSRNOG00000011054	12.66
ENSRNOG00000011057	51.23
ENSRNOG00000011058	15.39
ENSRNOG00000011059	18.1
ENSRNOG00000011060	12.44
ENSRNOG00000011063	2.89
ENSRNOG00000011065	0
ENSRNOG00000011066	39.78
ENSRNOG00000011067	0
ENSRNOG00000011068	9.31
ENSRNOG00000011070	14.33
ENSRNOG00000011071	6.36
ENSRNOG00000011073	15.31
ENSRNOG00000011074	0.47
ENSRNOG00000011076	68.56
ENSRNOG00000011077	37.4
ENSRNOG00000011078	1.55
ENSRNOG00000011081	0
ENSRNOG00000011082	0
ENSRNOG00000011091	0
ENSRNOG00000011092	0.05
ENSRNOG00000011093	21.43
ENSRNOG00000011094	0.72
ENSRNOG00000011096	0.04
ENSRNOG00000011100	0.09
ENSRNOG00000011101	0.16
ENSRNOG00000011104	57.36
ENSRNOG00000011105	12.11
ENSRNOG00000011107	0.04
ENSRNOG00000011108	0
ENSRNOG00000011111	27.05
ENSRNOG00000011112	7.94
ENSRNOG00000011113	0.05
ENSRNOG00000011114	23.04
ENSRNOG00000011116	18.72
ENSRNOG00000011119	18.83
ENSRNOG00000011120	0.16
ENSRNOG00000011124	1.85
ENSRNOG00000011130	0.44
ENSRNOG00000011132	8.27
ENSRNOG00000011133	1.09
ENSRNOG00000011134	1.62
ENSRNOG00000011135	18.26
ENSRNOG00000011136	0.03
ENSRNOG00000011137	4.18
ENSRNOG00000011138	158.35
ENSRNOG00000011140	34.54
ENSRNOG00000011141	0.33
ENSRNOG00000011142	27.91
ENSRNOG00000011144	0.13
ENSRNOG00000011145	0.17
ENSRNOG00000011146	13.92
ENSRNOG00000011148	34.18
ENSRNOG00000011150	38.55
ENSRNOG00000011151	6.19
ENSRNOG00000011153	7.69
ENSRNOG00000011154	15.17
ENSRNOG00000011155	0.31
ENSRNOG00000011156	117.23
ENSRNOG00000011157	41.77
ENSRNOG00000011158	62.61
ENSRNOG00000011160	28.95
ENSRNOG00000011161	2.32
ENSRNOG00000011162	2.72
ENSRNOG00000011164	15.64
ENSRNOG00000011165	0.23
ENSRNOG00000011167	1.8
ENSRNOG00000011168	20.41
ENSRNOG00000011170	2.18
ENSRNOG00000011171	27.17
ENSRNOG00000011174	0.37
ENSRNOG00000011175	272.91
ENSRNOG00000011177	0.92
ENSRNOG00000011178	0.26
ENSRNOG00000011180	0.19
ENSRNOG00000011181	0.04
ENSRNOG00000011182	0.05
ENSRNOG00000011184	1.93
ENSRNOG00000011189	21.75
ENSRNOG00000011191	0.05
ENSRNOG00000011193	7.29
ENSRNOG00000011194	7.32
ENSRNOG00000011195	15.53
ENSRNOG00000011196	0.08
ENSRNOG00000011199	51.38
ENSRNOG00000011200	0.1
ENSRNOG00000011201	1.46
ENSRNOG00000011202	25.95
ENSRNOG00000011203	12.72
ENSRNOG00000011205	0.26
ENSRNOG00000011207	0
ENSRNOG00000011208	0.16
ENSRNOG00000011211	81.78
ENSRNOG00000011213	1.24
ENSRNOG00000011214	39.67
ENSRNOG00000011216	17.03
ENSRNOG00000011222	232.28
ENSRNOG00000011225	1.69
ENSRNOG00000011226	22.94
ENSRNOG00000011227	210.19
ENSRNOG00000011228	1.8
ENSRNOG00000011231	3.22
ENSRNOG00000011234	0.72
ENSRNOG00000011237	15.13
ENSRNOG00000011238	5.37
ENSRNOG00000011239	0
ENSRNOG00000011241	8.81
ENSRNOG00000011243	0.17
ENSRNOG00000011245	8.09
ENSRNOG00000011250	0
ENSRNOG00000011251	0.46
ENSRNOG00000011253	3.96
ENSRNOG00000011254	12.32
ENSRNOG00000011258	5.87
ENSRNOG00000011260	13.79
ENSRNOG00000011261	17.79
ENSRNOG00000011262	7.03
ENSRNOG00000011263	0.14
ENSRNOG00000011268	18.28
ENSRNOG00000011269	0
ENSRNOG00000011271	3.14
ENSRNOG00000011276	13.25
ENSRNOG00000011277	0.13
ENSRNOG00000011278	3.73
ENSRNOG00000011279	22.29
ENSRNOG00000011280	6.57
ENSRNOG00000011282	191.83
ENSRNOG00000011283	14.78
ENSRNOG00000011284	4.66
ENSRNOG00000011285	27.69
ENSRNOG00000011287	13.62
ENSRNOG00000011290	14.99
ENSRNOG00000011292	0.01
ENSRNOG00000011293	35.54
ENSRNOG00000011294	48.18
ENSRNOG00000011295	40.4
ENSRNOG00000011296	1.9
ENSRNOG00000011300	1.1
ENSRNOG00000011302	44.36
ENSRNOG00000011304	2.69
ENSRNOG00000011305	62.85
ENSRNOG00000011306	0.2
ENSRNOG00000011307	27.6
ENSRNOG00000011308	19.01
ENSRNOG00000011310	78.45
ENSRNOG00000011311	39.75
ENSRNOG00000011313	16.73
ENSRNOG00000011315	12.46
ENSRNOG00000011316	0.16
ENSRNOG00000011317	8.49
ENSRNOG00000011320	2.23
ENSRNOG00000011321	3.76
ENSRNOG00000011323	91.34
ENSRNOG00000011329	326.62
ENSRNOG00000011330	0
ENSRNOG00000011332	0.8
ENSRNOG00000011334	8.56
ENSRNOG00000011335	0
ENSRNOG00000011338	9.75
ENSRNOG00000011339	17.25
ENSRNOG00000011340	27.43
ENSRNOG00000011341	9.64
ENSRNOG00000011342	0.5
ENSRNOG00000011346	4.93
ENSRNOG00000011348	22.72
ENSRNOG00000011351	0
ENSRNOG00000011352	10.56
ENSRNOG00000011353	0
ENSRNOG00000011357	6.13
ENSRNOG00000011358	15.38
ENSRNOG00000011360	0.13
ENSRNOG00000011361	14.49
ENSRNOG00000011363	13.1
ENSRNOG00000011366	16.51
ENSRNOG00000011367	0.53
ENSRNOG00000011369	7.76
ENSRNOG00000011373	3.18
ENSRNOG00000011374	0.04
ENSRNOG00000011375	31.72
ENSRNOG00000011376	3.13
ENSRNOG00000011377	3.96
ENSRNOG00000011379	18.66
ENSRNOG00000011381	66.15
ENSRNOG00000011382	10.27
ENSRNOG00000011383	63.67
ENSRNOG00000011384	20.85
ENSRNOG00000011387	4.95
ENSRNOG00000011391	15.64
ENSRNOG00000011394	48.44
ENSRNOG00000011397	0
ENSRNOG00000011398	0.22
ENSRNOG00000011399	0
ENSRNOG00000011400	18.55
ENSRNOG00000011401	0.74
ENSRNOG00000011402	4.78
ENSRNOG00000011404	18.58
ENSRNOG00000011406	0.31
ENSRNOG00000011407	8.59
ENSRNOG00000011411	8.54
ENSRNOG00000011413	32.01
ENSRNOG00000011414	66.23
ENSRNOG00000011416	0.73
ENSRNOG00000011417	6.12
ENSRNOG00000011419	31.17
ENSRNOG00000011420	26.06
ENSRNOG00000011421	56.71
ENSRNOG00000011422	16.12
ENSRNOG00000011423	0
ENSRNOG00000011424	0.52
ENSRNOG00000011425	28.67
ENSRNOG00000011427	15.8
ENSRNOG00000011429	0
ENSRNOG00000011431	10.63
ENSRNOG00000011435	5.98
ENSRNOG00000011438	0
ENSRNOG00000011439	9.56
ENSRNOG00000011440	9.89
ENSRNOG00000011441	61.39
ENSRNOG00000011445	15.62
ENSRNOG00000011446	0.12
ENSRNOG00000011448	8.17
ENSRNOG00000011451	21.76
ENSRNOG00000011452	488.74
ENSRNOG00000011453	1.1
ENSRNOG00000011454	4
ENSRNOG00000011455	12.61
ENSRNOG00000011457	0.31
ENSRNOG00000011459	0.51
ENSRNOG00000011460	14.83
ENSRNOG00000011461	18.33
ENSRNOG00000011463	42.06
ENSRNOG00000011467	17.23
ENSRNOG00000011470	17.15
ENSRNOG00000011471	8.7
ENSRNOG00000011472	0
ENSRNOG00000011474	0.56
ENSRNOG00000011475	44.68
ENSRNOG00000011476	5.26
ENSRNOG00000011478	2.08
ENSRNOG00000011480	11.86
ENSRNOG00000011483	0.37
ENSRNOG00000011484	0
ENSRNOG00000011488	10.13
ENSRNOG00000011489	56.96
ENSRNOG00000011490	0.51
ENSRNOG00000011491	11.01
ENSRNOG00000011492	6.25
ENSRNOG00000011494	56.06
ENSRNOG00000011497	4.67
ENSRNOG00000011498	43.47
ENSRNOG00000011500	0
ENSRNOG00000011501	68.42
ENSRNOG00000011502	9.45
ENSRNOG00000011503	14.46
ENSRNOG00000011504	42.24
ENSRNOG00000011507	14.81
ENSRNOG00000011508	3.03
ENSRNOG00000011509	10.21
ENSRNOG00000011511	22.71
ENSRNOG00000011513	13.42
ENSRNOG00000011517	19.1
ENSRNOG00000011518	36.03
ENSRNOG00000011519	13.52
ENSRNOG00000011521	5.32
ENSRNOG00000011523	46.79
ENSRNOG00000011526	15.75
ENSRNOG00000011527	0
ENSRNOG00000011528	8.33
ENSRNOG00000011530	3.91
ENSRNOG00000011533	0.12
ENSRNOG00000011535	39.28
ENSRNOG00000011540	34.51
ENSRNOG00000011541	34.34
ENSRNOG00000011542	7.44
ENSRNOG00000011543	9.47
ENSRNOG00000011544	14.3
ENSRNOG00000011548	0.26
ENSRNOG00000011550	77.67
ENSRNOG00000011552	15.14
ENSRNOG00000011553	6.32
ENSRNOG00000011555	14.02
ENSRNOG00000011557	0.17
ENSRNOG00000011559	56.09
ENSRNOG00000011560	21.61
ENSRNOG00000011561	9.79
ENSRNOG00000011562	5.45
ENSRNOG00000011563	0
ENSRNOG00000011566	3.21
ENSRNOG00000011567	4.69
ENSRNOG00000011568	1.26
ENSRNOG00000011572	231.11
ENSRNOG00000011573	18.82
ENSRNOG00000011575	0.1
ENSRNOG00000011582	5.47
ENSRNOG00000011584	8.17
ENSRNOG00000011585	5.33
ENSRNOG00000011586	19.75
ENSRNOG00000011588	21.73
ENSRNOG00000011589	32.01
ENSRNOG00000011591	0
ENSRNOG00000011592	21.21
ENSRNOG00000011593	15.65
ENSRNOG00000011595	3.61
ENSRNOG00000011598	0.53
ENSRNOG00000011599	5.75
ENSRNOG00000011603	17.41
ENSRNOG00000011606	1.5
ENSRNOG00000011611	15.52
ENSRNOG00000011612	0.04
ENSRNOG00000011613	19.27
ENSRNOG00000011614	24.09
ENSRNOG00000011615	0
ENSRNOG00000011616	0.26
ENSRNOG00000011617	14.52
ENSRNOG00000011618	4.73
ENSRNOG00000011619	8.99
ENSRNOG00000011621	5.98
ENSRNOG00000011622	20.31
ENSRNOG00000011623	51.81
ENSRNOG00000011624	49.07
ENSRNOG00000011625	18.83
ENSRNOG00000011627	60.18
ENSRNOG00000011628	0.1
ENSRNOG00000011631	1.35
ENSRNOG00000011632	91.53
ENSRNOG00000011634	1.22
ENSRNOG00000011635	0
ENSRNOG00000011636	14.01
ENSRNOG00000011637	0
ENSRNOG00000011639	5.6
ENSRNOG00000011640	0.5
ENSRNOG00000011642	0
ENSRNOG00000011644	0
ENSRNOG00000011645	7.54
ENSRNOG00000011646	10.4
ENSRNOG00000011647	3.96
ENSRNOG00000011648	0.29
ENSRNOG00000011649	0.44
ENSRNOG00000011652	5.41
ENSRNOG00000011653	51.15
ENSRNOG00000011654	1.06
ENSRNOG00000011655	4.01
ENSRNOG00000011657	0
ENSRNOG00000011658	3.17
ENSRNOG00000011659	0.22
ENSRNOG00000011661	47.79
ENSRNOG00000011663	16.52
ENSRNOG00000011667	42.98
ENSRNOG00000011668	5.46
ENSRNOG00000011669	0.61
ENSRNOG00000011671	0.04
ENSRNOG00000011672	0.25
ENSRNOG00000011675	4.78
ENSRNOG00000011677	24.9
ENSRNOG00000011678	15.32
ENSRNOG00000011680	0.74
ENSRNOG00000011683	2.37
ENSRNOG00000011684	68.2
ENSRNOG00000011688	0.13
ENSRNOG00000011690	15.45
ENSRNOG00000011692	0
ENSRNOG00000011696	9.6
ENSRNOG00000011697	8.3
ENSRNOG00000011700	17.83
ENSRNOG00000011702	0.41
ENSRNOG00000011704	20.08
ENSRNOG00000011705	111.33
ENSRNOG00000011706	0
ENSRNOG00000011709	16.84
ENSRNOG00000011713	5.46
ENSRNOG00000011714	23.36
ENSRNOG00000011715	0.26
ENSRNOG00000011716	3.51
ENSRNOG00000011718	0.64
ENSRNOG00000011719	2.71
ENSRNOG00000011720	5.45
ENSRNOG00000011723	0.89
ENSRNOG00000011726	88.54
ENSRNOG00000011728	42.23
ENSRNOG00000011729	0.09
ENSRNOG00000011732	38.99
ENSRNOG00000011739	12.14
ENSRNOG00000011740	9.48
ENSRNOG00000011745	50.61
ENSRNOG00000011747	11.21
ENSRNOG00000011748	0
ENSRNOG00000011750	0.56
ENSRNOG00000011751	354.23
ENSRNOG00000011752	16.75
ENSRNOG00000011753	0.35
ENSRNOG00000011754	0.2
ENSRNOG00000011756	11.45
ENSRNOG00000011758	4.89
ENSRNOG00000011762	4.46
ENSRNOG00000011763	29.22
ENSRNOG00000011771	64.34
ENSRNOG00000011774	1.5
ENSRNOG00000011775	25.41
ENSRNOG00000011777	2.7
ENSRNOG00000011778	11.62
ENSRNOG00000011781	6.69
ENSRNOG00000011782	120.64
ENSRNOG00000011784	7.26
ENSRNOG00000011785	14.34
ENSRNOG00000011789	5.23
ENSRNOG00000011791	2.11
ENSRNOG00000011794	0.42
ENSRNOG00000011796	4.26
ENSRNOG00000011798	27.18
ENSRNOG00000011799	4.34
ENSRNOG00000011800	14.04
ENSRNOG00000011803	1.98
ENSRNOG00000011804	52.14
ENSRNOG00000011808	0
ENSRNOG00000011809	0.71
ENSRNOG00000011814	67.55
ENSRNOG00000011815	18.86
ENSRNOG00000011817	31.65
ENSRNOG00000011820	0.25
ENSRNOG00000011821	5.43
ENSRNOG00000011823	0.18
ENSRNOG00000011824	81.96
ENSRNOG00000011825	72.51
ENSRNOG00000011826	25.17
ENSRNOG00000011827	3.76
ENSRNOG00000011829	6.58
ENSRNOG00000011830	17.98
ENSRNOG00000011831	15.72
ENSRNOG00000011839	15.64
ENSRNOG00000011841	104.06
ENSRNOG00000011842	0.03
ENSRNOG00000011844	3.09
ENSRNOG00000011846	0.28
ENSRNOG00000011847	4.26
ENSRNOG00000011849	82.63
ENSRNOG00000011852	28.93
ENSRNOG00000011853	26.37
ENSRNOG00000011854	40.31
ENSRNOG00000011855	0
ENSRNOG00000011856	10.11
ENSRNOG00000011857	92.25
ENSRNOG00000011858	1.56
ENSRNOG00000011859	31.67
ENSRNOG00000011861	3.93
ENSRNOG00000011863	2.29
ENSRNOG00000011865	31.53
ENSRNOG00000011871	19.74
ENSRNOG00000011873	6.09
ENSRNOG00000011875	0.1
ENSRNOG00000011876	47.65
ENSRNOG00000011879	13.34
ENSRNOG00000011881	5.27
ENSRNOG00000011882	21.23
ENSRNOG00000011884	25.67
ENSRNOG00000011885	4.07
ENSRNOG00000011887	51.93
ENSRNOG00000011891	177.41
ENSRNOG00000011892	0
ENSRNOG00000011893	146
ENSRNOG00000011895	2.38
ENSRNOG00000011901	2.76
ENSRNOG00000011904	18.85
ENSRNOG00000011905	175.95
ENSRNOG00000011907	0.46
ENSRNOG00000011908	6.1
ENSRNOG00000011909	5.72
ENSRNOG00000011910	17.85
ENSRNOG00000011912	42.15
ENSRNOG00000011913	4.01
ENSRNOG00000011914	15.11
ENSRNOG00000011917	0.05
ENSRNOG00000011918	0.84
ENSRNOG00000011921	3.7
ENSRNOG00000011922	12.87
ENSRNOG00000011923	3.63
ENSRNOG00000011925	0.01
ENSRNOG00000011927	50.13
ENSRNOG00000011929	40.52
ENSRNOG00000011931	34.72
ENSRNOG00000011932	11.82
ENSRNOG00000011933	19.91
ENSRNOG00000011936	7.47
ENSRNOG00000011937	45.22
ENSRNOG00000011944	58.95
ENSRNOG00000011945	19.45
ENSRNOG00000011946	179.71
ENSRNOG00000011947	4.01
ENSRNOG00000011949	53.04
ENSRNOG00000011951	39.29
ENSRNOG00000011952	38.73
ENSRNOG00000011953	24.67
ENSRNOG00000011954	0.94
ENSRNOG00000011955	0.93
ENSRNOG00000011956	59.76
ENSRNOG00000011962	4.18
ENSRNOG00000011963	0
ENSRNOG00000011964	5.1
ENSRNOG00000011967	4.26
ENSRNOG00000011969	23.44
ENSRNOG00000011970	1.34
ENSRNOG00000011971	2.82
ENSRNOG00000011973	0.18
ENSRNOG00000011974	0
ENSRNOG00000011975	5.43
ENSRNOG00000011976	3.15
ENSRNOG00000011977	13.66
ENSRNOG00000011979	18.37
ENSRNOG00000011980	13.82
ENSRNOG00000011981	15.94
ENSRNOG00000011984	25.95
ENSRNOG00000011986	0.11
ENSRNOG00000011987	12.59
ENSRNOG00000011989	23.17
ENSRNOG00000011990	0.49
ENSRNOG00000011991	3.36
ENSRNOG00000011992	1.47
ENSRNOG00000011994	1.34
ENSRNOG00000011997	0.15
ENSRNOG00000012001	9.92
ENSRNOG00000012002	5.51
ENSRNOG00000012004	18.56
ENSRNOG00000012007	6.48
ENSRNOG00000012008	1.3
ENSRNOG00000012012	4.55
ENSRNOG00000012014	18.9
ENSRNOG00000012015	28.4
ENSRNOG00000012016	42.07
ENSRNOG00000012017	4.37
ENSRNOG00000012019	15.05
ENSRNOG00000012020	2.01
ENSRNOG00000012021	14.37
ENSRNOG00000012022	0.18
ENSRNOG00000012026	63.35
ENSRNOG00000012027	0.2
ENSRNOG00000012030	6.01
ENSRNOG00000012031	0.51
ENSRNOG00000012034	0
ENSRNOG00000012035	29.57
ENSRNOG00000012036	1.14
ENSRNOG00000012037	4.87
ENSRNOG00000012038	3.04
ENSRNOG00000012040	0.28
ENSRNOG00000012045	17.31
ENSRNOG00000012046	23.67
ENSRNOG00000012049	1.1
ENSRNOG00000012051	0.38
ENSRNOG00000012052	0.29
ENSRNOG00000012053	64.67
ENSRNOG00000012054	15.14
ENSRNOG00000012055	31.75
ENSRNOG00000012057	0.28
ENSRNOG00000012058	3.81
ENSRNOG00000012060	62.62
ENSRNOG00000012061	98.75
ENSRNOG00000012062	75.89
ENSRNOG00000012067	0.1
ENSRNOG00000012068	0.09
ENSRNOG00000012071	0
ENSRNOG00000012073	10.17
ENSRNOG00000012074	23.78
ENSRNOG00000012079	0
ENSRNOG00000012081	157.53
ENSRNOG00000012083	1.54
ENSRNOG00000012084	23.52
ENSRNOG00000012085	28
ENSRNOG00000012086	0
ENSRNOG00000012087	24.21
ENSRNOG00000012088	0.34
ENSRNOG00000012089	7.65
ENSRNOG00000012090	0.32
ENSRNOG00000012091	12.22
ENSRNOG00000012092	0
ENSRNOG00000012094	0.21
ENSRNOG00000012095	31.85
ENSRNOG00000012098	38.29
ENSRNOG00000012099	13.86
ENSRNOG00000012100	11.89
ENSRNOG00000012103	0.36
ENSRNOG00000012106	49.03
ENSRNOG00000012108	2.8
ENSRNOG00000012109	3.84
ENSRNOG00000012110	0.17
ENSRNOG00000012111	3.53
ENSRNOG00000012115	0
ENSRNOG00000012119	0.37
ENSRNOG00000012121	29.36
ENSRNOG00000012122	8.86
ENSRNOG00000012123	6.76
ENSRNOG00000012124	31.1
ENSRNOG00000012131	0
ENSRNOG00000012134	0.84
ENSRNOG00000012136	19.03
ENSRNOG00000012137	15.55
ENSRNOG00000012138	11.4
ENSRNOG00000012140	4.73
ENSRNOG00000012141	5.34
ENSRNOG00000012142	0.53
ENSRNOG00000012146	10.25
ENSRNOG00000012147	6.45
ENSRNOG00000012148	27.9
ENSRNOG00000012149	3.31
ENSRNOG00000012151	1.17
ENSRNOG00000012153	15.25
ENSRNOG00000012155	1.01
ENSRNOG00000012156	23.22
ENSRNOG00000012157	29.94
ENSRNOG00000012160	1.64
ENSRNOG00000012162	39.16
ENSRNOG00000012163	58.72
ENSRNOG00000012164	32.36
ENSRNOG00000012165	0.02
ENSRNOG00000012166	5.95
ENSRNOG00000012167	0
ENSRNOG00000012168	4.47
ENSRNOG00000012172	2.51
ENSRNOG00000012174	0.13
ENSRNOG00000012175	4.25
ENSRNOG00000012176	4.84
ENSRNOG00000012178	70.57
ENSRNOG00000012181	5.04
ENSRNOG00000012183	15.68
ENSRNOG00000012184	21.14
ENSRNOG00000012185	14.74
ENSRNOG00000012186	28.36
ENSRNOG00000012189	0
ENSRNOG00000012192	26.15
ENSRNOG00000012195	0.56
ENSRNOG00000012196	11.33
ENSRNOG00000012197	0
ENSRNOG00000012199	26.85
ENSRNOG00000012201	0
ENSRNOG00000012204	32.37
ENSRNOG00000012205	0
ENSRNOG00000012206	199.25
ENSRNOG00000012207	57.93
ENSRNOG00000012208	0.14
ENSRNOG00000012209	25.41
ENSRNOG00000012210	19.19
ENSRNOG00000012213	3.6
ENSRNOG00000012214	0
ENSRNOG00000012215	0.99
ENSRNOG00000012216	5.65
ENSRNOG00000012218	0
ENSRNOG00000012219	10.06
ENSRNOG00000012222	0
ENSRNOG00000012227	14.48
ENSRNOG00000012228	8.87
ENSRNOG00000012229	0.29
ENSRNOG00000012235	1.64
ENSRNOG00000012236	15.68
ENSRNOG00000012237	48.1
ENSRNOG00000012238	0.03
ENSRNOG00000012240	35.55
ENSRNOG00000012247	129
ENSRNOG00000012255	33.35
ENSRNOG00000012258	8.6
ENSRNOG00000012259	0.59
ENSRNOG00000012260	18.96
ENSRNOG00000012262	6.16
ENSRNOG00000012263	22.24
ENSRNOG00000012264	5.46
ENSRNOG00000012266	26.69
ENSRNOG00000012269	23.84
ENSRNOG00000012270	2.41
ENSRNOG00000012271	20.3
ENSRNOG00000012273	72.31
ENSRNOG00000012274	12.38
ENSRNOG00000012278	1.03
ENSRNOG00000012280	0.1
ENSRNOG00000012281	0
ENSRNOG00000012283	1.43
ENSRNOG00000012284	4.65
ENSRNOG00000012286	0.12
ENSRNOG00000012287	15.19
ENSRNOG00000012290	1.23
ENSRNOG00000012292	3.58
ENSRNOG00000012294	3.68
ENSRNOG00000012295	11.36
ENSRNOG00000012297	24.29
ENSRNOG00000012301	2.73
ENSRNOG00000012302	33.1
ENSRNOG00000012303	1.18
ENSRNOG00000012307	0.06
ENSRNOG00000012311	12.03
ENSRNOG00000012312	0.08
ENSRNOG00000012314	3.75
ENSRNOG00000012315	1.69
ENSRNOG00000012318	0.48
ENSRNOG00000012322	4.28
ENSRNOG00000012323	15.99
ENSRNOG00000012324	24.92
ENSRNOG00000012325	29.23
ENSRNOG00000012329	89.71
ENSRNOG00000012331	0.79
ENSRNOG00000012333	9.05
ENSRNOG00000012337	4.61
ENSRNOG00000012340	0
ENSRNOG00000012342	0.22
ENSRNOG00000012343	4.69
ENSRNOG00000012344	0.15
ENSRNOG00000012345	0
ENSRNOG00000012346	50.81
ENSRNOG00000012347	2.36
ENSRNOG00000012348	7.53
ENSRNOG00000012349	21.83
ENSRNOG00000012354	21.62
ENSRNOG00000012356	19.84
ENSRNOG00000012357	16.16
ENSRNOG00000012358	11.71
ENSRNOG00000012360	12.05
ENSRNOG00000012362	18.37
ENSRNOG00000012363	6.25
ENSRNOG00000012364	19.02
ENSRNOG00000012366	32.97
ENSRNOG00000012367	15.02
ENSRNOG00000012368	7.22
ENSRNOG00000012369	2.04
ENSRNOG00000012371	9.16
ENSRNOG00000012375	6.86
ENSRNOG00000012378	29.37
ENSRNOG00000012379	21.87
ENSRNOG00000012383	84.01
ENSRNOG00000012384	0.17
ENSRNOG00000012385	15.93
ENSRNOG00000012386	15.06
ENSRNOG00000012387	0
ENSRNOG00000012390	0
ENSRNOG00000012392	14.49
ENSRNOG00000012393	53.66
ENSRNOG00000012394	10.22
ENSRNOG00000012396	0.31
ENSRNOG00000012397	10.68
ENSRNOG00000012402	0
ENSRNOG00000012404	12.29
ENSRNOG00000012405	17.35
ENSRNOG00000012406	88.16
ENSRNOG00000012409	5.91
ENSRNOG00000012410	82.76
ENSRNOG00000012414	4.18
ENSRNOG00000012415	101.56
ENSRNOG00000012417	0
ENSRNOG00000012419	2.75
ENSRNOG00000012420	9.22
ENSRNOG00000012422	21.98
ENSRNOG00000012424	48.13
ENSRNOG00000012427	0.35
ENSRNOG00000012428	4.01
ENSRNOG00000012430	0.26
ENSRNOG00000012434	17.55
ENSRNOG00000012436	0.3
ENSRNOG00000012438	24.11
ENSRNOG00000012439	2.17
ENSRNOG00000012440	16
ENSRNOG00000012442	1.24
ENSRNOG00000012443	6.52
ENSRNOG00000012447	4.37
ENSRNOG00000012448	0.1
ENSRNOG00000012450	2.74
ENSRNOG00000012454	8.43
ENSRNOG00000012455	64.49
ENSRNOG00000012457	122.8
ENSRNOG00000012458	0.06
ENSRNOG00000012460	7.89
ENSRNOG00000012467	0
ENSRNOG00000012469	14.35
ENSRNOG00000012470	5.65
ENSRNOG00000012471	0.34
ENSRNOG00000012472	7.58
ENSRNOG00000012473	5.84
ENSRNOG00000012475	3.14
ENSRNOG00000012477	327.16
ENSRNOG00000012478	18.92
ENSRNOG00000012479	0.09
ENSRNOG00000012480	2.89
ENSRNOG00000012481	2.37
ENSRNOG00000012482	708.88
ENSRNOG00000012486	4.35
ENSRNOG00000012488	22.81
ENSRNOG00000012490	2.75
ENSRNOG00000012491	0
ENSRNOG00000012494	2.04
ENSRNOG00000012495	11.35
ENSRNOG00000012497	0
ENSRNOG00000012499	2.59
ENSRNOG00000012500	6.39
ENSRNOG00000012502	3.51
ENSRNOG00000012503	18.29
ENSRNOG00000012505	4.6
ENSRNOG00000012508	2.01
ENSRNOG00000012509	0
ENSRNOG00000012510	0
ENSRNOG00000012512	21.81
ENSRNOG00000012513	14.91
ENSRNOG00000012514	18.87
ENSRNOG00000012515	0
ENSRNOG00000012521	1.01
ENSRNOG00000012522	0
ENSRNOG00000012524	48.17
ENSRNOG00000012526	0
ENSRNOG00000012528	15.34
ENSRNOG00000012531	1.68
ENSRNOG00000012534	15.32
ENSRNOG00000012535	0.02
ENSRNOG00000012536	14.33
ENSRNOG00000012543	0.92
ENSRNOG00000012544	0
ENSRNOG00000012545	0
ENSRNOG00000012546	4.32
ENSRNOG00000012549	14.64
ENSRNOG00000012550	156.11
ENSRNOG00000012552	12.76
ENSRNOG00000012556	8.51
ENSRNOG00000012557	0.28
ENSRNOG00000012558	11.64
ENSRNOG00000012559	31.14
ENSRNOG00000012560	0
ENSRNOG00000012561	27.01
ENSRNOG00000012562	3.52
ENSRNOG00000012563	4.72
ENSRNOG00000012564	7.24
ENSRNOG00000012565	12.18
ENSRNOG00000012566	0
ENSRNOG00000012568	40.79
ENSRNOG00000012573	6.13
ENSRNOG00000012574	11.07
ENSRNOG00000012575	0.01
ENSRNOG00000012576	27.8
ENSRNOG00000012579	4.37
ENSRNOG00000012580	8.15
ENSRNOG00000012581	0
ENSRNOG00000012582	4.5
ENSRNOG00000012584	8.52
ENSRNOG00000012586	0
ENSRNOG00000012591	0
ENSRNOG00000012593	1.59
ENSRNOG00000012594	25.98
ENSRNOG00000012595	2.21
ENSRNOG00000012597	17.11
ENSRNOG00000012601	36.48
ENSRNOG00000012602	12.15
ENSRNOG00000012603	11.6
ENSRNOG00000012604	8.36
ENSRNOG00000012608	1.32
ENSRNOG00000012609	0.01
ENSRNOG00000012611	2.68
ENSRNOG00000012613	0
ENSRNOG00000012616	104.99
ENSRNOG00000012618	0.13
ENSRNOG00000012619	0.58
ENSRNOG00000012620	58.42
ENSRNOG00000012622	19.33
ENSRNOG00000012623	46.88
ENSRNOG00000012628	0.05
ENSRNOG00000012629	15.2
ENSRNOG00000012630	16.72
ENSRNOG00000012634	12.14
ENSRNOG00000012637	0
ENSRNOG00000012638	23.38
ENSRNOG00000012640	39.69
ENSRNOG00000012641	32.77
ENSRNOG00000012644	12.51
ENSRNOG00000012645	1.25
ENSRNOG00000012647	0.06
ENSRNOG00000012648	1.18
ENSRNOG00000012650	30.36
ENSRNOG00000012651	8.57
ENSRNOG00000012652	0.12
ENSRNOG00000012653	23.59
ENSRNOG00000012654	14.53
ENSRNOG00000012655	1.75
ENSRNOG00000012657	0
ENSRNOG00000012658	2.46
ENSRNOG00000012659	4.84
ENSRNOG00000012660	0.12
ENSRNOG00000012663	40.13
ENSRNOG00000012664	5.23
ENSRNOG00000012665	4.66
ENSRNOG00000012671	4.6
ENSRNOG00000012674	0.15
ENSRNOG00000012677	2.2
ENSRNOG00000012679	8.13
ENSRNOG00000012681	15.73
ENSRNOG00000012682	0.12
ENSRNOG00000012683	9.18
ENSRNOG00000012684	29.87
ENSRNOG00000012685	6.69
ENSRNOG00000012686	1.15
ENSRNOG00000012689	0
ENSRNOG00000012690	14.22
ENSRNOG00000012692	7.26
ENSRNOG00000012693	39.96
ENSRNOG00000012697	1.29
ENSRNOG00000012698	4.9
ENSRNOG00000012701	67.12
ENSRNOG00000012702	4.76
ENSRNOG00000012703	0.27
ENSRNOG00000012705	5.12
ENSRNOG00000012708	0.52
ENSRNOG00000012709	4.89
ENSRNOG00000012710	19.39
ENSRNOG00000012714	1.16
ENSRNOG00000012716	12.57
ENSRNOG00000012718	6.83
ENSRNOG00000012719	0
ENSRNOG00000012720	0
ENSRNOG00000012721	1.26
ENSRNOG00000012722	61.03
ENSRNOG00000012723	0.19
ENSRNOG00000012724	19.46
ENSRNOG00000012726	3.1
ENSRNOG00000012727	1.24
ENSRNOG00000012728	7.4
ENSRNOG00000012729	9.05
ENSRNOG00000012730	1.6
ENSRNOG00000012733	10.46
ENSRNOG00000012734	5.68
ENSRNOG00000012735	1.56
ENSRNOG00000012736	16.33
ENSRNOG00000012738	43.71
ENSRNOG00000012739	7.06
ENSRNOG00000012742	0.81
ENSRNOG00000012747	140.53
ENSRNOG00000012748	26.64
ENSRNOG00000012749	29.1
ENSRNOG00000012750	0.04
ENSRNOG00000012751	39.15
ENSRNOG00000012752	1.26
ENSRNOG00000012756	1.36
ENSRNOG00000012757	4.88
ENSRNOG00000012758	0
ENSRNOG00000012759	0.89
ENSRNOG00000012760	41.18
ENSRNOG00000012761	0.55
ENSRNOG00000012762	5.3
ENSRNOG00000012763	14.48
ENSRNOG00000012764	44.42
ENSRNOG00000012767	31.17
ENSRNOG00000012770	6.59
ENSRNOG00000012771	20.32
ENSRNOG00000012772	7.8
ENSRNOG00000012775	18.28
ENSRNOG00000012778	16.06
ENSRNOG00000012779	0.09
ENSRNOG00000012782	2.32
ENSRNOG00000012785	12.39
ENSRNOG00000012786	73.47
ENSRNOG00000012787	8.55
ENSRNOG00000012788	27.74
ENSRNOG00000012789	4.83
ENSRNOG00000012790	0
ENSRNOG00000012791	2.02
ENSRNOG00000012794	11.7
ENSRNOG00000012795	6.99
ENSRNOG00000012798	13.84
ENSRNOG00000012799	8.85
ENSRNOG00000012801	2.18
ENSRNOG00000012802	19.12
ENSRNOG00000012803	22.15
ENSRNOG00000012804	23.47
ENSRNOG00000012806	14.02
ENSRNOG00000012807	48.27
ENSRNOG00000012808	35.61
ENSRNOG00000012810	15.38
ENSRNOG00000012811	3.4
ENSRNOG00000012812	26.76
ENSRNOG00000012815	22.75
ENSRNOG00000012817	0.16
ENSRNOG00000012818	6.4
ENSRNOG00000012819	1.01
ENSRNOG00000012820	39.53
ENSRNOG00000012821	0.05
ENSRNOG00000012822	0.11
ENSRNOG00000012826	8.18
ENSRNOG00000012827	1.16
ENSRNOG00000012828	12.87
ENSRNOG00000012830	46.23
ENSRNOG00000012831	10.29
ENSRNOG00000012832	15.8
ENSRNOG00000012835	0.3
ENSRNOG00000012838	0
ENSRNOG00000012840	366.93
ENSRNOG00000012841	23.02
ENSRNOG00000012843	0.32
ENSRNOG00000012844	24.39
ENSRNOG00000012847	1.54
ENSRNOG00000012850	11.91
ENSRNOG00000012851	0
ENSRNOG00000012852	206.82
ENSRNOG00000012853	10.14
ENSRNOG00000012858	1.36
ENSRNOG00000012860	25.91
ENSRNOG00000012862	2.11
ENSRNOG00000012864	3.1
ENSRNOG00000012865	2.77
ENSRNOG00000012866	3.05
ENSRNOG00000012868	5.38
ENSRNOG00000012872	5.78
ENSRNOG00000012873	16.59
ENSRNOG00000012874	24.94
ENSRNOG00000012876	3.12
ENSRNOG00000012877	0
ENSRNOG00000012878	2.16
ENSRNOG00000012879	28.3
ENSRNOG00000012880	10.73
ENSRNOG00000012881	4.48
ENSRNOG00000012886	0.6
ENSRNOG00000012891	1.47
ENSRNOG00000012892	0.35
ENSRNOG00000012898	0
ENSRNOG00000012899	5.71
ENSRNOG00000012906	266.54
ENSRNOG00000012911	7.58
ENSRNOG00000012912	0.2
ENSRNOG00000012916	0
ENSRNOG00000012918	29.43
ENSRNOG00000012920	0.22
ENSRNOG00000012923	9.42
ENSRNOG00000012924	1.72
ENSRNOG00000012927	8.37
ENSRNOG00000012928	8.28
ENSRNOG00000012929	58.32
ENSRNOG00000012932	0.84
ENSRNOG00000012933	22.22
ENSRNOG00000012934	18.09
ENSRNOG00000012937	11.28
ENSRNOG00000012939	10.49
ENSRNOG00000012940	60.53
ENSRNOG00000012942	6.04
ENSRNOG00000012944	13.91
ENSRNOG00000012946	4.34
ENSRNOG00000012947	14.38
ENSRNOG00000012950	45.61
ENSRNOG00000012951	11.47
ENSRNOG00000012952	14.25
ENSRNOG00000012953	30.25
ENSRNOG00000012954	9.41
ENSRNOG00000012955	0
ENSRNOG00000012956	6.08
ENSRNOG00000012957	29.71
ENSRNOG00000012959	10.63
ENSRNOG00000012960	10.7
ENSRNOG00000012961	0.1
ENSRNOG00000012962	10.05
ENSRNOG00000012964	0.09
ENSRNOG00000012965	0.38
ENSRNOG00000012966	25.9
ENSRNOG00000012972	1.53
ENSRNOG00000012973	0
ENSRNOG00000012975	7.45
ENSRNOG00000012980	4.52
ENSRNOG00000012982	16.32
ENSRNOG00000012985	66.55
ENSRNOG00000012987	0.03
ENSRNOG00000012988	26.65
ENSRNOG00000012989	2.39
ENSRNOG00000012991	9.22
ENSRNOG00000012993	0
ENSRNOG00000012994	8.1
ENSRNOG00000012995	1.6
ENSRNOG00000012999	49.22
ENSRNOG00000013000	483.24
ENSRNOG00000013002	26.69
ENSRNOG00000013003	0.55
ENSRNOG00000013004	0.94
ENSRNOG00000013005	4.94
ENSRNOG00000013007	0
ENSRNOG00000013009	72.78
ENSRNOG00000013011	25.56
ENSRNOG00000013013	7.8
ENSRNOG00000013014	6.29
ENSRNOG00000013017	28.42
ENSRNOG00000013018	1.02
ENSRNOG00000013023	39.2
ENSRNOG00000013024	7.71
ENSRNOG00000013027	1.62
ENSRNOG00000013030	37.44
ENSRNOG00000013034	0.05
ENSRNOG00000013035	7.57
ENSRNOG00000013036	11.7
ENSRNOG00000013038	1.04
ENSRNOG00000013039	119.99
ENSRNOG00000013040	2.19
ENSRNOG00000013042	8.67
ENSRNOG00000013045	42.28
ENSRNOG00000013046	0.93
ENSRNOG00000013048	3.22
ENSRNOG00000013050	0
ENSRNOG00000013053	0.95
ENSRNOG00000013055	5.9
ENSRNOG00000013057	1.34
ENSRNOG00000013059	5.73
ENSRNOG00000013061	51.24
ENSRNOG00000013062	0
ENSRNOG00000013064	10.64
ENSRNOG00000013067	2.62
ENSRNOG00000013069	2.08
ENSRNOG00000013072	10.13
ENSRNOG00000013073	0
ENSRNOG00000013074	0
ENSRNOG00000013076	22.78
ENSRNOG00000013077	0
ENSRNOG00000013078	18.51
ENSRNOG00000013085	0.48
ENSRNOG00000013089	22.59
ENSRNOG00000013090	6.8
ENSRNOG00000013092	3.73
ENSRNOG00000013097	0.18
ENSRNOG00000013101	8.29
ENSRNOG00000013102	20.32
ENSRNOG00000013103	0.05
ENSRNOG00000013110	31.4
ENSRNOG00000013111	22.5
ENSRNOG00000013112	0
ENSRNOG00000013116	0
ENSRNOG00000013118	36.59
ENSRNOG00000013121	5.6
ENSRNOG00000013123	5.04
ENSRNOG00000013128	34.7
ENSRNOG00000013132	0
ENSRNOG00000013133	0
ENSRNOG00000013135	10.34
ENSRNOG00000013136	38.72
ENSRNOG00000013137	0
ENSRNOG00000013140	14.43
ENSRNOG00000013141	0.37
ENSRNOG00000013147	8.13
ENSRNOG00000013148	1.11
ENSRNOG00000013149	10.38
ENSRNOG00000013152	2.24
ENSRNOG00000013160	28.39
ENSRNOG00000013162	38.07
ENSRNOG00000013164	0
ENSRNOG00000013165	13.22
ENSRNOG00000013166	2.95
ENSRNOG00000013167	5.93
ENSRNOG00000013169	8.39
ENSRNOG00000013170	3.57
ENSRNOG00000013171	1.32
ENSRNOG00000013172	2.88
ENSRNOG00000013176	22.73
ENSRNOG00000013177	0.41
ENSRNOG00000013178	23.94
ENSRNOG00000013179	2.03
ENSRNOG00000013180	16.86
ENSRNOG00000013186	16.57
ENSRNOG00000013190	19.96
ENSRNOG00000013191	0
ENSRNOG00000013192	0
ENSRNOG00000013194	10.62
ENSRNOG00000013195	9.67
ENSRNOG00000013196	7.78
ENSRNOG00000013198	0
ENSRNOG00000013200	0.15
ENSRNOG00000013201	27.21
ENSRNOG00000013202	8.28
ENSRNOG00000013203	0
ENSRNOG00000013208	0
ENSRNOG00000013209	0.16
ENSRNOG00000013211	38.18
ENSRNOG00000013213	42.38
ENSRNOG00000013215	3.39
ENSRNOG00000013216	3.58
ENSRNOG00000013217	19.98
ENSRNOG00000013218	9.47
ENSRNOG00000013220	3.21
ENSRNOG00000013222	0
ENSRNOG00000013223	56.69
ENSRNOG00000013225	0
ENSRNOG00000013228	17.65
ENSRNOG00000013229	2.62
ENSRNOG00000013231	4.15
ENSRNOG00000013232	1.91
ENSRNOG00000013234	21.47
ENSRNOG00000013236	28.22
ENSRNOG00000013237	0.24
ENSRNOG00000013238	19.24
ENSRNOG00000013239	12.71
ENSRNOG00000013240	0.18
ENSRNOG00000013241	0.03
ENSRNOG00000013243	0.08
ENSRNOG00000013245	0
ENSRNOG00000013247	0
ENSRNOG00000013248	10.09
ENSRNOG00000013250	1.08
ENSRNOG00000013251	7.66
ENSRNOG00000013252	6.25
ENSRNOG00000013253	24.23
ENSRNOG00000013254	36.55
ENSRNOG00000013255	47.17
ENSRNOG00000013256	20.92
ENSRNOG00000013257	10.92
ENSRNOG00000013260	1.52
ENSRNOG00000013261	0.51
ENSRNOG00000013262	0
ENSRNOG00000013263	0.58
ENSRNOG00000013265	9.54
ENSRNOG00000013267	1.38
ENSRNOG00000013269	2.51
ENSRNOG00000013271	11.62
ENSRNOG00000013279	2.09
ENSRNOG00000013280	0.24
ENSRNOG00000013281	19.25
ENSRNOG00000013282	17.1
ENSRNOG00000013285	19.51
ENSRNOG00000013286	14.59
ENSRNOG00000013287	16.47
ENSRNOG00000013288	23.26
ENSRNOG00000013290	39.93
ENSRNOG00000013291	0
ENSRNOG00000013292	0.14
ENSRNOG00000013293	9.2
ENSRNOG00000013294	0.27
ENSRNOG00000013300	99.6
ENSRNOG00000013301	3.78
ENSRNOG00000013304	4.39
ENSRNOG00000013305	59.93
ENSRNOG00000013306	9.53
ENSRNOG00000013309	2.09
ENSRNOG00000013310	0
ENSRNOG00000013312	1.1
ENSRNOG00000013313	26.28
ENSRNOG00000013314	12.69
ENSRNOG00000013317	2.26
ENSRNOG00000013318	0.33
ENSRNOG00000013320	3.76
ENSRNOG00000013321	2.26
ENSRNOG00000013322	1.3
ENSRNOG00000013323	5.69
ENSRNOG00000013324	6.12
ENSRNOG00000013326	23.06
ENSRNOG00000013328	2.01
ENSRNOG00000013330	1.34
ENSRNOG00000013331	128.44
ENSRNOG00000013334	0.06
ENSRNOG00000013336	7.64
ENSRNOG00000013338	0
ENSRNOG00000013339	5.54
ENSRNOG00000013340	15.56
ENSRNOG00000013343	21.85
ENSRNOG00000013346	1.19
ENSRNOG00000013351	17.39
ENSRNOG00000013353	10.29
ENSRNOG00000013356	41.25
ENSRNOG00000013358	7.94
ENSRNOG00000013360	68.85
ENSRNOG00000013364	3.91
ENSRNOG00000013367	0
ENSRNOG00000013368	12.6
ENSRNOG00000013369	1.13
ENSRNOG00000013370	7.14
ENSRNOG00000013371	0
ENSRNOG00000013372	0.13
ENSRNOG00000013373	0.09
ENSRNOG00000013374	0
ENSRNOG00000013376	11.32
ENSRNOG00000013378	0
ENSRNOG00000013379	8.81
ENSRNOG00000013380	6.9
ENSRNOG00000013381	43.96
ENSRNOG00000013382	0
ENSRNOG00000013383	16.37
ENSRNOG00000013386	68.14
ENSRNOG00000013387	4.56
ENSRNOG00000013388	8.05
ENSRNOG00000013389	109.03
ENSRNOG00000013390	1.87
ENSRNOG00000013391	18.52
ENSRNOG00000013393	12.96
ENSRNOG00000013395	0.45
ENSRNOG00000013397	15.73
ENSRNOG00000013398	0
ENSRNOG00000013399	1.05
ENSRNOG00000013407	9.88
ENSRNOG00000013408	20.98
ENSRNOG00000013409	20.64
ENSRNOG00000013410	0
ENSRNOG00000013411	8.01
ENSRNOG00000013412	6.75
ENSRNOG00000013413	8.95
ENSRNOG00000013415	3.18
ENSRNOG00000013416	0
ENSRNOG00000013419	0.59
ENSRNOG00000013422	9.3
ENSRNOG00000013423	11.9
ENSRNOG00000013426	0.28
ENSRNOG00000013428	2.4
ENSRNOG00000013429	7.9
ENSRNOG00000013431	6.86
ENSRNOG00000013433	0.4
ENSRNOG00000013436	30.52
ENSRNOG00000013437	0.03
ENSRNOG00000013438	10.36
ENSRNOG00000013439	0.87
ENSRNOG00000013441	1.24
ENSRNOG00000013442	13.5
ENSRNOG00000013443	56.68
ENSRNOG00000013445	10.08
ENSRNOG00000013446	8.31
ENSRNOG00000013448	0
ENSRNOG00000013451	30.11
ENSRNOG00000013452	26.81
ENSRNOG00000013454	34.31
ENSRNOG00000013456	7.78
ENSRNOG00000013459	9.31
ENSRNOG00000013460	7.45
ENSRNOG00000013461	25.69
ENSRNOG00000013463	4.67
ENSRNOG00000013464	0
ENSRNOG00000013465	2.56
ENSRNOG00000013468	13.15
ENSRNOG00000013469	24.57
ENSRNOG00000013474	1.25
ENSRNOG00000013479	35.76
ENSRNOG00000013480	4.59
ENSRNOG00000013481	9.06
ENSRNOG00000013484	33.71
ENSRNOG00000013491	11.14
ENSRNOG00000013492	113.18
ENSRNOG00000013493	55.55
ENSRNOG00000013496	0
ENSRNOG00000013498	17.58
ENSRNOG00000013502	17.11
ENSRNOG00000013503	5.52
ENSRNOG00000013505	113.02
ENSRNOG00000013506	35.69
ENSRNOG00000013507	98.71
ENSRNOG00000013508	71.54
ENSRNOG00000013510	10.02
ENSRNOG00000013514	51.39
ENSRNOG00000013515	4.63
ENSRNOG00000013516	62.13
ENSRNOG00000013517	3.32
ENSRNOG00000013519	0.8
ENSRNOG00000013520	62.75
ENSRNOG00000013521	1.71
ENSRNOG00000013526	6.84
ENSRNOG00000013529	6.1
ENSRNOG00000013532	7.69
ENSRNOG00000013533	33
ENSRNOG00000013535	14.77
ENSRNOG00000013536	162.93
ENSRNOG00000013538	27.03
ENSRNOG00000013540	0.07
ENSRNOG00000013541	0.7
ENSRNOG00000013545	37.17
ENSRNOG00000013547	0.25
ENSRNOG00000013548	0
ENSRNOG00000013552	7.7
ENSRNOG00000013553	40.64
ENSRNOG00000013554	0.53
ENSRNOG00000013555	3.62
ENSRNOG00000013557	54.59
ENSRNOG00000013562	179.28
ENSRNOG00000013563	0
ENSRNOG00000013564	1.56
ENSRNOG00000013565	6.79
ENSRNOG00000013566	0
ENSRNOG00000013570	1.46
ENSRNOG00000013572	16.17
ENSRNOG00000013573	0.61
ENSRNOG00000013574	25.73
ENSRNOG00000013577	1.57
ENSRNOG00000013578	7.24
ENSRNOG00000013579	4.23
ENSRNOG00000013581	25.86
ENSRNOG00000013583	4.93
ENSRNOG00000013585	1.89
ENSRNOG00000013586	0.06
ENSRNOG00000013587	10.19
ENSRNOG00000013588	3.61
ENSRNOG00000013589	13.88
ENSRNOG00000013591	16.97
ENSRNOG00000013593	0
ENSRNOG00000013594	23.54
ENSRNOG00000013596	9.05
ENSRNOG00000013598	0.27
ENSRNOG00000013600	0
ENSRNOG00000013602	16.7
ENSRNOG00000013603	10.51
ENSRNOG00000013604	13.86
ENSRNOG00000013605	0.21
ENSRNOG00000013609	0.55
ENSRNOG00000013610	0.66
ENSRNOG00000013611	0
ENSRNOG00000013612	0
ENSRNOG00000013615	0.16
ENSRNOG00000013616	0
ENSRNOG00000013618	25.97
ENSRNOG00000013620	12.93
ENSRNOG00000013622	1.04
ENSRNOG00000013623	11.86
ENSRNOG00000013624	7.54
ENSRNOG00000013628	2.06
ENSRNOG00000013631	4.2
ENSRNOG00000013634	2.73
ENSRNOG00000013636	5.52
ENSRNOG00000013641	0.64
ENSRNOG00000013642	14.86
ENSRNOG00000013647	3.21
ENSRNOG00000013653	16.64
ENSRNOG00000013654	11.17
ENSRNOG00000013656	68.53
ENSRNOG00000013657	268.48
ENSRNOG00000013658	192.52
ENSRNOG00000013659	19.19
ENSRNOG00000013660	17.84
ENSRNOG00000013661	11.07
ENSRNOG00000013662	0.75
ENSRNOG00000013663	6.62
ENSRNOG00000013668	6.16
ENSRNOG00000013669	11.2
ENSRNOG00000013670	0
ENSRNOG00000013671	0.05
ENSRNOG00000013673	3.8
ENSRNOG00000013674	15.41
ENSRNOG00000013679	46.92
ENSRNOG00000013681	0.88
ENSRNOG00000013683	41.11
ENSRNOG00000013684	0
ENSRNOG00000013689	8.46
ENSRNOG00000013690	2.76
ENSRNOG00000013692	4.64
ENSRNOG00000013694	5.14
ENSRNOG00000013695	0.49
ENSRNOG00000013698	0
ENSRNOG00000013703	4.92
ENSRNOG00000013704	0.11
ENSRNOG00000013707	12.73
ENSRNOG00000013711	0
ENSRNOG00000013712	29.84
ENSRNOG00000013713	0.16
ENSRNOG00000013714	34.39
ENSRNOG00000013717	8.3
ENSRNOG00000013718	22.79
ENSRNOG00000013719	5.85
ENSRNOG00000013720	10.3
ENSRNOG00000013721	1.57
ENSRNOG00000013727	0.39
ENSRNOG00000013728	1.14
ENSRNOG00000013729	12.96
ENSRNOG00000013733	10.01
ENSRNOG00000013734	1.5
ENSRNOG00000013736	0.11
ENSRNOG00000013737	8.59
ENSRNOG00000013738	12.55
ENSRNOG00000013739	0
ENSRNOG00000013740	0
ENSRNOG00000013741	85.14
ENSRNOG00000013742	25.91
ENSRNOG00000013743	22.81
ENSRNOG00000013744	2.28
ENSRNOG00000013745	0.75
ENSRNOG00000013746	24.88
ENSRNOG00000013747	2.73
ENSRNOG00000013748	0
ENSRNOG00000013751	28.81
ENSRNOG00000013752	74.22
ENSRNOG00000013753	0.09
ENSRNOG00000013754	0
ENSRNOG00000013756	20.84
ENSRNOG00000013760	0
ENSRNOG00000013763	11.82
ENSRNOG00000013764	5.26
ENSRNOG00000013766	17.25
ENSRNOG00000013767	3.14
ENSRNOG00000013768	0
ENSRNOG00000013770	13.11
ENSRNOG00000013771	0
ENSRNOG00000013773	6.48
ENSRNOG00000013774	6.21
ENSRNOG00000013776	0
ENSRNOG00000013777	10.14
ENSRNOG00000013778	0
ENSRNOG00000013780	18.84
ENSRNOG00000013781	11.48
ENSRNOG00000013783	52.7
ENSRNOG00000013790	19.93
ENSRNOG00000013791	0.4
ENSRNOG00000013792	0
ENSRNOG00000013793	7.53
ENSRNOG00000013794	2.96
ENSRNOG00000013795	4
ENSRNOG00000013796	0
ENSRNOG00000013798	25.57
ENSRNOG00000013802	27.27
ENSRNOG00000013804	16.15
ENSRNOG00000013805	6.21
ENSRNOG00000013806	5.91
ENSRNOG00000013807	0.65
ENSRNOG00000013808	0.08
ENSRNOG00000013809	16.06
ENSRNOG00000013813	4.35
ENSRNOG00000013816	47.6
ENSRNOG00000013817	0.97
ENSRNOG00000013820	0.25
ENSRNOG00000013821	0
ENSRNOG00000013823	0.02
ENSRNOG00000013825	142.36
ENSRNOG00000013826	0.14
ENSRNOG00000013828	36.25
ENSRNOG00000013829	6.02
ENSRNOG00000013832	12.84
ENSRNOG00000013834	0
ENSRNOG00000013835	0
ENSRNOG00000013836	6.14
ENSRNOG00000013837	30.24
ENSRNOG00000013838	0.13
ENSRNOG00000013839	0
ENSRNOG00000013840	0
ENSRNOG00000013841	10.07
ENSRNOG00000013844	14.75
ENSRNOG00000013845	12.12
ENSRNOG00000013847	18.25
ENSRNOG00000013850	12.85
ENSRNOG00000013851	1.95
ENSRNOG00000013852	11.45
ENSRNOG00000013855	3.97
ENSRNOG00000013859	0.05
ENSRNOG00000013862	0.71
ENSRNOG00000013865	8.07
ENSRNOG00000013866	2.64
ENSRNOG00000013867	4.48
ENSRNOG00000013869	23.9
ENSRNOG00000013872	0.67
ENSRNOG00000013874	464.63
ENSRNOG00000013875	28.09
ENSRNOG00000013876	12.21
ENSRNOG00000013877	1.24
ENSRNOG00000013878	4.87
ENSRNOG00000013884	22.37
ENSRNOG00000013886	1.13
ENSRNOG00000013887	2.95
ENSRNOG00000013889	11.66
ENSRNOG00000013890	0
ENSRNOG00000013892	32.71
ENSRNOG00000013894	0
ENSRNOG00000013895	101.07
ENSRNOG00000013896	0
ENSRNOG00000013898	2.63
ENSRNOG00000013902	14.54
ENSRNOG00000013906	0.2
ENSRNOG00000013907	14.72
ENSRNOG00000013908	0.24
ENSRNOG00000013911	12.08
ENSRNOG00000013912	4.41
ENSRNOG00000013914	0.19
ENSRNOG00000013916	133.15
ENSRNOG00000013917	2.55
ENSRNOG00000013919	23.32
ENSRNOG00000013920	6.79
ENSRNOG00000013922	0.73
ENSRNOG00000013925	0.26
ENSRNOG00000013927	7.45
ENSRNOG00000013928	0.32
ENSRNOG00000013930	34.18
ENSRNOG00000013932	0.08
ENSRNOG00000013933	13.59
ENSRNOG00000013934	18.48
ENSRNOG00000013937	3.9
ENSRNOG00000013938	1.03
ENSRNOG00000013939	0
ENSRNOG00000013940	0.31
ENSRNOG00000013944	1.43
ENSRNOG00000013945	2.84
ENSRNOG00000013946	17.35
ENSRNOG00000013947	10.06
ENSRNOG00000013948	3.5
ENSRNOG00000013949	25.97
ENSRNOG00000013950	0
ENSRNOG00000013953	6.66
ENSRNOG00000013954	3.41
ENSRNOG00000013956	13.3
ENSRNOG00000013957	0
ENSRNOG00000013959	0.04
ENSRNOG00000013961	142.76
ENSRNOG00000013962	16.54
ENSRNOG00000013963	33.92
ENSRNOG00000013965	8.21
ENSRNOG00000013967	5
ENSRNOG00000013968	6.67
ENSRNOG00000013969	20.85
ENSRNOG00000013970	0.66
ENSRNOG00000013971	57.42
ENSRNOG00000013972	25.97
ENSRNOG00000013973	0
ENSRNOG00000013974	19.18
ENSRNOG00000013975	3.21
ENSRNOG00000013977	64.84
ENSRNOG00000013981	130.76
ENSRNOG00000013982	0.1
ENSRNOG00000013987	7.15
ENSRNOG00000013991	7.58
ENSRNOG00000013992	22.52
ENSRNOG00000013993	19.82
ENSRNOG00000013994	3.7
ENSRNOG00000014000	33.93
ENSRNOG00000014001	0
ENSRNOG00000014002	6.82
ENSRNOG00000014003	6.33
ENSRNOG00000014004	24.08
ENSRNOG00000014006	18.69
ENSRNOG00000014007	12.56
ENSRNOG00000014008	11.88
ENSRNOG00000014010	8.49
ENSRNOG00000014011	1.23
ENSRNOG00000014013	80.11
ENSRNOG00000014018	10.02
ENSRNOG00000014019	9.53
ENSRNOG00000014021	3.15
ENSRNOG00000014025	119.62
ENSRNOG00000014027	5.44
ENSRNOG00000014029	33.68
ENSRNOG00000014030	4.57
ENSRNOG00000014031	5.58
ENSRNOG00000014034	4.27
ENSRNOG00000014035	71.53
ENSRNOG00000014037	5.03
ENSRNOG00000014039	0.14
ENSRNOG00000014041	3.47
ENSRNOG00000014044	17.22
ENSRNOG00000014046	7.6
ENSRNOG00000014048	21.98
ENSRNOG00000014049	8.79
ENSRNOG00000014050	13.74
ENSRNOG00000014051	39.26
ENSRNOG00000014052	4.14
ENSRNOG00000014054	0
ENSRNOG00000014055	1.05
ENSRNOG00000014058	40.79
ENSRNOG00000014059	4.02
ENSRNOG00000014060	38.83
ENSRNOG00000014061	0.72
ENSRNOG00000014064	23.18
ENSRNOG00000014065	6.97
ENSRNOG00000014066	9.43
ENSRNOG00000014070	0
ENSRNOG00000014071	4.94
ENSRNOG00000014072	13.79
ENSRNOG00000014075	5.88
ENSRNOG00000014076	25.15
ENSRNOG00000014078	183.56
ENSRNOG00000014079	7.6
ENSRNOG00000014080	0.46
ENSRNOG00000014081	0.21
ENSRNOG00000014082	2.86
ENSRNOG00000014083	25.68
ENSRNOG00000014084	8.29
ENSRNOG00000014087	22.28
ENSRNOG00000014089	3.38
ENSRNOG00000014090	24.58
ENSRNOG00000014092	25.62
ENSRNOG00000014093	20.04
ENSRNOG00000014096	22.83
ENSRNOG00000014097	51.78
ENSRNOG00000014098	6.7
ENSRNOG00000014099	0
ENSRNOG00000014102	0.24
ENSRNOG00000014104	7.16
ENSRNOG00000014105	0
ENSRNOG00000014107	105.99
ENSRNOG00000014109	45.33
ENSRNOG00000014117	2.96
ENSRNOG00000014118	1.02
ENSRNOG00000014119	15.94
ENSRNOG00000014123	0
ENSRNOG00000014124	0.13
ENSRNOG00000014125	1.67
ENSRNOG00000014127	0.22
ENSRNOG00000014128	26.38
ENSRNOG00000014130	1.47
ENSRNOG00000014132	8.11
ENSRNOG00000014133	0
ENSRNOG00000014135	50.14
ENSRNOG00000014137	7.76
ENSRNOG00000014139	4.43
ENSRNOG00000014142	35.42
ENSRNOG00000014143	1.91
ENSRNOG00000014148	9.22
ENSRNOG00000014149	3.99
ENSRNOG00000014152	13.03
ENSRNOG00000014153	33.09
ENSRNOG00000014154	43.93
ENSRNOG00000014155	15.75
ENSRNOG00000014156	0.31
ENSRNOG00000014160	40.31
ENSRNOG00000014161	8.66
ENSRNOG00000014162	123.57
ENSRNOG00000014163	13.07
ENSRNOG00000014164	1.83
ENSRNOG00000014165	33.85
ENSRNOG00000014166	0.14
ENSRNOG00000014168	5.77
ENSRNOG00000014169	0
ENSRNOG00000014170	49.06
ENSRNOG00000014171	7.66
ENSRNOG00000014172	1.18
ENSRNOG00000014173	17.84
ENSRNOG00000014178	16.61
ENSRNOG00000014179	176.09
ENSRNOG00000014180	11.22
ENSRNOG00000014181	0
ENSRNOG00000014182	8.56
ENSRNOG00000014183	41.69
ENSRNOG00000014185	0
ENSRNOG00000014186	4.17
ENSRNOG00000014187	6.91
ENSRNOG00000014188	2.71
ENSRNOG00000014190	11.95
ENSRNOG00000014191	6.76
ENSRNOG00000014192	9.49
ENSRNOG00000014193	2.15
ENSRNOG00000014197	4.32
ENSRNOG00000014199	5.4
ENSRNOG00000014201	33.9
ENSRNOG00000014202	3.16
ENSRNOG00000014204	24.16
ENSRNOG00000014205	6.22
ENSRNOG00000014208	37.75
ENSRNOG00000014209	11.64
ENSRNOG00000014212	3.82
ENSRNOG00000014214	126.94
ENSRNOG00000014215	37.34
ENSRNOG00000014218	18.91
ENSRNOG00000014226	11.92
ENSRNOG00000014227	0.6
ENSRNOG00000014230	215.21
ENSRNOG00000014231	7.11
ENSRNOG00000014232	3.14
ENSRNOG00000014233	0.05
ENSRNOG00000014234	10.4
ENSRNOG00000014235	19.43
ENSRNOG00000014237	4.22
ENSRNOG00000014240	2.46
ENSRNOG00000014241	16.17
ENSRNOG00000014242	0
ENSRNOG00000014243	3.87
ENSRNOG00000014248	8.83
ENSRNOG00000014251	18.58
ENSRNOG00000014252	15.96
ENSRNOG00000014253	0
ENSRNOG00000014254	9.46
ENSRNOG00000014256	0.06
ENSRNOG00000014257	0
ENSRNOG00000014258	1.54
ENSRNOG00000014259	3.68
ENSRNOG00000014263	0.1
ENSRNOG00000014264	146.4
ENSRNOG00000014265	9.68
ENSRNOG00000014266	0
ENSRNOG00000014268	175.68
ENSRNOG00000014269	0
ENSRNOG00000014270	35.23
ENSRNOG00000014272	315.73
ENSRNOG00000014274	10.86
ENSRNOG00000014275	6.29
ENSRNOG00000014276	0.97
ENSRNOG00000014277	6.6
ENSRNOG00000014278	5.39
ENSRNOG00000014282	0
ENSRNOG00000014284	12.69
ENSRNOG00000014285	7.83
ENSRNOG00000014287	28.47
ENSRNOG00000014288	11.25
ENSRNOG00000014289	37.97
ENSRNOG00000014290	15.73
ENSRNOG00000014291	36.31
ENSRNOG00000014293	29.4
ENSRNOG00000014294	3.78
ENSRNOG00000014296	2.08
ENSRNOG00000014297	22.12
ENSRNOG00000014302	99.59
ENSRNOG00000014303	80.65
ENSRNOG00000014305	8.49
ENSRNOG00000014310	8.62
ENSRNOG00000014311	18.52
ENSRNOG00000014312	0.12
ENSRNOG00000014314	0.33
ENSRNOG00000014316	16.74
ENSRNOG00000014317	42.32
ENSRNOG00000014318	0
ENSRNOG00000014319	8.17
ENSRNOG00000014320	2.4
ENSRNOG00000014322	24.48
ENSRNOG00000014323	24.37
ENSRNOG00000014327	0
ENSRNOG00000014328	8.24
ENSRNOG00000014330	104.09
ENSRNOG00000014331	18.75
ENSRNOG00000014333	6.69
ENSRNOG00000014336	0.63
ENSRNOG00000014338	20.37
ENSRNOG00000014339	0
ENSRNOG00000014340	16.83
ENSRNOG00000014341	15.82
ENSRNOG00000014343	17.73
ENSRNOG00000014347	19.18
ENSRNOG00000014350	0.65
ENSRNOG00000014352	24.44
ENSRNOG00000014353	24.64
ENSRNOG00000014354	10.61
ENSRNOG00000014357	1.58
ENSRNOG00000014358	1.07
ENSRNOG00000014361	1.9
ENSRNOG00000014362	9
ENSRNOG00000014363	10.17
ENSRNOG00000014365	10.26
ENSRNOG00000014366	33.04
ENSRNOG00000014367	7.83
ENSRNOG00000014368	52.33
ENSRNOG00000014369	32.8
ENSRNOG00000014370	0
ENSRNOG00000014371	40.17
ENSRNOG00000014372	0
ENSRNOG00000014373	6.53
ENSRNOG00000014375	54.26
ENSRNOG00000014376	0
ENSRNOG00000014378	0.31
ENSRNOG00000014380	8.05
ENSRNOG00000014382	19.29
ENSRNOG00000014383	0
ENSRNOG00000014385	0.8
ENSRNOG00000014386	0.07
ENSRNOG00000014387	8.58
ENSRNOG00000014395	3.7
ENSRNOG00000014398	0.31
ENSRNOG00000014399	31.05
ENSRNOG00000014405	39.52
ENSRNOG00000014409	0.09
ENSRNOG00000014414	0.05
ENSRNOG00000014415	160.26
ENSRNOG00000014419	29.98
ENSRNOG00000014420	10.39
ENSRNOG00000014422	10.83
ENSRNOG00000014424	1.35
ENSRNOG00000014425	0.09
ENSRNOG00000014426	0.36
ENSRNOG00000014427	0.28
ENSRNOG00000014429	28.7
ENSRNOG00000014431	4.25
ENSRNOG00000014434	5.45
ENSRNOG00000014436	23.19
ENSRNOG00000014440	20.32
ENSRNOG00000014441	0
ENSRNOG00000014443	2.01
ENSRNOG00000014445	66.18
ENSRNOG00000014448	11.84
ENSRNOG00000014450	9.08
ENSRNOG00000014452	4.98
ENSRNOG00000014453	29.32
ENSRNOG00000014454	35.51
ENSRNOG00000014455	9
ENSRNOG00000014456	9.14
ENSRNOG00000014459	14.04
ENSRNOG00000014460	6.87
ENSRNOG00000014461	2.29
ENSRNOG00000014462	50.35
ENSRNOG00000014463	11.43
ENSRNOG00000014464	0.42
ENSRNOG00000014465	0.85
ENSRNOG00000014471	0.12
ENSRNOG00000014475	8.37
ENSRNOG00000014476	57.16
ENSRNOG00000014477	2.34
ENSRNOG00000014478	12.66
ENSRNOG00000014479	10.6
ENSRNOG00000014480	23.76
ENSRNOG00000014481	1.53
ENSRNOG00000014482	13.55
ENSRNOG00000014483	9.59
ENSRNOG00000014485	24.67
ENSRNOG00000014486	3.58
ENSRNOG00000014490	1
ENSRNOG00000014492	0.05
ENSRNOG00000014493	9.19
ENSRNOG00000014496	22
ENSRNOG00000014501	20.61
ENSRNOG00000014502	0
ENSRNOG00000014503	72.06
ENSRNOG00000014504	1.94
ENSRNOG00000014505	0.35
ENSRNOG00000014508	45.33
ENSRNOG00000014509	16.07
ENSRNOG00000014511	6.57
ENSRNOG00000014513	0.56
ENSRNOG00000014515	2.53
ENSRNOG00000014516	22.97
ENSRNOG00000014518	0
ENSRNOG00000014519	0.84
ENSRNOG00000014520	12.32
ENSRNOG00000014521	11.33
ENSRNOG00000014522	13.86
ENSRNOG00000014524	3.24
ENSRNOG00000014525	84.76
ENSRNOG00000014526	10.47
ENSRNOG00000014527	0.14
ENSRNOG00000014528	14.85
ENSRNOG00000014529	38.01
ENSRNOG00000014530	9.21
ENSRNOG00000014531	37.01
ENSRNOG00000014532	0.93
ENSRNOG00000014534	0.2
ENSRNOG00000014538	0.14
ENSRNOG00000014543	6.23
ENSRNOG00000014548	2.58
ENSRNOG00000014549	5.43
ENSRNOG00000014550	5.75
ENSRNOG00000014551	0
ENSRNOG00000014552	14.89
ENSRNOG00000014555	0.19
ENSRNOG00000014556	13.48
ENSRNOG00000014562	44.75
ENSRNOG00000014564	13.01
ENSRNOG00000014565	23.83
ENSRNOG00000014568	118.7
ENSRNOG00000014571	169.12
ENSRNOG00000014573	105.09
ENSRNOG00000014574	5.39
ENSRNOG00000014575	21.12
ENSRNOG00000014576	30.25
ENSRNOG00000014578	0.09
ENSRNOG00000014581	47.66
ENSRNOG00000014582	19.64
ENSRNOG00000014584	13.91
ENSRNOG00000014585	2.1
ENSRNOG00000014588	4.39
ENSRNOG00000014589	3.57
ENSRNOG00000014590	0.28
ENSRNOG00000014592	1.58
ENSRNOG00000014595	12.62
ENSRNOG00000014597	2.78
ENSRNOG00000014598	6.51
ENSRNOG00000014599	17.67
ENSRNOG00000014600	0
ENSRNOG00000014602	8.49
ENSRNOG00000014603	0.74
ENSRNOG00000014604	19.08
ENSRNOG00000014605	5.35
ENSRNOG00000014610	1.39
ENSRNOG00000014613	41.68
ENSRNOG00000014614	14.8
ENSRNOG00000014615	10.44
ENSRNOG00000014616	10.87
ENSRNOG00000014617	44.38
ENSRNOG00000014618	13.56
ENSRNOG00000014619	9.25
ENSRNOG00000014621	22.7
ENSRNOG00000014623	11.43
ENSRNOG00000014624	54.82
ENSRNOG00000014625	54.21
ENSRNOG00000014626	15.58
ENSRNOG00000014628	15.32
ENSRNOG00000014629	7.88
ENSRNOG00000014630	8.51
ENSRNOG00000014633	61.61
ENSRNOG00000014634	18.77
ENSRNOG00000014635	115.3
ENSRNOG00000014637	72.79
ENSRNOG00000014641	0.24
ENSRNOG00000014642	4.04
ENSRNOG00000014644	25.91
ENSRNOG00000014645	25.89
ENSRNOG00000014647	8.73
ENSRNOG00000014648	10.14
ENSRNOG00000014650	15.69
ENSRNOG00000014652	0.04
ENSRNOG00000014653	2.17
ENSRNOG00000014654	53.11
ENSRNOG00000014656	0.81
ENSRNOG00000014658	8.53
ENSRNOG00000014659	5.13
ENSRNOG00000014660	6.29
ENSRNOG00000014661	8.14
ENSRNOG00000014664	8.36
ENSRNOG00000014665	15.34
ENSRNOG00000014666	11.29
ENSRNOG00000014668	12.94
ENSRNOG00000014670	46.4
ENSRNOG00000014671	0.06
ENSRNOG00000014672	0.16
ENSRNOG00000014673	2.84
ENSRNOG00000014674	13.29
ENSRNOG00000014675	30.41
ENSRNOG00000014678	2.28
ENSRNOG00000014683	0.12
ENSRNOG00000014684	15.98
ENSRNOG00000014685	0
ENSRNOG00000014686	15.32
ENSRNOG00000014689	38.95
ENSRNOG00000014690	42.11
ENSRNOG00000014691	14.21
ENSRNOG00000014692	1.07
ENSRNOG00000014693	33.77
ENSRNOG00000014698	0.68
ENSRNOG00000014700	0
ENSRNOG00000014702	13.49
ENSRNOG00000014703	1.31
ENSRNOG00000014705	0.29
ENSRNOG00000014706	0
ENSRNOG00000014710	0.17
ENSRNOG00000014711	0
ENSRNOG00000014712	3
ENSRNOG00000014713	3.39
ENSRNOG00000014714	2.88
ENSRNOG00000014718	88.55
ENSRNOG00000014719	20.05
ENSRNOG00000014720	5.34
ENSRNOG00000014721	0
ENSRNOG00000014722	6.33
ENSRNOG00000014723	9.64
ENSRNOG00000014726	0.13
ENSRNOG00000014727	8.06
ENSRNOG00000014739	4.14
ENSRNOG00000014740	0
ENSRNOG00000014741	0
ENSRNOG00000014742	25.57
ENSRNOG00000014743	40.55
ENSRNOG00000014744	144.53
ENSRNOG00000014745	7.87
ENSRNOG00000014746	7.69
ENSRNOG00000014750	10.84
ENSRNOG00000014751	7.94
ENSRNOG00000014753	2
ENSRNOG00000014758	19.65
ENSRNOG00000014761	172.15
ENSRNOG00000014762	11.41
ENSRNOG00000014765	73.99
ENSRNOG00000014766	15.33
ENSRNOG00000014768	0.94
ENSRNOG00000014771	0
ENSRNOG00000014775	3.36
ENSRNOG00000014776	2.58
ENSRNOG00000014777	8.89
ENSRNOG00000014779	31.99
ENSRNOG00000014783	3.56
ENSRNOG00000014785	37.07
ENSRNOG00000014786	4.62
ENSRNOG00000014787	0
ENSRNOG00000014790	1.05
ENSRNOG00000014791	106.04
ENSRNOG00000014793	2.14
ENSRNOG00000014794	0
ENSRNOG00000014795	23.53
ENSRNOG00000014797	18.54
ENSRNOG00000014798	46.34
ENSRNOG00000014801	3.38
ENSRNOG00000014805	10.55
ENSRNOG00000014806	44.29
ENSRNOG00000014807	0
ENSRNOG00000014808	4.99
ENSRNOG00000014811	20.13
ENSRNOG00000014815	0.16
ENSRNOG00000014816	27.44
ENSRNOG00000014819	18.91
ENSRNOG00000014828	13.91
ENSRNOG00000014829	6.83
ENSRNOG00000014831	0
ENSRNOG00000014832	5.42
ENSRNOG00000014833	8.49
ENSRNOG00000014834	12.2
ENSRNOG00000014835	0.58
ENSRNOG00000014836	26.51
ENSRNOG00000014837	3.09
ENSRNOG00000014838	1.19
ENSRNOG00000014840	0.17
ENSRNOG00000014844	45.67
ENSRNOG00000014845	0.19
ENSRNOG00000014846	13.69
ENSRNOG00000014847	1.23
ENSRNOG00000014850	0.78
ENSRNOG00000014851	4.43
ENSRNOG00000014852	6.94
ENSRNOG00000014856	68.72
ENSRNOG00000014857	13.16
ENSRNOG00000014859	6.77
ENSRNOG00000014861	0
ENSRNOG00000014862	5.53
ENSRNOG00000014863	8.73
ENSRNOG00000014865	5.54
ENSRNOG00000014866	2.76
ENSRNOG00000014867	20.75
ENSRNOG00000014869	4.45
ENSRNOG00000014870	3.89
ENSRNOG00000014871	1.88
ENSRNOG00000014872	4.45
ENSRNOG00000014874	14.77
ENSRNOG00000014875	15.75
ENSRNOG00000014876	12.14
ENSRNOG00000014879	4.46
ENSRNOG00000014882	15.89
ENSRNOG00000014886	3.42
ENSRNOG00000014887	1.76
ENSRNOG00000014890	31.5
ENSRNOG00000014891	8.2
ENSRNOG00000014893	1.56
ENSRNOG00000014896	0.08
ENSRNOG00000014898	0
ENSRNOG00000014899	0
ENSRNOG00000014900	3.68
ENSRNOG00000014901	11.12
ENSRNOG00000014902	0.53
ENSRNOG00000014903	16.36
ENSRNOG00000014904	2.83
ENSRNOG00000014907	0.65
ENSRNOG00000014908	33.85
ENSRNOG00000014909	16.03
ENSRNOG00000014915	19.25
ENSRNOG00000014916	7.4
ENSRNOG00000014917	11.04
ENSRNOG00000014918	0
ENSRNOG00000014923	0.32
ENSRNOG00000014925	1.6
ENSRNOG00000014928	39.83
ENSRNOG00000014933	16.34
ENSRNOG00000014935	12.31
ENSRNOG00000014936	6.71
ENSRNOG00000014937	5.1
ENSRNOG00000014940	0.39
ENSRNOG00000014945	19.54
ENSRNOG00000014946	20.16
ENSRNOG00000014948	1.14
ENSRNOG00000014950	0
ENSRNOG00000014951	0
ENSRNOG00000014953	0.97
ENSRNOG00000014956	2.42
ENSRNOG00000014960	0.54
ENSRNOG00000014961	7.1
ENSRNOG00000014963	51.72
ENSRNOG00000014964	0.82
ENSRNOG00000014965	0.1
ENSRNOG00000014966	11.77
ENSRNOG00000014969	22.7
ENSRNOG00000014970	6.6
ENSRNOG00000014971	0.52
ENSRNOG00000014973	3.38
ENSRNOG00000014975	27.39
ENSRNOG00000014979	0
ENSRNOG00000014980	20.72
ENSRNOG00000014981	62.74
ENSRNOG00000014982	4.15
ENSRNOG00000014984	32.68
ENSRNOG00000014986	25.07
ENSRNOG00000014987	0.2
ENSRNOG00000014988	0
ENSRNOG00000014992	33.24
ENSRNOG00000014996	4.08
ENSRNOG00000014997	8.93
ENSRNOG00000014999	12.87
ENSRNOG00000015002	1.04
ENSRNOG00000015003	3.51
ENSRNOG00000015004	0.93
ENSRNOG00000015005	0
ENSRNOG00000015008	0.29
ENSRNOG00000015018	119.74
ENSRNOG00000015019	19.85
ENSRNOG00000015020	21.3
ENSRNOG00000015021	12.09
ENSRNOG00000015024	0.12
ENSRNOG00000015026	23.3
ENSRNOG00000015027	0.5
ENSRNOG00000015029	10
ENSRNOG00000015030	22.07
ENSRNOG00000015033	24.61
ENSRNOG00000015035	0.09
ENSRNOG00000015036	2.73
ENSRNOG00000015042	0.62
ENSRNOG00000015049	0.25
ENSRNOG00000015051	9.91
ENSRNOG00000015052	1.51
ENSRNOG00000015054	6.38
ENSRNOG00000015055	97.24
ENSRNOG00000015057	0.08
ENSRNOG00000015058	0
ENSRNOG00000015059	15.89
ENSRNOG00000015061	0.09
ENSRNOG00000015063	2.93
ENSRNOG00000015067	0.1
ENSRNOG00000015068	16.25
ENSRNOG00000015071	1.05
ENSRNOG00000015072	0.68
ENSRNOG00000015075	2.75
ENSRNOG00000015076	2.65
ENSRNOG00000015077	8.82
ENSRNOG00000015078	7.18
ENSRNOG00000015079	48.97
ENSRNOG00000015080	17.96
ENSRNOG00000015082	0
ENSRNOG00000015084	41.88
ENSRNOG00000015085	22.05
ENSRNOG00000015086	0.06
ENSRNOG00000015088	43.23
ENSRNOG00000015089	0.08
ENSRNOG00000015090	14.88
ENSRNOG00000015093	692.65
ENSRNOG00000015095	28.46
ENSRNOG00000015097	38.05
ENSRNOG00000015101	0.28
ENSRNOG00000015105	29.64
ENSRNOG00000015109	4.42
ENSRNOG00000015113	0.64
ENSRNOG00000015117	0.81
ENSRNOG00000015118	5.92
ENSRNOG00000015121	8.94
ENSRNOG00000015122	24.24
ENSRNOG00000015124	24.13
ENSRNOG00000015125	0.37
ENSRNOG00000015128	31.71
ENSRNOG00000015131	0.29
ENSRNOG00000015133	13.24
ENSRNOG00000015134	38.01
ENSRNOG00000015137	2.53
ENSRNOG00000015139	2.14
ENSRNOG00000015140	4.83
ENSRNOG00000015142	17.77
ENSRNOG00000015143	12.03
ENSRNOG00000015144	38.59
ENSRNOG00000015145	20.58
ENSRNOG00000015148	9.9
ENSRNOG00000015149	0.41
ENSRNOG00000015150	12.35
ENSRNOG00000015152	0.33
ENSRNOG00000015153	24.48
ENSRNOG00000015155	2.66
ENSRNOG00000015156	3.13
ENSRNOG00000015157	1.27
ENSRNOG00000015158	12.65
ENSRNOG00000015159	3.27
ENSRNOG00000015160	3.37
ENSRNOG00000015161	13.03
ENSRNOG00000015162	19.24
ENSRNOG00000015168	0.76
ENSRNOG00000015173	25.09
ENSRNOG00000015177	44.95
ENSRNOG00000015179	4.25
ENSRNOG00000015180	8.72
ENSRNOG00000015182	67.33
ENSRNOG00000015184	5.84
ENSRNOG00000015187	2.73
ENSRNOG00000015188	1.91
ENSRNOG00000015189	4.95
ENSRNOG00000015191	13.15
ENSRNOG00000015192	13.28
ENSRNOG00000015195	13.1
ENSRNOG00000015196	2.43
ENSRNOG00000015201	2.28
ENSRNOG00000015202	71.55
ENSRNOG00000015205	54.56
ENSRNOG00000015206	13.35
ENSRNOG00000015210	0.04
ENSRNOG00000015211	0.95
ENSRNOG00000015212	9.91
ENSRNOG00000015213	13.84
ENSRNOG00000015215	24.52
ENSRNOG00000015217	10.78
ENSRNOG00000015218	8.16
ENSRNOG00000015220	13.51
ENSRNOG00000015221	84.65
ENSRNOG00000015222	0.67
ENSRNOG00000015225	13.89
ENSRNOG00000015226	18.41
ENSRNOG00000015229	13.21
ENSRNOG00000015230	14.36
ENSRNOG00000015231	13.04
ENSRNOG00000015232	4.35
ENSRNOG00000015233	26.75
ENSRNOG00000015235	8.15
ENSRNOG00000015236	19.5
ENSRNOG00000015237	12.57
ENSRNOG00000015239	12.39
ENSRNOG00000015242	1.12
ENSRNOG00000015248	0.16
ENSRNOG00000015249	4.92
ENSRNOG00000015250	12.51
ENSRNOG00000015253	3.89
ENSRNOG00000015254	0
ENSRNOG00000015255	5.87
ENSRNOG00000015257	77.1
ENSRNOG00000015259	0.42
ENSRNOG00000015260	0.17
ENSRNOG00000015262	0.36
ENSRNOG00000015264	1.56
ENSRNOG00000015267	0
ENSRNOG00000015268	9.66
ENSRNOG00000015269	8.76
ENSRNOG00000015271	5.47
ENSRNOG00000015274	7.25
ENSRNOG00000015275	0.18
ENSRNOG00000015277	110.07
ENSRNOG00000015278	25.28
ENSRNOG00000015279	0.21
ENSRNOG00000015280	20.93
ENSRNOG00000015283	2.92
ENSRNOG00000015285	12.74
ENSRNOG00000015288	15.14
ENSRNOG00000015289	0
ENSRNOG00000015290	1.25
ENSRNOG00000015292	14.11
ENSRNOG00000015293	0.09
ENSRNOG00000015294	0.13
ENSRNOG00000015295	18.97
ENSRNOG00000015297	0.16
ENSRNOG00000015300	27.81
ENSRNOG00000015301	33.25
ENSRNOG00000015303	14.39
ENSRNOG00000015304	31.95
ENSRNOG00000015306	0.32
ENSRNOG00000015308	0.32
ENSRNOG00000015310	1.34
ENSRNOG00000015318	7.4
ENSRNOG00000015320	117.83
ENSRNOG00000015321	3.92
ENSRNOG00000015322	1.84
ENSRNOG00000015325	9.15
ENSRNOG00000015328	0
ENSRNOG00000015329	5.81
ENSRNOG00000015331	0.07
ENSRNOG00000015332	13.88
ENSRNOG00000015333	0
ENSRNOG00000015334	10.57
ENSRNOG00000015335	183.1
ENSRNOG00000015336	0
ENSRNOG00000015339	14.61
ENSRNOG00000015340	2.89
ENSRNOG00000015346	3.78
ENSRNOG00000015347	4.12
ENSRNOG00000015353	0.41
ENSRNOG00000015354	8.38
ENSRNOG00000015357	1.45
ENSRNOG00000015359	0
ENSRNOG00000015365	2.51
ENSRNOG00000015366	0.28
ENSRNOG00000015367	0
ENSRNOG00000015368	0.03
ENSRNOG00000015370	8.72
ENSRNOG00000015371	0
ENSRNOG00000015375	7.95
ENSRNOG00000015376	9.12
ENSRNOG00000015380	19.23
ENSRNOG00000015382	4.86
ENSRNOG00000015383	1.05
ENSRNOG00000015385	141.51
ENSRNOG00000015386	0
ENSRNOG00000015389	5.51
ENSRNOG00000015393	95.03
ENSRNOG00000015394	0.05
ENSRNOG00000015396	181.24
ENSRNOG00000015397	13.94
ENSRNOG00000015401	22.99
ENSRNOG00000015402	0.12
ENSRNOG00000015403	0.37
ENSRNOG00000015406	5.98
ENSRNOG00000015407	0
ENSRNOG00000015408	0.12
ENSRNOG00000015409	65.77
ENSRNOG00000015410	0.08
ENSRNOG00000015411	1.37
ENSRNOG00000015413	13.33
ENSRNOG00000015415	17.2
ENSRNOG00000015416	2.89
ENSRNOG00000015417	24.74
ENSRNOG00000015418	0.08
ENSRNOG00000015419	2.01
ENSRNOG00000015420	206.68
ENSRNOG00000015421	6.09
ENSRNOG00000015423	0.35
ENSRNOG00000015424	0
ENSRNOG00000015425	11.88
ENSRNOG00000015426	3.68
ENSRNOG00000015428	49.79
ENSRNOG00000015430	53.12
ENSRNOG00000015432	0
ENSRNOG00000015434	17.86
ENSRNOG00000015437	27.39
ENSRNOG00000015438	0
ENSRNOG00000015439	5.34
ENSRNOG00000015440	6.87
ENSRNOG00000015441	3.37
ENSRNOG00000015442	28.83
ENSRNOG00000015444	0
ENSRNOG00000015445	354.51
ENSRNOG00000015447	0.02
ENSRNOG00000015448	3.25
ENSRNOG00000015449	0.11
ENSRNOG00000015450	14.81
ENSRNOG00000015455	5.6
ENSRNOG00000015456	5.17
ENSRNOG00000015458	3.82
ENSRNOG00000015459	7
ENSRNOG00000015460	0.17
ENSRNOG00000015461	108.62
ENSRNOG00000015465	0.86
ENSRNOG00000015468	0.04
ENSRNOG00000015472	0
ENSRNOG00000015473	7.39
ENSRNOG00000015474	12.59
ENSRNOG00000015476	7.71
ENSRNOG00000015477	0.45
ENSRNOG00000015478	0
ENSRNOG00000015479	17.81
ENSRNOG00000015480	60.7
ENSRNOG00000015488	2.4
ENSRNOG00000015491	5.92
ENSRNOG00000015493	0.05
ENSRNOG00000015495	5.24
ENSRNOG00000015496	26.61
ENSRNOG00000015498	0.75
ENSRNOG00000015499	9.26
ENSRNOG00000015501	31.08
ENSRNOG00000015502	0.17
ENSRNOG00000015503	13.94
ENSRNOG00000015505	0.12
ENSRNOG00000015508	14.15
ENSRNOG00000015511	21.4
ENSRNOG00000015514	554.99
ENSRNOG00000015516	3.61
ENSRNOG00000015517	18.2
ENSRNOG00000015518	19.38
ENSRNOG00000015519	0
ENSRNOG00000015520	0.05
ENSRNOG00000015522	0
ENSRNOG00000015523	12.04
ENSRNOG00000015525	4.93
ENSRNOG00000015526	0.2
ENSRNOG00000015527	0
ENSRNOG00000015528	164.45
ENSRNOG00000015529	0.86
ENSRNOG00000015534	20.57
ENSRNOG00000015538	9.19
ENSRNOG00000015540	21.21
ENSRNOG00000015541	2.73
ENSRNOG00000015544	0
ENSRNOG00000015546	12.7
ENSRNOG00000015550	461.86
ENSRNOG00000015551	15.03
ENSRNOG00000015552	9.98
ENSRNOG00000015553	14.85
ENSRNOG00000015554	3.67
ENSRNOG00000015557	0
ENSRNOG00000015558	14.66
ENSRNOG00000015559	0.08
ENSRNOG00000015560	10.33
ENSRNOG00000015562	0.02
ENSRNOG00000015566	0.45
ENSRNOG00000015567	0.55
ENSRNOG00000015568	7.39
ENSRNOG00000015573	6.74
ENSRNOG00000015576	15.85
ENSRNOG00000015577	3.53
ENSRNOG00000015578	0.31
ENSRNOG00000015581	0.49
ENSRNOG00000015582	15.76
ENSRNOG00000015583	18.41
ENSRNOG00000015585	1.53
ENSRNOG00000015588	15.79
ENSRNOG00000015589	7.29
ENSRNOG00000015590	1.08
ENSRNOG00000015591	40.31
ENSRNOG00000015593	1.09
ENSRNOG00000015594	14.91
ENSRNOG00000015596	30.29
ENSRNOG00000015597	9.83
ENSRNOG00000015598	1.22
ENSRNOG00000015599	0.51
ENSRNOG00000015602	31
ENSRNOG00000015603	44.16
ENSRNOG00000015609	3.35
ENSRNOG00000015614	95.72
ENSRNOG00000015615	7.93
ENSRNOG00000015616	6.16
ENSRNOG00000015618	1.52
ENSRNOG00000015619	31.75
ENSRNOG00000015621	13.57
ENSRNOG00000015622	2.2
ENSRNOG00000015623	0.11
ENSRNOG00000015625	8.24
ENSRNOG00000015630	62.4
ENSRNOG00000015631	8.59
ENSRNOG00000015632	5.26
ENSRNOG00000015633	33.24
ENSRNOG00000015636	6.3
ENSRNOG00000015637	0.08
ENSRNOG00000015641	3.46
ENSRNOG00000015642	14.76
ENSRNOG00000015644	29.11
ENSRNOG00000015645	7.77
ENSRNOG00000015646	0.07
ENSRNOG00000015649	0
ENSRNOG00000015652	0
ENSRNOG00000015654	2.01
ENSRNOG00000015655	9.64
ENSRNOG00000015657	0
ENSRNOG00000015658	26
ENSRNOG00000015660	11.19
ENSRNOG00000015664	17.62
ENSRNOG00000015666	0.26
ENSRNOG00000015667	3.17
ENSRNOG00000015668	1.18
ENSRNOG00000015669	1.91
ENSRNOG00000015670	19.81
ENSRNOG00000015671	0.23
ENSRNOG00000015673	0
ENSRNOG00000015674	0.16
ENSRNOG00000015675	20.21
ENSRNOG00000015676	23.87
ENSRNOG00000015677	0.55
ENSRNOG00000015678	1.45
ENSRNOG00000015679	4.4
ENSRNOG00000015682	0.11
ENSRNOG00000015685	0.03
ENSRNOG00000015686	27.17
ENSRNOG00000015689	0
ENSRNOG00000015690	0.08
ENSRNOG00000015691	15.84
ENSRNOG00000015692	23.06
ENSRNOG00000015695	3.85
ENSRNOG00000015696	7.05
ENSRNOG00000015699	16.02
ENSRNOG00000015701	2.7
ENSRNOG00000015703	67.92
ENSRNOG00000015707	0
ENSRNOG00000015708	14.84
ENSRNOG00000015713	5.57
ENSRNOG00000015716	0
ENSRNOG00000015717	9.78
ENSRNOG00000015718	3.32
ENSRNOG00000015719	6.24
ENSRNOG00000015720	30.64
ENSRNOG00000015724	0.13
ENSRNOG00000015727	0.33
ENSRNOG00000015732	51.89
ENSRNOG00000015733	111.16
ENSRNOG00000015734	13.96
ENSRNOG00000015735	8.01
ENSRNOG00000015736	7.69
ENSRNOG00000015741	19.78
ENSRNOG00000015743	0
ENSRNOG00000015744	1.55
ENSRNOG00000015746	6.61
ENSRNOG00000015749	31.47
ENSRNOG00000015750	7.49
ENSRNOG00000015751	0.13
ENSRNOG00000015753	89.44
ENSRNOG00000015756	8.32
ENSRNOG00000015760	0
ENSRNOG00000015762	15.61
ENSRNOG00000015763	21.48
ENSRNOG00000015764	0
ENSRNOG00000015768	5.52
ENSRNOG00000015769	0
ENSRNOG00000015772	6.25
ENSRNOG00000015773	0.78
ENSRNOG00000015774	1.84
ENSRNOG00000015777	13.24
ENSRNOG00000015780	65.66
ENSRNOG00000015781	2.41
ENSRNOG00000015783	0.03
ENSRNOG00000015785	0
ENSRNOG00000015787	9.14
ENSRNOG00000015788	0
ENSRNOG00000015791	0
ENSRNOG00000015794	6.49
ENSRNOG00000015796	6.57
ENSRNOG00000015797	1.46
ENSRNOG00000015798	0
ENSRNOG00000015799	2.64
ENSRNOG00000015800	2.9
ENSRNOG00000015806	0
ENSRNOG00000015807	6.32
ENSRNOG00000015810	0.31
ENSRNOG00000015811	0
ENSRNOG00000015812	4.83
ENSRNOG00000015813	27.45
ENSRNOG00000015816	5.29
ENSRNOG00000015818	0
ENSRNOG00000015821	0
ENSRNOG00000015822	20.98
ENSRNOG00000015825	13.26
ENSRNOG00000015829	0.18
ENSRNOG00000015830	0.12
ENSRNOG00000015832	0
ENSRNOG00000015834	0.09
ENSRNOG00000015835	38.51
ENSRNOG00000015840	32.55
ENSRNOG00000015843	86.78
ENSRNOG00000015844	31.7
ENSRNOG00000015845	15.45
ENSRNOG00000015848	10.37
ENSRNOG00000015850	0
ENSRNOG00000015851	0.53
ENSRNOG00000015852	40.25
ENSRNOG00000015854	0.42
ENSRNOG00000015857	80.88
ENSRNOG00000015858	7.46
ENSRNOG00000015859	0.85
ENSRNOG00000015860	2.93
ENSRNOG00000015863	0.16
ENSRNOG00000015865	65.08
ENSRNOG00000015866	35.63
ENSRNOG00000015867	1.46
ENSRNOG00000015868	0
ENSRNOG00000015869	13.08
ENSRNOG00000015873	0.35
ENSRNOG00000015876	0
ENSRNOG00000015877	0
ENSRNOG00000015878	0
ENSRNOG00000015880	0
ENSRNOG00000015885	0
ENSRNOG00000015886	5.56
ENSRNOG00000015888	21.41
ENSRNOG00000015893	0
ENSRNOG00000015894	1.73
ENSRNOG00000015895	11.96
ENSRNOG00000015896	2.39
ENSRNOG00000015898	4.64
ENSRNOG00000015901	0
ENSRNOG00000015902	0.46
ENSRNOG00000015903	19.98
ENSRNOG00000015904	11.18
ENSRNOG00000015906	1.02
ENSRNOG00000015909	0
ENSRNOG00000015910	0
ENSRNOG00000015911	3.81
ENSRNOG00000015912	25.71
ENSRNOG00000015913	39.35
ENSRNOG00000015914	62.29
ENSRNOG00000015916	4.13
ENSRNOG00000015919	0
ENSRNOG00000015921	0.49
ENSRNOG00000015924	0
ENSRNOG00000015925	14.87
ENSRNOG00000015928	7.51
ENSRNOG00000015932	6.8
ENSRNOG00000015936	14.2
ENSRNOG00000015939	16.06
ENSRNOG00000015940	0
ENSRNOG00000015941	3.87
ENSRNOG00000015945	0.1
ENSRNOG00000015948	3.56
ENSRNOG00000015953	115.02
ENSRNOG00000015956	15.14
ENSRNOG00000015957	1.63
ENSRNOG00000015962	22.8
ENSRNOG00000015967	58.39
ENSRNOG00000015969	8.45
ENSRNOG00000015970	11.56
ENSRNOG00000015971	67.2
ENSRNOG00000015972	1.17
ENSRNOG00000015974	19.06
ENSRNOG00000015975	1.55
ENSRNOG00000015977	9.49
ENSRNOG00000015980	3.53
ENSRNOG00000015982	0.1
ENSRNOG00000015983	10.85
ENSRNOG00000015986	13.07
ENSRNOG00000015987	100.2
ENSRNOG00000015989	11.66
ENSRNOG00000015991	10.18
ENSRNOG00000015992	0
ENSRNOG00000015994	0.18
ENSRNOG00000015997	18.45
ENSRNOG00000015999	47.27
ENSRNOG00000016000	0
ENSRNOG00000016001	36.31
ENSRNOG00000016010	8.23
ENSRNOG00000016011	30.23
ENSRNOG00000016012	7.1
ENSRNOG00000016013	136.45
ENSRNOG00000016015	7.75
ENSRNOG00000016016	34.89
ENSRNOG00000016018	0
ENSRNOG00000016021	10.49
ENSRNOG00000016023	25.31
ENSRNOG00000016027	0
ENSRNOG00000016029	12.73
ENSRNOG00000016031	21.29
ENSRNOG00000016032	15.32
ENSRNOG00000016033	9.28
ENSRNOG00000016034	9.31
ENSRNOG00000016036	26.08
ENSRNOG00000016037	1.21
ENSRNOG00000016038	1.95
ENSRNOG00000016041	0.37
ENSRNOG00000016043	140.46
ENSRNOG00000016044	0.11
ENSRNOG00000016046	6.94
ENSRNOG00000016047	28.8
ENSRNOG00000016050	24
ENSRNOG00000016052	0
ENSRNOG00000016054	16.81
ENSRNOG00000016055	19.27
ENSRNOG00000016057	0.36
ENSRNOG00000016058	0.75
ENSRNOG00000016062	18.29
ENSRNOG00000016063	18.79
ENSRNOG00000016064	115.64
ENSRNOG00000016066	0.92
ENSRNOG00000016067	36.67
ENSRNOG00000016069	0.04
ENSRNOG00000016070	19.16
ENSRNOG00000016071	34.04
ENSRNOG00000016073	0
ENSRNOG00000016075	0
ENSRNOG00000016076	0
ENSRNOG00000016085	0.2
ENSRNOG00000016087	12.03
ENSRNOG00000016088	25.54
ENSRNOG00000016089	0
ENSRNOG00000016090	14.9
ENSRNOG00000016091	3.78
ENSRNOG00000016093	6.3
ENSRNOG00000016095	0
ENSRNOG00000016097	13.55
ENSRNOG00000016099	38.29
ENSRNOG00000016100	0
ENSRNOG00000016102	0.52
ENSRNOG00000016103	2.15
ENSRNOG00000016105	9.89
ENSRNOG00000016108	7.06
ENSRNOG00000016109	22.93
ENSRNOG00000016110	4.02
ENSRNOG00000016112	1.13
ENSRNOG00000016116	0
ENSRNOG00000016117	2.66
ENSRNOG00000016119	1.35
ENSRNOG00000016120	0
ENSRNOG00000016121	5.93
ENSRNOG00000016122	19.27
ENSRNOG00000016123	7.46
ENSRNOG00000016128	10.77
ENSRNOG00000016133	58.32
ENSRNOG00000016134	10.67
ENSRNOG00000016135	6.72
ENSRNOG00000016136	0
ENSRNOG00000016137	71.08
ENSRNOG00000016141	0
ENSRNOG00000016143	41.21
ENSRNOG00000016145	44.61
ENSRNOG00000016146	4.17
ENSRNOG00000016147	32.69
ENSRNOG00000016148	1.46
ENSRNOG00000016149	0.04
ENSRNOG00000016150	4.71
ENSRNOG00000016151	0.25
ENSRNOG00000016152	20.29
ENSRNOG00000016156	20.07
ENSRNOG00000016161	28.11
ENSRNOG00000016163	124.68
ENSRNOG00000016164	10.4
ENSRNOG00000016166	5.96
ENSRNOG00000016167	18.02
ENSRNOG00000016172	11.74
ENSRNOG00000016173	0
ENSRNOG00000016174	6.24
ENSRNOG00000016177	8.94
ENSRNOG00000016179	0.16
ENSRNOG00000016180	54.87
ENSRNOG00000016181	0
ENSRNOG00000016182	21.29
ENSRNOG00000016183	6.87
ENSRNOG00000016186	4.34
ENSRNOG00000016187	7.16
ENSRNOG00000016189	53.11
ENSRNOG00000016190	24.98
ENSRNOG00000016193	5.22
ENSRNOG00000016196	26.45
ENSRNOG00000016199	0
ENSRNOG00000016200	11.48
ENSRNOG00000016201	17.56
ENSRNOG00000016203	4.93
ENSRNOG00000016204	10.4
ENSRNOG00000016206	12.97
ENSRNOG00000016207	29.08
ENSRNOG00000016208	1.88
ENSRNOG00000016210	0.35
ENSRNOG00000016212	18.6
ENSRNOG00000016213	35.34
ENSRNOG00000016214	10.7
ENSRNOG00000016216	3.19
ENSRNOG00000016217	9.9
ENSRNOG00000016218	33.96
ENSRNOG00000016219	0.37
ENSRNOG00000016220	140.99
ENSRNOG00000016221	92.91
ENSRNOG00000016222	4.81
ENSRNOG00000016223	0.04
ENSRNOG00000016224	8.87
ENSRNOG00000016225	7.17
ENSRNOG00000016226	4.56
ENSRNOG00000016227	54.11
ENSRNOG00000016229	10.97
ENSRNOG00000016231	11.04
ENSRNOG00000016234	20.92
ENSRNOG00000016239	5.16
ENSRNOG00000016242	3.25
ENSRNOG00000016243	6.24
ENSRNOG00000016244	27.23
ENSRNOG00000016245	32.75
ENSRNOG00000016246	13.04
ENSRNOG00000016247	0.65
ENSRNOG00000016248	5.36
ENSRNOG00000016249	8.85
ENSRNOG00000016250	10.25
ENSRNOG00000016251	82.64
ENSRNOG00000016252	7.36
ENSRNOG00000016253	0
ENSRNOG00000016254	9.62
ENSRNOG00000016255	60.38
ENSRNOG00000016256	27.19
ENSRNOG00000016257	27.59
ENSRNOG00000016258	4.21
ENSRNOG00000016260	2.34
ENSRNOG00000016262	0.07
ENSRNOG00000016265	14.45
ENSRNOG00000016266	6.93
ENSRNOG00000016267	9.82
ENSRNOG00000016269	34.09
ENSRNOG00000016271	298.21
ENSRNOG00000016272	87.59
ENSRNOG00000016273	7.1
ENSRNOG00000016274	13.29
ENSRNOG00000016275	39.99
ENSRNOG00000016278	0.46
ENSRNOG00000016279	5.53
ENSRNOG00000016280	19.65
ENSRNOG00000016281	9.4
ENSRNOG00000016283	0.07
ENSRNOG00000016284	0.03
ENSRNOG00000016286	0.08
ENSRNOG00000016288	47.77
ENSRNOG00000016289	5.7
ENSRNOG00000016291	0
ENSRNOG00000016292	2.49
ENSRNOG00000016294	6.78
ENSRNOG00000016295	0
ENSRNOG00000016298	3.06
ENSRNOG00000016299	1.72
ENSRNOG00000016301	0
ENSRNOG00000016302	43.91
ENSRNOG00000016303	4.5
ENSRNOG00000016306	2.48
ENSRNOG00000016307	0
ENSRNOG00000016308	5.53
ENSRNOG00000016309	14.2
ENSRNOG00000016311	0.17
ENSRNOG00000016312	0.07
ENSRNOG00000016313	17.35
ENSRNOG00000016315	25.88
ENSRNOG00000016316	2.69
ENSRNOG00000016321	36.63
ENSRNOG00000016322	798.71
ENSRNOG00000016325	0.03
ENSRNOG00000016326	146.55
ENSRNOG00000016327	16.41
ENSRNOG00000016330	0.77
ENSRNOG00000016331	0.07
ENSRNOG00000016334	5.18
ENSRNOG00000016336	0
ENSRNOG00000016337	0
ENSRNOG00000016338	22.69
ENSRNOG00000016339	0
ENSRNOG00000016342	4.34
ENSRNOG00000016343	10.69
ENSRNOG00000016346	159.72
ENSRNOG00000016348	0
ENSRNOG00000016349	0
ENSRNOG00000016351	0.94
ENSRNOG00000016352	11.95
ENSRNOG00000016353	7.71
ENSRNOG00000016356	196.63
ENSRNOG00000016357	30.72
ENSRNOG00000016358	32.01
ENSRNOG00000016360	15.98
ENSRNOG00000016361	13.01
ENSRNOG00000016362	5.1
ENSRNOG00000016364	34.5
ENSRNOG00000016366	2.03
ENSRNOG00000016367	7.9
ENSRNOG00000016368	2.86
ENSRNOG00000016371	6.63
ENSRNOG00000016372	1.93
ENSRNOG00000016374	54.25
ENSRNOG00000016377	0.16
ENSRNOG00000016378	0.56
ENSRNOG00000016379	10.44
ENSRNOG00000016381	7.34
ENSRNOG00000016383	40.18
ENSRNOG00000016384	7.11
ENSRNOG00000016385	52.87
ENSRNOG00000016387	182.23
ENSRNOG00000016388	9.62
ENSRNOG00000016390	10.05
ENSRNOG00000016391	4.07
ENSRNOG00000016392	4.33
ENSRNOG00000016394	0
ENSRNOG00000016396	30.38
ENSRNOG00000016397	0.27
ENSRNOG00000016398	201.96
ENSRNOG00000016399	8.54
ENSRNOG00000016400	0.3
ENSRNOG00000016403	0.04
ENSRNOG00000016405	2.27
ENSRNOG00000016408	2.71
ENSRNOG00000016409	0
ENSRNOG00000016410	0
ENSRNOG00000016411	186.93
ENSRNOG00000016412	9.6
ENSRNOG00000016413	1.65
ENSRNOG00000016414	254.94
ENSRNOG00000016416	21.88
ENSRNOG00000016417	2.63
ENSRNOG00000016419	10.08
ENSRNOG00000016420	2.45
ENSRNOG00000016421	0.56
ENSRNOG00000016422	2.6
ENSRNOG00000016423	30.29
ENSRNOG00000016427	34.6
ENSRNOG00000016429	27.69
ENSRNOG00000016432	0.59
ENSRNOG00000016433	6.92
ENSRNOG00000016434	6.03
ENSRNOG00000016436	0
ENSRNOG00000016437	0.43
ENSRNOG00000016442	0.05
ENSRNOG00000016443	11.86
ENSRNOG00000016444	1.95
ENSRNOG00000016446	1.93
ENSRNOG00000016447	10.32
ENSRNOG00000016448	10.05
ENSRNOG00000016451	0.56
ENSRNOG00000016452	30.22
ENSRNOG00000016454	8.52
ENSRNOG00000016456	9.7
ENSRNOG00000016459	36.26
ENSRNOG00000016460	342.04
ENSRNOG00000016462	6.96
ENSRNOG00000016463	0
ENSRNOG00000016465	6.26
ENSRNOG00000016467	18.6
ENSRNOG00000016468	6.65
ENSRNOG00000016469	1.25
ENSRNOG00000016470	46.35
ENSRNOG00000016472	4.79
ENSRNOG00000016474	193.42
ENSRNOG00000016475	15.65
ENSRNOG00000016477	7.38
ENSRNOG00000016478	151.34
ENSRNOG00000016479	0.23
ENSRNOG00000016480	0.26
ENSRNOG00000016483	5.47
ENSRNOG00000016484	13.35
ENSRNOG00000016486	16.83
ENSRNOG00000016488	70.01
ENSRNOG00000016490	0.11
ENSRNOG00000016491	2.13
ENSRNOG00000016494	4.01
ENSRNOG00000016496	3.03
ENSRNOG00000016497	15.98
ENSRNOG00000016498	3.69
ENSRNOG00000016502	7.29
ENSRNOG00000016503	5.55
ENSRNOG00000016505	19.15
ENSRNOG00000016507	15.49
ENSRNOG00000016509	13.43
ENSRNOG00000016510	0
ENSRNOG00000016511	25.83
ENSRNOG00000016512	7.06
ENSRNOG00000016516	4197
ENSRNOG00000016519	5.37
ENSRNOG00000016525	2.22
ENSRNOG00000016526	0.17
ENSRNOG00000016528	13.42
ENSRNOG00000016530	26.34
ENSRNOG00000016532	23.88
ENSRNOG00000016534	24.02
ENSRNOG00000016535	0.04
ENSRNOG00000016536	4.41
ENSRNOG00000016538	1.54
ENSRNOG00000016539	7.54
ENSRNOG00000016541	67.69
ENSRNOG00000016543	0.51
ENSRNOG00000016544	5.08
ENSRNOG00000016545	17.74
ENSRNOG00000016546	0
ENSRNOG00000016547	7.24
ENSRNOG00000016550	29.54
ENSRNOG00000016551	2.95
ENSRNOG00000016552	76.07
ENSRNOG00000016553	0.52
ENSRNOG00000016558	129.55
ENSRNOG00000016559	37.89
ENSRNOG00000016560	6.91
ENSRNOG00000016561	1.35
ENSRNOG00000016562	18.58
ENSRNOG00000016565	5.04
ENSRNOG00000016566	13.29
ENSRNOG00000016567	2.05
ENSRNOG00000016571	0.41
ENSRNOG00000016573	19.93
ENSRNOG00000016574	8.57
ENSRNOG00000016575	0.94
ENSRNOG00000016576	10.83
ENSRNOG00000016578	7.48
ENSRNOG00000016580	269.03
ENSRNOG00000016581	1.39
ENSRNOG00000016583	0.86
ENSRNOG00000016584	0.89
ENSRNOG00000016585	27.73
ENSRNOG00000016587	10.56
ENSRNOG00000016589	157.85
ENSRNOG00000016591	9.69
ENSRNOG00000016592	107.71
ENSRNOG00000016593	0.07
ENSRNOG00000016595	1.79
ENSRNOG00000016596	70.7
ENSRNOG00000016597	0
ENSRNOG00000016598	0
ENSRNOG00000016603	29.71
ENSRNOG00000016606	0.14
ENSRNOG00000016608	6.83
ENSRNOG00000016610	20.49
ENSRNOG00000016611	45.95
ENSRNOG00000016612	14.13
ENSRNOG00000016613	0
ENSRNOG00000016616	0
ENSRNOG00000016617	3.95
ENSRNOG00000016618	0.81
ENSRNOG00000016619	37.66
ENSRNOG00000016620	2.91
ENSRNOG00000016621	0.7
ENSRNOG00000016622	0
ENSRNOG00000016623	21.1
ENSRNOG00000016624	0.27
ENSRNOG00000016625	0
ENSRNOG00000016627	4.22
ENSRNOG00000016628	1.78
ENSRNOG00000016629	11.67
ENSRNOG00000016630	17
ENSRNOG00000016631	8.32
ENSRNOG00000016632	0
ENSRNOG00000016635	3.29
ENSRNOG00000016636	8.84
ENSRNOG00000016638	262.77
ENSRNOG00000016640	77.22
ENSRNOG00000016641	0.65
ENSRNOG00000016643	7.16
ENSRNOG00000016645	9.8
ENSRNOG00000016647	0.91
ENSRNOG00000016648	0.22
ENSRNOG00000016653	134.41
ENSRNOG00000016654	0.34
ENSRNOG00000016655	7.24
ENSRNOG00000016656	0
ENSRNOG00000016659	0
ENSRNOG00000016660	224.89
ENSRNOG00000016661	0
ENSRNOG00000016665	19.32
ENSRNOG00000016670	55.05
ENSRNOG00000016671	13.21
ENSRNOG00000016672	0.13
ENSRNOG00000016675	7.5
ENSRNOG00000016677	15.93
ENSRNOG00000016678	1.82
ENSRNOG00000016679	11.99
ENSRNOG00000016680	19.47
ENSRNOG00000016681	0
ENSRNOG00000016683	3.57
ENSRNOG00000016684	26.93
ENSRNOG00000016685	0
ENSRNOG00000016686	42.67
ENSRNOG00000016687	3.27
ENSRNOG00000016688	1.01
ENSRNOG00000016689	1.59
ENSRNOG00000016690	9.01
ENSRNOG00000016692	25.23
ENSRNOG00000016695	2.25
ENSRNOG00000016696	1.24
ENSRNOG00000016697	1.3
ENSRNOG00000016698	13.53
ENSRNOG00000016700	0
ENSRNOG00000016701	19.25
ENSRNOG00000016703	0.04
ENSRNOG00000016704	51.51
ENSRNOG00000016705	26.68
ENSRNOG00000016706	1.57
ENSRNOG00000016707	5.01
ENSRNOG00000016708	10.66
ENSRNOG00000016710	0
ENSRNOG00000016712	0.06
ENSRNOG00000016714	0.72
ENSRNOG00000016716	0.79
ENSRNOG00000016717	4.61
ENSRNOG00000016719	6.31
ENSRNOG00000016722	23.09
ENSRNOG00000016723	61.1
ENSRNOG00000016724	52.19
ENSRNOG00000016725	18.21
ENSRNOG00000016727	263.75
ENSRNOG00000016728	8.09
ENSRNOG00000016731	7.44
ENSRNOG00000016733	11.37
ENSRNOG00000016734	0.05
ENSRNOG00000016737	1.44
ENSRNOG00000016740	10.02
ENSRNOG00000016742	0
ENSRNOG00000016744	13.31
ENSRNOG00000016748	12.3
ENSRNOG00000016749	0.06
ENSRNOG00000016750	0.04
ENSRNOG00000016751	22.51
ENSRNOG00000016752	1.97
ENSRNOG00000016753	15.46
ENSRNOG00000016754	8.64
ENSRNOG00000016756	0.19
ENSRNOG00000016758	1.29
ENSRNOG00000016760	0.28
ENSRNOG00000016763	0.08
ENSRNOG00000016767	9.14
ENSRNOG00000016768	7.52
ENSRNOG00000016769	0.53
ENSRNOG00000016770	608.41
ENSRNOG00000016773	13.75
ENSRNOG00000016774	10.77
ENSRNOG00000016776	14.95
ENSRNOG00000016777	25.42
ENSRNOG00000016778	54.36
ENSRNOG00000016779	39.31
ENSRNOG00000016780	9.72
ENSRNOG00000016781	86.34
ENSRNOG00000016782	0.97
ENSRNOG00000016783	0
ENSRNOG00000016789	58.53
ENSRNOG00000016790	14.09
ENSRNOG00000016791	20.73
ENSRNOG00000016792	0
ENSRNOG00000016793	0.92
ENSRNOG00000016794	21.86
ENSRNOG00000016795	57.98
ENSRNOG00000016798	0
ENSRNOG00000016800	17.23
ENSRNOG00000016803	0
ENSRNOG00000016804	0.3
ENSRNOG00000016807	36.42
ENSRNOG00000016810	252.92
ENSRNOG00000016812	0.21
ENSRNOG00000016813	16.82
ENSRNOG00000016815	14.46
ENSRNOG00000016816	12.52
ENSRNOG00000016818	29.8
ENSRNOG00000016825	3.38
ENSRNOG00000016826	0.07
ENSRNOG00000016827	29.16
ENSRNOG00000016828	98.49
ENSRNOG00000016829	4.44
ENSRNOG00000016831	20.97
ENSRNOG00000016833	12.65
ENSRNOG00000016834	22.27
ENSRNOG00000016835	0.02
ENSRNOG00000016837	0.13
ENSRNOG00000016838	0.27
ENSRNOG00000016842	0.57
ENSRNOG00000016846	10.9
ENSRNOG00000016847	51.68
ENSRNOG00000016848	1.85
ENSRNOG00000016849	44.56
ENSRNOG00000016852	0.1
ENSRNOG00000016853	0.02
ENSRNOG00000016854	1.71
ENSRNOG00000016855	7.63
ENSRNOG00000016857	0
ENSRNOG00000016863	96.71
ENSRNOG00000016865	0
ENSRNOG00000016866	6.2
ENSRNOG00000016867	6.27
ENSRNOG00000016870	13.09
ENSRNOG00000016871	0.08
ENSRNOG00000016872	30.32
ENSRNOG00000016873	14.6
ENSRNOG00000016874	4.05
ENSRNOG00000016875	27.62
ENSRNOG00000016877	23.53
ENSRNOG00000016878	13.43
ENSRNOG00000016879	6.61
ENSRNOG00000016883	0.97
ENSRNOG00000016885	3.87
ENSRNOG00000016886	16.26
ENSRNOG00000016887	0
ENSRNOG00000016888	2.38
ENSRNOG00000016889	2.12
ENSRNOG00000016890	52.51
ENSRNOG00000016891	13.17
ENSRNOG00000016892	19.79
ENSRNOG00000016894	0.55
ENSRNOG00000016896	214.57
ENSRNOG00000016897	21.26
ENSRNOG00000016902	0
ENSRNOG00000016905	22.96
ENSRNOG00000016906	1.43
ENSRNOG00000016907	43.02
ENSRNOG00000016910	16.16
ENSRNOG00000016912	78.68
ENSRNOG00000016913	2.19
ENSRNOG00000016915	0
ENSRNOG00000016917	1.45
ENSRNOG00000016919	17.66
ENSRNOG00000016920	7.9
ENSRNOG00000016921	22.87
ENSRNOG00000016923	38.36
ENSRNOG00000016924	86.06
ENSRNOG00000016926	0.13
ENSRNOG00000016928	0.11
ENSRNOG00000016930	52.59
ENSRNOG00000016932	5.22
ENSRNOG00000016933	0
ENSRNOG00000016935	34.56
ENSRNOG00000016936	16.28
ENSRNOG00000016937	37.3
ENSRNOG00000016939	42.01
ENSRNOG00000016940	24.89
ENSRNOG00000016942	16.07
ENSRNOG00000016944	0
ENSRNOG00000016945	0.08
ENSRNOG00000016946	0
ENSRNOG00000016948	6.42
ENSRNOG00000016949	27.17
ENSRNOG00000016950	4.9
ENSRNOG00000016952	218.84
ENSRNOG00000016953	0.15
ENSRNOG00000016954	0
ENSRNOG00000016955	27.13
ENSRNOG00000016957	12.64
ENSRNOG00000016960	11.32
ENSRNOG00000016961	216.89
ENSRNOG00000016962	6.09
ENSRNOG00000016963	31.72
ENSRNOG00000016964	0
ENSRNOG00000016965	10.48
ENSRNOG00000016967	0.54
ENSRNOG00000016968	9.22
ENSRNOG00000016971	35.69
ENSRNOG00000016973	15.24
ENSRNOG00000016974	41.79
ENSRNOG00000016975	6.8
ENSRNOG00000016976	19.46
ENSRNOG00000016977	30.37
ENSRNOG00000016978	0.45
ENSRNOG00000016979	0
ENSRNOG00000016980	2.14
ENSRNOG00000016983	0.91
ENSRNOG00000016984	46.01
ENSRNOG00000016986	0
ENSRNOG00000016987	4.42
ENSRNOG00000016989	9.7
ENSRNOG00000016991	94.91
ENSRNOG00000016992	0
ENSRNOG00000016993	0
ENSRNOG00000016995	0.41
ENSRNOG00000016997	0.69
ENSRNOG00000016998	11.69
ENSRNOG00000016999	0.46
ENSRNOG00000017001	8.65
ENSRNOG00000017002	6.9
ENSRNOG00000017003	9.07
ENSRNOG00000017006	0.35
ENSRNOG00000017007	0
ENSRNOG00000017012	12.82
ENSRNOG00000017016	0
ENSRNOG00000017017	5.97
ENSRNOG00000017019	0
ENSRNOG00000017020	4.46
ENSRNOG00000017021	12.08
ENSRNOG00000017022	26.22
ENSRNOG00000017023	153.96
ENSRNOG00000017024	0
ENSRNOG00000017027	0
ENSRNOG00000017029	31.36
ENSRNOG00000017030	18.16
ENSRNOG00000017032	375.93
ENSRNOG00000017035	14.33
ENSRNOG00000017036	148.81
ENSRNOG00000017037	4.95
ENSRNOG00000017039	0
ENSRNOG00000017040	13.31
ENSRNOG00000017044	0.4
ENSRNOG00000017045	13.52
ENSRNOG00000017047	7.41
ENSRNOG00000017048	0
ENSRNOG00000017050	0.31
ENSRNOG00000017051	15.73
ENSRNOG00000017052	42.13
ENSRNOG00000017053	0.99
ENSRNOG00000017054	0.17
ENSRNOG00000017057	9.7
ENSRNOG00000017060	8.11
ENSRNOG00000017061	0
ENSRNOG00000017063	1.24
ENSRNOG00000017064	0.23
ENSRNOG00000017065	0.97
ENSRNOG00000017066	16.01
ENSRNOG00000017067	0
ENSRNOG00000017069	28.56
ENSRNOG00000017071	46.54
ENSRNOG00000017072	3.01
ENSRNOG00000017073	0.16
ENSRNOG00000017074	35.7
ENSRNOG00000017075	11.3
ENSRNOG00000017077	6.18
ENSRNOG00000017078	28.45
ENSRNOG00000017079	24.72
ENSRNOG00000017083	0
ENSRNOG00000017084	0
ENSRNOG00000017085	9.66
ENSRNOG00000017086	4.67
ENSRNOG00000017087	7.33
ENSRNOG00000017089	0
ENSRNOG00000017090	16.01
ENSRNOG00000017091	26.03
ENSRNOG00000017092	3.29
ENSRNOG00000017093	3.53
ENSRNOG00000017095	0.95
ENSRNOG00000017097	34.58
ENSRNOG00000017100	0
ENSRNOG00000017102	2.76
ENSRNOG00000017103	0
ENSRNOG00000017105	1.73
ENSRNOG00000017106	85.35
ENSRNOG00000017108	64.18
ENSRNOG00000017109	0.55
ENSRNOG00000017113	21.5
ENSRNOG00000017114	8.58
ENSRNOG00000017116	16.69
ENSRNOG00000017117	3.53
ENSRNOG00000017118	0.85
ENSRNOG00000017119	11.56
ENSRNOG00000017120	29.59
ENSRNOG00000017123	120.88
ENSRNOG00000017127	73.92
ENSRNOG00000017129	3.78
ENSRNOG00000017130	0.69
ENSRNOG00000017132	11.33
ENSRNOG00000017133	61.38
ENSRNOG00000017136	3.8
ENSRNOG00000017137	9.92
ENSRNOG00000017138	0
ENSRNOG00000017143	0
ENSRNOG00000017144	46.28
ENSRNOG00000017146	1.9
ENSRNOG00000017147	0.21
ENSRNOG00000017149	36.73
ENSRNOG00000017150	11.12
ENSRNOG00000017151	19.69
ENSRNOG00000017154	30.17
ENSRNOG00000017155	9.85
ENSRNOG00000017156	0.4
ENSRNOG00000017157	0.54
ENSRNOG00000017158	152.97
ENSRNOG00000017159	0
ENSRNOG00000017161	0.1
ENSRNOG00000017163	112.99
ENSRNOG00000017164	4.74
ENSRNOG00000017165	12.97
ENSRNOG00000017166	5.16
ENSRNOG00000017167	0.07
ENSRNOG00000017170	13.26
ENSRNOG00000017172	56.81
ENSRNOG00000017175	0
ENSRNOG00000017178	0.99
ENSRNOG00000017180	0.09
ENSRNOG00000017181	3.17
ENSRNOG00000017185	0
ENSRNOG00000017187	2.92
ENSRNOG00000017188	1.3
ENSRNOG00000017190	0.46
ENSRNOG00000017191	3.67
ENSRNOG00000017193	38.34
ENSRNOG00000017194	84.38
ENSRNOG00000017195	22.73
ENSRNOG00000017197	7.43
ENSRNOG00000017198	0.62
ENSRNOG00000017201	34.18
ENSRNOG00000017203	0
ENSRNOG00000017206	33.05
ENSRNOG00000017208	7.02
ENSRNOG00000017209	224.44
ENSRNOG00000017210	30.14
ENSRNOG00000017211	0
ENSRNOG00000017212	14.92
ENSRNOG00000017213	33.15
ENSRNOG00000017214	0
ENSRNOG00000017215	11.11
ENSRNOG00000017219	13.34
ENSRNOG00000017220	8.41
ENSRNOG00000017222	9.03
ENSRNOG00000017223	0.14
ENSRNOG00000017225	8.5
ENSRNOG00000017226	0.87
ENSRNOG00000017227	48.81
ENSRNOG00000017230	4.97
ENSRNOG00000017231	15.46
ENSRNOG00000017233	7
ENSRNOG00000017234	0
ENSRNOG00000017235	203.13
ENSRNOG00000017237	0.51
ENSRNOG00000017241	41.74
ENSRNOG00000017243	67.03
ENSRNOG00000017244	0
ENSRNOG00000017246	0.06
ENSRNOG00000017248	0
ENSRNOG00000017249	1.69
ENSRNOG00000017250	32.76
ENSRNOG00000017251	34.01
ENSRNOG00000017252	0
ENSRNOG00000017253	0
ENSRNOG00000017254	9.8
ENSRNOG00000017256	0
ENSRNOG00000017258	8.19
ENSRNOG00000017259	1.69
ENSRNOG00000017260	24.06
ENSRNOG00000017265	20.69
ENSRNOG00000017272	12.13
ENSRNOG00000017273	0.9
ENSRNOG00000017277	1.27
ENSRNOG00000017279	69.48
ENSRNOG00000017282	6.22
ENSRNOG00000017283	31.14
ENSRNOG00000017284	21.34
ENSRNOG00000017285	13.7
ENSRNOG00000017286	8.43
ENSRNOG00000017290	18.94
ENSRNOG00000017291	15.23
ENSRNOG00000017294	11.56
ENSRNOG00000017295	114.18
ENSRNOG00000017297	55.41
ENSRNOG00000017298	5.94
ENSRNOG00000017299	12.71
ENSRNOG00000017302	0.19
ENSRNOG00000017306	4.37
ENSRNOG00000017307	2.1
ENSRNOG00000017309	169.78
ENSRNOG00000017310	5.96
ENSRNOG00000017311	19.92
ENSRNOG00000017318	4.87
ENSRNOG00000017319	7.11
ENSRNOG00000017321	3.99
ENSRNOG00000017324	0.16
ENSRNOG00000017325	0
ENSRNOG00000017326	5.95
ENSRNOG00000017328	1.12
ENSRNOG00000017329	8.7
ENSRNOG00000017330	9.63
ENSRNOG00000017331	0
ENSRNOG00000017332	3.8
ENSRNOG00000017333	31.75
ENSRNOG00000017340	17.78
ENSRNOG00000017341	0
ENSRNOG00000017342	14.2
ENSRNOG00000017344	0
ENSRNOG00000017346	4.18
ENSRNOG00000017348	0.09
ENSRNOG00000017349	32.45
ENSRNOG00000017351	0
ENSRNOG00000017352	42.19
ENSRNOG00000017354	11.72
ENSRNOG00000017357	0
ENSRNOG00000017359	293.75
ENSRNOG00000017362	0
ENSRNOG00000017365	1.42
ENSRNOG00000017366	0
ENSRNOG00000017367	0.04
ENSRNOG00000017369	3.77
ENSRNOG00000017372	32.01
ENSRNOG00000017373	22.79
ENSRNOG00000017374	0
ENSRNOG00000017376	1.75
ENSRNOG00000017379	0.07
ENSRNOG00000017380	7.99
ENSRNOG00000017381	0.23
ENSRNOG00000017382	14.08
ENSRNOG00000017383	19.3
ENSRNOG00000017386	0.08
ENSRNOG00000017387	0
ENSRNOG00000017392	2.13
ENSRNOG00000017395	0.02
ENSRNOG00000017396	46.11
ENSRNOG00000017397	27.74
ENSRNOG00000017399	2.1
ENSRNOG00000017401	1.29
ENSRNOG00000017403	0.48
ENSRNOG00000017404	31.98
ENSRNOG00000017405	61.18
ENSRNOG00000017406	16.37
ENSRNOG00000017408	5.95
ENSRNOG00000017409	0.03
ENSRNOG00000017410	0.17
ENSRNOG00000017412	3.5
ENSRNOG00000017414	2.58
ENSRNOG00000017416	1.19
ENSRNOG00000017417	128.66
ENSRNOG00000017418	205.6
ENSRNOG00000017419	8.13
ENSRNOG00000017420	6.43
ENSRNOG00000017421	0.99
ENSRNOG00000017422	15.91
ENSRNOG00000017424	0.83
ENSRNOG00000017426	34.07
ENSRNOG00000017427	42.53
ENSRNOG00000017428	193.97
ENSRNOG00000017429	1.46
ENSRNOG00000017431	69.94
ENSRNOG00000017434	36.44
ENSRNOG00000017438	15.47
ENSRNOG00000017441	38.6
ENSRNOG00000017443	16.01
ENSRNOG00000017444	79.5
ENSRNOG00000017445	38.31
ENSRNOG00000017446	63.76
ENSRNOG00000017447	43.73
ENSRNOG00000017448	0.74
ENSRNOG00000017453	6.84
ENSRNOG00000017456	8.47
ENSRNOG00000017459	3.86
ENSRNOG00000017460	16.48
ENSRNOG00000017461	0
ENSRNOG00000017462	2.61
ENSRNOG00000017463	12.82
ENSRNOG00000017466	116.51
ENSRNOG00000017467	42.55
ENSRNOG00000017468	10.48
ENSRNOG00000017469	1.59
ENSRNOG00000017473	0.61
ENSRNOG00000017477	0.73
ENSRNOG00000017478	10.5
ENSRNOG00000017481	79.05
ENSRNOG00000017484	0.19
ENSRNOG00000017485	1.27
ENSRNOG00000017487	0.21
ENSRNOG00000017488	14.25
ENSRNOG00000017489	8.2
ENSRNOG00000017491	5.03
ENSRNOG00000017493	24.41
ENSRNOG00000017494	6.38
ENSRNOG00000017495	75.76
ENSRNOG00000017496	665.15
ENSRNOG00000017500	89.44
ENSRNOG00000017502	14.6
ENSRNOG00000017503	3.34
ENSRNOG00000017505	3.47
ENSRNOG00000017506	90.24
ENSRNOG00000017508	20.34
ENSRNOG00000017509	9
ENSRNOG00000017510	56.17
ENSRNOG00000017511	0.4
ENSRNOG00000017512	4
ENSRNOG00000017513	35.26
ENSRNOG00000017514	0.3
ENSRNOG00000017516	9.57
ENSRNOG00000017518	0
ENSRNOG00000017519	0
ENSRNOG00000017521	0.07
ENSRNOG00000017523	2.78
ENSRNOG00000017524	0.1
ENSRNOG00000017525	0.26
ENSRNOG00000017528	3.67
ENSRNOG00000017531	0
ENSRNOG00000017536	17.94
ENSRNOG00000017538	1.21
ENSRNOG00000017539	0.08
ENSRNOG00000017540	0.2
ENSRNOG00000017545	15.04
ENSRNOG00000017546	0.4
ENSRNOG00000017548	4.8
ENSRNOG00000017550	0.54
ENSRNOG00000017552	29.8
ENSRNOG00000017553	11.59
ENSRNOG00000017554	0
ENSRNOG00000017556	15.47
ENSRNOG00000017557	1.86
ENSRNOG00000017558	41.14
ENSRNOG00000017560	23.06
ENSRNOG00000017561	6.34
ENSRNOG00000017564	26.09
ENSRNOG00000017568	45.22
ENSRNOG00000017571	59.61
ENSRNOG00000017574	0
ENSRNOG00000017575	7.67
ENSRNOG00000017577	4.8
ENSRNOG00000017579	6.51
ENSRNOG00000017581	1.88
ENSRNOG00000017583	15.2
ENSRNOG00000017585	9.73
ENSRNOG00000017586	3.63
ENSRNOG00000017589	0.21
ENSRNOG00000017593	4.49
ENSRNOG00000017595	24.35
ENSRNOG00000017597	0.09
ENSRNOG00000017600	12.23
ENSRNOG00000017601	16.45
ENSRNOG00000017602	8.43
ENSRNOG00000017604	20.01
ENSRNOG00000017605	7.4
ENSRNOG00000017606	0.1
ENSRNOG00000017607	14.4
ENSRNOG00000017608	5.71
ENSRNOG00000017609	0.55
ENSRNOG00000017610	19.67
ENSRNOG00000017611	0
ENSRNOG00000017612	49.99
ENSRNOG00000017613	10.38
ENSRNOG00000017619	18.76
ENSRNOG00000017620	0
ENSRNOG00000017621	47.46
ENSRNOG00000017622	8.15
ENSRNOG00000017625	0.16
ENSRNOG00000017628	21.38
ENSRNOG00000017631	12.05
ENSRNOG00000017635	27.31
ENSRNOG00000017637	0
ENSRNOG00000017640	0.11
ENSRNOG00000017641	38.99
ENSRNOG00000017642	30.06
ENSRNOG00000017644	15.69
ENSRNOG00000017645	3.79
ENSRNOG00000017646	11.7
ENSRNOG00000017647	8.89
ENSRNOG00000017648	0
ENSRNOG00000017654	18.13
ENSRNOG00000017656	0
ENSRNOG00000017657	15.68
ENSRNOG00000017659	1.07
ENSRNOG00000017660	40.6
ENSRNOG00000017663	6.73
ENSRNOG00000017664	0
ENSRNOG00000017669	3.87
ENSRNOG00000017671	17.68
ENSRNOG00000017672	2.27
ENSRNOG00000017673	138.09
ENSRNOG00000017674	18.98
ENSRNOG00000017676	3.5
ENSRNOG00000017678	4.12
ENSRNOG00000017679	8.38
ENSRNOG00000017680	0.23
ENSRNOG00000017681	0
ENSRNOG00000017683	0
ENSRNOG00000017684	0.65
ENSRNOG00000017686	0.37
ENSRNOG00000017689	163.34
ENSRNOG00000017690	16.57
ENSRNOG00000017692	37.44
ENSRNOG00000017693	3.1
ENSRNOG00000017695	3.88
ENSRNOG00000017699	0.58
ENSRNOG00000017701	0
ENSRNOG00000017702	20.42
ENSRNOG00000017703	4.94
ENSRNOG00000017704	2.68
ENSRNOG00000017706	4.61
ENSRNOG00000017707	69.26
ENSRNOG00000017708	107.05
ENSRNOG00000017710	1.01
ENSRNOG00000017712	1.99
ENSRNOG00000017714	6.07
ENSRNOG00000017716	0
ENSRNOG00000017718	5.32
ENSRNOG00000017720	12.97
ENSRNOG00000017723	19.67
ENSRNOG00000017724	14.72
ENSRNOG00000017725	7.69
ENSRNOG00000017728	5.7
ENSRNOG00000017729	9.04
ENSRNOG00000017730	49.62
ENSRNOG00000017731	64.11
ENSRNOG00000017737	92.95
ENSRNOG00000017740	0.72
ENSRNOG00000017741	5.97
ENSRNOG00000017744	7.18
ENSRNOG00000017745	22.91
ENSRNOG00000017746	2.36
ENSRNOG00000017748	41.45
ENSRNOG00000017749	0.07
ENSRNOG00000017751	109.88
ENSRNOG00000017752	14.54
ENSRNOG00000017753	9.89
ENSRNOG00000017756	0.07
ENSRNOG00000017757	1.64
ENSRNOG00000017758	40.61
ENSRNOG00000017759	0
ENSRNOG00000017762	0.35
ENSRNOG00000017765	7.17
ENSRNOG00000017766	24.44
ENSRNOG00000017767	1.65
ENSRNOG00000017770	35.56
ENSRNOG00000017773	0.55
ENSRNOG00000017775	0
ENSRNOG00000017777	23.03
ENSRNOG00000017780	10.73
ENSRNOG00000017781	52.75
ENSRNOG00000017783	0.61
ENSRNOG00000017784	4
ENSRNOG00000017786	5.97
ENSRNOG00000017787	3.45
ENSRNOG00000017788	0.37
ENSRNOG00000017791	10.97
ENSRNOG00000017795	32.36
ENSRNOG00000017800	1.51
ENSRNOG00000017801	103.2
ENSRNOG00000017803	4.49
ENSRNOG00000017804	2.32
ENSRNOG00000017805	0
ENSRNOG00000017806	0
ENSRNOG00000017808	9.24
ENSRNOG00000017810	5.44
ENSRNOG00000017816	0.05
ENSRNOG00000017817	445.39
ENSRNOG00000017819	0.8
ENSRNOG00000017820	6.44
ENSRNOG00000017821	0
ENSRNOG00000017822	58.21
ENSRNOG00000017824	13.25
ENSRNOG00000017826	8.87
ENSRNOG00000017828	12.2
ENSRNOG00000017829	55.26
ENSRNOG00000017832	24.43
ENSRNOG00000017833	22.07
ENSRNOG00000017836	15.94
ENSRNOG00000017837	6.71
ENSRNOG00000017838	12.85
ENSRNOG00000017839	17.97
ENSRNOG00000017840	14.5
ENSRNOG00000017841	19.86
ENSRNOG00000017842	0
ENSRNOG00000017843	30.19
ENSRNOG00000017847	13.64
ENSRNOG00000017849	25.95
ENSRNOG00000017850	3.9
ENSRNOG00000017851	32.36
ENSRNOG00000017852	65.11
ENSRNOG00000017854	16.73
ENSRNOG00000017856	0
ENSRNOG00000017857	10.77
ENSRNOG00000017858	3.58
ENSRNOG00000017863	22.63
ENSRNOG00000017864	6.6
ENSRNOG00000017866	50.95
ENSRNOG00000017867	0.05
ENSRNOG00000017868	0
ENSRNOG00000017869	5.2
ENSRNOG00000017871	44.46
ENSRNOG00000017872	0.3
ENSRNOG00000017873	0.1
ENSRNOG00000017874	4.78
ENSRNOG00000017876	8.59
ENSRNOG00000017878	0.09
ENSRNOG00000017879	42.42
ENSRNOG00000017881	0
ENSRNOG00000017882	20.61
ENSRNOG00000017883	17.69
ENSRNOG00000017884	11.89
ENSRNOG00000017887	7.69
ENSRNOG00000017888	0
ENSRNOG00000017889	7.4
ENSRNOG00000017890	0.59
ENSRNOG00000017893	2.56
ENSRNOG00000017895	193.54
ENSRNOG00000017897	1.41
ENSRNOG00000017899	11.31
ENSRNOG00000017900	52.61
ENSRNOG00000017901	3.01
ENSRNOG00000017904	19.73
ENSRNOG00000017905	59.4
ENSRNOG00000017906	0
ENSRNOG00000017907	39.05
ENSRNOG00000017908	0
ENSRNOG00000017911	32.16
ENSRNOG00000017912	1.09
ENSRNOG00000017913	22.66
ENSRNOG00000017914	6.33
ENSRNOG00000017915	6.39
ENSRNOG00000017916	17.56
ENSRNOG00000017917	17.75
ENSRNOG00000017918	18.36
ENSRNOG00000017919	5.34
ENSRNOG00000017922	1.67
ENSRNOG00000017925	21.25
ENSRNOG00000017927	0
ENSRNOG00000017930	6.68
ENSRNOG00000017932	22.01
ENSRNOG00000017933	0.16
ENSRNOG00000017938	7.06
ENSRNOG00000017939	116.94
ENSRNOG00000017940	26.48
ENSRNOG00000017941	17.66
ENSRNOG00000017944	0.25
ENSRNOG00000017945	15.16
ENSRNOG00000017946	0
ENSRNOG00000017949	14.82
ENSRNOG00000017951	24.84
ENSRNOG00000017952	52.83
ENSRNOG00000017953	5.33
ENSRNOG00000017954	11.41
ENSRNOG00000017955	8.01
ENSRNOG00000017956	82.25
ENSRNOG00000017959	1.48
ENSRNOG00000017960	20.7
ENSRNOG00000017962	13.21
ENSRNOG00000017963	6.7
ENSRNOG00000017964	0.02
ENSRNOG00000017965	26.67
ENSRNOG00000017967	14.29
ENSRNOG00000017969	22.03
ENSRNOG00000017974	10.62
ENSRNOG00000017975	3.95
ENSRNOG00000017976	14.2
ENSRNOG00000017977	40.69
ENSRNOG00000017979	10.42
ENSRNOG00000017980	0.69
ENSRNOG00000017981	0.12
ENSRNOG00000017982	0.21
ENSRNOG00000017983	26.74
ENSRNOG00000017986	1.54
ENSRNOG00000017987	0.57
ENSRNOG00000017988	6.25
ENSRNOG00000017990	29.95
ENSRNOG00000017991	6.58
ENSRNOG00000017993	7.84
ENSRNOG00000017996	0
ENSRNOG00000017997	7.12
ENSRNOG00000017998	0
ENSRNOG00000018000	11.82
ENSRNOG00000018003	0.32
ENSRNOG00000018005	0.04
ENSRNOG00000018006	0
ENSRNOG00000018007	17.09
ENSRNOG00000018009	12.27
ENSRNOG00000018011	4.23
ENSRNOG00000018012	27.18
ENSRNOG00000018018	2.13
ENSRNOG00000018019	68.77
ENSRNOG00000018020	138.63
ENSRNOG00000018021	9.55
ENSRNOG00000018023	8.41
ENSRNOG00000018027	4.8
ENSRNOG00000018028	0
ENSRNOG00000018029	2.96
ENSRNOG00000018033	5.13
ENSRNOG00000018039	218.54
ENSRNOG00000018040	2.93
ENSRNOG00000018042	32.17
ENSRNOG00000018044	42.45
ENSRNOG00000018045	1.53
ENSRNOG00000018046	22.91
ENSRNOG00000018047	11.96
ENSRNOG00000018048	26.15
ENSRNOG00000018051	6.19
ENSRNOG00000018052	9.9
ENSRNOG00000018053	11.39
ENSRNOG00000018054	0.04
ENSRNOG00000018057	14.75
ENSRNOG00000018059	0
ENSRNOG00000018061	17.42
ENSRNOG00000018063	3.92
ENSRNOG00000018066	10.97
ENSRNOG00000018067	8.48
ENSRNOG00000018068	4.43
ENSRNOG00000018069	22.41
ENSRNOG00000018070	5.44
ENSRNOG00000018075	53.12
ENSRNOG00000018076	0.55
ENSRNOG00000018077	25.57
ENSRNOG00000018078	0.07
ENSRNOG00000018081	5.88
ENSRNOG00000018082	2.26
ENSRNOG00000018083	0.34
ENSRNOG00000018086	8.31
ENSRNOG00000018087	33.39
ENSRNOG00000018089	31.16
ENSRNOG00000018090	38.92
ENSRNOG00000018091	77.31
ENSRNOG00000018092	8.09
ENSRNOG00000018094	24.7
ENSRNOG00000018095	3.55
ENSRNOG00000018097	17.53
ENSRNOG00000018101	0.22
ENSRNOG00000018102	41.48
ENSRNOG00000018105	73.57
ENSRNOG00000018106	3.35
ENSRNOG00000018107	81.34
ENSRNOG00000018109	57.13
ENSRNOG00000018110	3.09
ENSRNOG00000018111	92.34
ENSRNOG00000018112	0
ENSRNOG00000018113	6.87
ENSRNOG00000018114	32.58
ENSRNOG00000018117	86.27
ENSRNOG00000018118	15.02
ENSRNOG00000018119	12.25
ENSRNOG00000018122	17.3
ENSRNOG00000018123	34.75
ENSRNOG00000018125	7.47
ENSRNOG00000018126	12.29
ENSRNOG00000018128	19.94
ENSRNOG00000018129	24.4
ENSRNOG00000018131	1.67
ENSRNOG00000018132	12.86
ENSRNOG00000018137	15.8
ENSRNOG00000018140	7.79
ENSRNOG00000018141	6.86
ENSRNOG00000018143	1.89
ENSRNOG00000018144	7.71
ENSRNOG00000018145	39.69
ENSRNOG00000018147	0.03
ENSRNOG00000018148	0
ENSRNOG00000018149	16.7
ENSRNOG00000018153	51.31
ENSRNOG00000018158	22.73
ENSRNOG00000018159	9.67
ENSRNOG00000018160	15.15
ENSRNOG00000018162	1.05
ENSRNOG00000018163	6.08
ENSRNOG00000018164	25.4
ENSRNOG00000018166	6.04
ENSRNOG00000018167	1.67
ENSRNOG00000018168	14.91
ENSRNOG00000018170	33.58
ENSRNOG00000018176	134.93
ENSRNOG00000018177	0.21
ENSRNOG00000018179	14.77
ENSRNOG00000018181	73.68
ENSRNOG00000018183	27.31
ENSRNOG00000018184	35.76
ENSRNOG00000018185	0.04
ENSRNOG00000018186	26.32
ENSRNOG00000018191	2.29
ENSRNOG00000018193	3.62
ENSRNOG00000018194	38.57
ENSRNOG00000018198	13.62
ENSRNOG00000018200	137.61
ENSRNOG00000018201	0
ENSRNOG00000018202	0.23
ENSRNOG00000018205	21.67
ENSRNOG00000018207	11.14
ENSRNOG00000018211	24.58
ENSRNOG00000018212	57.76
ENSRNOG00000018214	41.48
ENSRNOG00000018215	0.29
ENSRNOG00000018217	42.1
ENSRNOG00000018220	38.98
ENSRNOG00000018224	0
ENSRNOG00000018225	73.44
ENSRNOG00000018226	11.1
ENSRNOG00000018227	15.52
ENSRNOG00000018228	12.58
ENSRNOG00000018229	22.12
ENSRNOG00000018230	5.66
ENSRNOG00000018231	37.38
ENSRNOG00000018232	14.27
ENSRNOG00000018233	40.2
ENSRNOG00000018236	0.15
ENSRNOG00000018237	173.39
ENSRNOG00000018238	0.02
ENSRNOG00000018239	4.47
ENSRNOG00000018241	20.73
ENSRNOG00000018242	26.14
ENSRNOG00000018243	8.27
ENSRNOG00000018246	14.61
ENSRNOG00000018247	2.4
ENSRNOG00000018250	7.63
ENSRNOG00000018251	1.43
ENSRNOG00000018254	2.22
ENSRNOG00000018255	88.46
ENSRNOG00000018257	0.49
ENSRNOG00000018260	2.64
ENSRNOG00000018262	22.23
ENSRNOG00000018266	0.12
ENSRNOG00000018267	2.57
ENSRNOG00000018268	14.15
ENSRNOG00000018271	17.11
ENSRNOG00000018272	5.81
ENSRNOG00000018273	100.66
ENSRNOG00000018276	6.75
ENSRNOG00000018279	19.69
ENSRNOG00000018281	111.43
ENSRNOG00000018282	14.62
ENSRNOG00000018285	30.3
ENSRNOG00000018286	0.28
ENSRNOG00000018287	0
ENSRNOG00000018288	12.45
ENSRNOG00000018289	55.29
ENSRNOG00000018290	0.17
ENSRNOG00000018291	0
ENSRNOG00000018293	19.76
ENSRNOG00000018294	113.87
ENSRNOG00000018295	24.97
ENSRNOG00000018296	8.49
ENSRNOG00000018297	3.53
ENSRNOG00000018301	3.18
ENSRNOG00000018304	25.51
ENSRNOG00000018305	29.5
ENSRNOG00000018309	58.6
ENSRNOG00000018310	4.11
ENSRNOG00000018311	0.03
ENSRNOG00000018316	0.59
ENSRNOG00000018317	49.18
ENSRNOG00000018319	10.76
ENSRNOG00000018320	187.6
ENSRNOG00000018321	0.29
ENSRNOG00000018322	87.28
ENSRNOG00000018325	20.94
ENSRNOG00000018326	8.27
ENSRNOG00000018327	0.95
ENSRNOG00000018330	0.82
ENSRNOG00000018333	11.83
ENSRNOG00000018334	3.39
ENSRNOG00000018336	1.29
ENSRNOG00000018337	81.68
ENSRNOG00000018338	11.83
ENSRNOG00000018339	0.04
ENSRNOG00000018342	21.14
ENSRNOG00000018343	87.27
ENSRNOG00000018345	27.4
ENSRNOG00000018346	0.03
ENSRNOG00000018349	5.74
ENSRNOG00000018350	22.31
ENSRNOG00000018351	11.3
ENSRNOG00000018353	5.25
ENSRNOG00000018355	0.75
ENSRNOG00000018356	27.82
ENSRNOG00000018357	0
ENSRNOG00000018358	3.08
ENSRNOG00000018359	13.49
ENSRNOG00000018362	0
ENSRNOG00000018363	23.95
ENSRNOG00000018364	41.73
ENSRNOG00000018366	28.78
ENSRNOG00000018367	68.77
ENSRNOG00000018369	0.59
ENSRNOG00000018371	2.17
ENSRNOG00000018372	15.9
ENSRNOG00000018373	18.71
ENSRNOG00000018375	7.74
ENSRNOG00000018377	0.17
ENSRNOG00000018378	28.07
ENSRNOG00000018379	6.93
ENSRNOG00000018381	4.84
ENSRNOG00000018382	7.42
ENSRNOG00000018384	1.18
ENSRNOG00000018385	14.15
ENSRNOG00000018387	31.93
ENSRNOG00000018390	74.29
ENSRNOG00000018391	15.11
ENSRNOG00000018393	0
ENSRNOG00000018394	1.43
ENSRNOG00000018395	4.64
ENSRNOG00000018396	11.51
ENSRNOG00000018397	3.75
ENSRNOG00000018399	10.78
ENSRNOG00000018400	14.3
ENSRNOG00000018402	0.4
ENSRNOG00000018403	28.4
ENSRNOG00000018404	76.51
ENSRNOG00000018405	0.85
ENSRNOG00000018406	21.38
ENSRNOG00000018407	0.06
ENSRNOG00000018408	7.17
ENSRNOG00000018410	13.48
ENSRNOG00000018411	3.76
ENSRNOG00000018412	5.79
ENSRNOG00000018413	16.65
ENSRNOG00000018414	36.85
ENSRNOG00000018415	13.6
ENSRNOG00000018416	19.73
ENSRNOG00000018417	19.76
ENSRNOG00000018420	0.36
ENSRNOG00000018421	6.3
ENSRNOG00000018425	18.96
ENSRNOG00000018426	10.21
ENSRNOG00000018427	0.15
ENSRNOG00000018430	0.06
ENSRNOG00000018433	4.42
ENSRNOG00000018434	1.42
ENSRNOG00000018436	0.72
ENSRNOG00000018440	37.45
ENSRNOG00000018441	45.09
ENSRNOG00000018445	186
ENSRNOG00000018446	0
ENSRNOG00000018448	143.96
ENSRNOG00000018450	0.41
ENSRNOG00000018452	33.98
ENSRNOG00000018453	8.17
ENSRNOG00000018454	1206.97
ENSRNOG00000018456	76.75
ENSRNOG00000018457	71.52
ENSRNOG00000018458	0.29
ENSRNOG00000018461	11.14
ENSRNOG00000018462	6.35
ENSRNOG00000018463	0.59
ENSRNOG00000018464	0.59
ENSRNOG00000018466	0
ENSRNOG00000018467	4.72
ENSRNOG00000018468	30.73
ENSRNOG00000018471	11.02
ENSRNOG00000018475	13.35
ENSRNOG00000018476	0.09
ENSRNOG00000018477	12.58
ENSRNOG00000018478	0.19
ENSRNOG00000018480	0.03
ENSRNOG00000018481	11.71
ENSRNOG00000018483	10.18
ENSRNOG00000018484	3.21
ENSRNOG00000018485	13.3
ENSRNOG00000018486	1.92
ENSRNOG00000018487	51.99
ENSRNOG00000018488	0.51
ENSRNOG00000018489	0.2
ENSRNOG00000018491	9.18
ENSRNOG00000018492	0
ENSRNOG00000018494	17.86
ENSRNOG00000018497	0
ENSRNOG00000018500	12
ENSRNOG00000018501	0
ENSRNOG00000018502	10.3
ENSRNOG00000018503	0
ENSRNOG00000018505	6.96
ENSRNOG00000018506	0
ENSRNOG00000018507	17.95
ENSRNOG00000018508	0
ENSRNOG00000018509	23.81
ENSRNOG00000018510	7.58
ENSRNOG00000018512	0
ENSRNOG00000018514	0
ENSRNOG00000018515	1.94
ENSRNOG00000018516	5.44
ENSRNOG00000018517	1.9
ENSRNOG00000018518	14.8
ENSRNOG00000018520	2.82
ENSRNOG00000018521	0.05
ENSRNOG00000018522	0
ENSRNOG00000018524	13.37
ENSRNOG00000018525	0
ENSRNOG00000018526	157.34
ENSRNOG00000018528	0
ENSRNOG00000018529	45.68
ENSRNOG00000018531	19.36
ENSRNOG00000018532	3.79
ENSRNOG00000018533	43.12
ENSRNOG00000018534	0
ENSRNOG00000018536	7.93
ENSRNOG00000018537	0
ENSRNOG00000018541	0
ENSRNOG00000018543	0
ENSRNOG00000018547	13.11
ENSRNOG00000018549	37.29
ENSRNOG00000018550	7.76
ENSRNOG00000018551	0
ENSRNOG00000018552	13.57
ENSRNOG00000018553	79.19
ENSRNOG00000018554	9.23
ENSRNOG00000018556	47.3
ENSRNOG00000018557	10.01
ENSRNOG00000018559	0
ENSRNOG00000018561	5.88
ENSRNOG00000018564	10.21
ENSRNOG00000018566	64.17
ENSRNOG00000018567	43.67
ENSRNOG00000018568	66.34
ENSRNOG00000018569	123.09
ENSRNOG00000018570	0.07
ENSRNOG00000018574	6.36
ENSRNOG00000018576	11.49
ENSRNOG00000018577	3.95
ENSRNOG00000018580	0
ENSRNOG00000018582	6.3
ENSRNOG00000018584	226.22
ENSRNOG00000018586	69.85
ENSRNOG00000018590	19.29
ENSRNOG00000018591	15.16
ENSRNOG00000018593	23.45
ENSRNOG00000018598	0.15
ENSRNOG00000018599	5.6
ENSRNOG00000018602	23.39
ENSRNOG00000018603	31.8
ENSRNOG00000018604	31.37
ENSRNOG00000018606	0.38
ENSRNOG00000018610	30.45
ENSRNOG00000018611	0
ENSRNOG00000018612	0.07
ENSRNOG00000018613	0.78
ENSRNOG00000018615	0.31
ENSRNOG00000018616	4.79
ENSRNOG00000018621	3.62
ENSRNOG00000018623	10.98
ENSRNOG00000018627	340.06
ENSRNOG00000018630	587.28
ENSRNOG00000018631	2.66
ENSRNOG00000018639	14.18
ENSRNOG00000018642	74.84
ENSRNOG00000018644	11.35
ENSRNOG00000018645	228.76
ENSRNOG00000018646	2.29
ENSRNOG00000018647	36.09
ENSRNOG00000018648	12.37
ENSRNOG00000018649	12.6
ENSRNOG00000018650	33.12
ENSRNOG00000018651	52.91
ENSRNOG00000018653	45.52
ENSRNOG00000018655	30.64
ENSRNOG00000018656	0.08
ENSRNOG00000018657	10.14
ENSRNOG00000018659	10.7
ENSRNOG00000018662	11.06
ENSRNOG00000018664	0.17
ENSRNOG00000018665	4.98
ENSRNOG00000018666	23.69
ENSRNOG00000018668	39.75
ENSRNOG00000018669	2.1
ENSRNOG00000018671	47.66
ENSRNOG00000018673	37.43
ENSRNOG00000018674	10.65
ENSRNOG00000018676	71.82
ENSRNOG00000018677	21.08
ENSRNOG00000018679	0
ENSRNOG00000018680	168.8
ENSRNOG00000018681	0.49
ENSRNOG00000018683	13.72
ENSRNOG00000018685	4.64
ENSRNOG00000018686	47.88
ENSRNOG00000018687	32.67
ENSRNOG00000018689	2.71
ENSRNOG00000018690	12.25
ENSRNOG00000018691	35.81
ENSRNOG00000018692	0.79
ENSRNOG00000018693	0.62
ENSRNOG00000018694	0.02
ENSRNOG00000018697	22.47
ENSRNOG00000018698	55.99
ENSRNOG00000018700	518.07
ENSRNOG00000018701	0.75
ENSRNOG00000018704	31.69
ENSRNOG00000018706	0.58
ENSRNOG00000018708	130.62
ENSRNOG00000018709	9.4
ENSRNOG00000018710	0
ENSRNOG00000018711	1.38
ENSRNOG00000018712	285.07
ENSRNOG00000018714	4.46
ENSRNOG00000018715	0.95
ENSRNOG00000018716	1.28
ENSRNOG00000018718	14.65
ENSRNOG00000018719	14.96
ENSRNOG00000018723	7.79
ENSRNOG00000018724	0.17
ENSRNOG00000018725	21.5
ENSRNOG00000018729	11.53
ENSRNOG00000018730	5.58
ENSRNOG00000018735	2.73
ENSRNOG00000018736	0
ENSRNOG00000018739	0
ENSRNOG00000018740	0.8
ENSRNOG00000018741	7.79
ENSRNOG00000018742	0.05
ENSRNOG00000018745	24.18
ENSRNOG00000018746	12.44
ENSRNOG00000018747	25.46
ENSRNOG00000018748	4.1
ENSRNOG00000018749	0
ENSRNOG00000018752	3.14
ENSRNOG00000018755	27.76
ENSRNOG00000018757	0
ENSRNOG00000018759	0.03
ENSRNOG00000018760	5.21
ENSRNOG00000018761	55.85
ENSRNOG00000018762	2.05
ENSRNOG00000018764	0.18
ENSRNOG00000018765	5.61
ENSRNOG00000018766	3.73
ENSRNOG00000018767	27.52
ENSRNOG00000018770	3.34
ENSRNOG00000018773	8.86
ENSRNOG00000018774	312.76
ENSRNOG00000018775	29.84
ENSRNOG00000018778	27.26
ENSRNOG00000018780	3.85
ENSRNOG00000018781	14.81
ENSRNOG00000018782	3.77
ENSRNOG00000018783	24.64
ENSRNOG00000018784	63.75
ENSRNOG00000018785	5.66
ENSRNOG00000018786	0
ENSRNOG00000018788	45.04
ENSRNOG00000018790	7.03
ENSRNOG00000018791	9.74
ENSRNOG00000018792	0.62
ENSRNOG00000018795	206.67
ENSRNOG00000018796	28.23
ENSRNOG00000018797	13.9
ENSRNOG00000018798	99
ENSRNOG00000018801	21.86
ENSRNOG00000018803	8.77
ENSRNOG00000018804	8.93
ENSRNOG00000018808	49.65
ENSRNOG00000018809	12.64
ENSRNOG00000018812	6.49
ENSRNOG00000018815	1.12
ENSRNOG00000018816	237.16
ENSRNOG00000018818	54.27
ENSRNOG00000018820	0.23
ENSRNOG00000018822	2.24
ENSRNOG00000018823	117.44
ENSRNOG00000018824	23.91
ENSRNOG00000018825	47.12
ENSRNOG00000018827	0.48
ENSRNOG00000018829	9.16
ENSRNOG00000018830	8.98
ENSRNOG00000018831	0
ENSRNOG00000018832	0.17
ENSRNOG00000018834	0.05
ENSRNOG00000018835	7.22
ENSRNOG00000018836	58.65
ENSRNOG00000018838	13.77
ENSRNOG00000018839	61.16
ENSRNOG00000018840	15.79
ENSRNOG00000018841	25.81
ENSRNOG00000018842	0
ENSRNOG00000018845	6.86
ENSRNOG00000018847	21.75
ENSRNOG00000018848	97.37
ENSRNOG00000018849	25.47
ENSRNOG00000018850	30.06
ENSRNOG00000018851	41.22
ENSRNOG00000018853	0.29
ENSRNOG00000018854	0.38
ENSRNOG00000018858	0.07
ENSRNOG00000018859	19.23
ENSRNOG00000018860	12.17
ENSRNOG00000018863	3
ENSRNOG00000018864	0
ENSRNOG00000018865	0.36
ENSRNOG00000018867	2.11
ENSRNOG00000018870	157.71
ENSRNOG00000018873	71.01
ENSRNOG00000018874	0.78
ENSRNOG00000018876	36.38
ENSRNOG00000018877	6.7
ENSRNOG00000018878	11.38
ENSRNOG00000018881	59.51
ENSRNOG00000018884	9.01
ENSRNOG00000018885	3.65
ENSRNOG00000018886	3.76
ENSRNOG00000018892	0.23
ENSRNOG00000018895	4.14
ENSRNOG00000018898	25.42
ENSRNOG00000018899	0.06
ENSRNOG00000018901	51.97
ENSRNOG00000018903	23.04
ENSRNOG00000018904	15.83
ENSRNOG00000018905	0.23
ENSRNOG00000018906	7.46
ENSRNOG00000018909	10.28
ENSRNOG00000018910	12.27
ENSRNOG00000018911	15.71
ENSRNOG00000018914	37.37
ENSRNOG00000018915	0.36
ENSRNOG00000018916	11.5
ENSRNOG00000018917	0
ENSRNOG00000018920	35.06
ENSRNOG00000018923	0.26
ENSRNOG00000018925	1.56
ENSRNOG00000018927	44.27
ENSRNOG00000018928	1.44
ENSRNOG00000018929	0.34
ENSRNOG00000018931	10.07
ENSRNOG00000018932	26.15
ENSRNOG00000018935	12.32
ENSRNOG00000018936	2.91
ENSRNOG00000018937	47.82
ENSRNOG00000018938	2.08
ENSRNOG00000018939	34.87
ENSRNOG00000018940	0
ENSRNOG00000018943	1.88
ENSRNOG00000018944	9.28
ENSRNOG00000018945	22.17
ENSRNOG00000018946	12.14
ENSRNOG00000018949	2.01
ENSRNOG00000018950	69.77
ENSRNOG00000018951	2.67
ENSRNOG00000018952	5.25
ENSRNOG00000018953	0
ENSRNOG00000018954	0.57
ENSRNOG00000018955	0
ENSRNOG00000018956	0.34
ENSRNOG00000018958	405.71
ENSRNOG00000018960	29.11
ENSRNOG00000018962	1.38
ENSRNOG00000018964	5.96
ENSRNOG00000018967	7.49
ENSRNOG00000018969	15.79
ENSRNOG00000018971	8.24
ENSRNOG00000018972	56.3
ENSRNOG00000018974	0
ENSRNOG00000018975	43.91
ENSRNOG00000018977	56.64
ENSRNOG00000018978	0.06
ENSRNOG00000018980	31.79
ENSRNOG00000018982	11.58
ENSRNOG00000018985	53.07
ENSRNOG00000018986	20.33
ENSRNOG00000018987	25.11
ENSRNOG00000018988	7.41
ENSRNOG00000018991	155.87
ENSRNOG00000018992	17.23
ENSRNOG00000018993	58.02
ENSRNOG00000018994	53.08
ENSRNOG00000018996	7.47
ENSRNOG00000018997	2.71
ENSRNOG00000018998	27.59
ENSRNOG00000018999	3.29
ENSRNOG00000019000	14.13
ENSRNOG00000019004	0
ENSRNOG00000019005	30.64
ENSRNOG00000019007	181.4
ENSRNOG00000019009	16.18
ENSRNOG00000019012	6.51
ENSRNOG00000019014	17.71
ENSRNOG00000019017	2.92
ENSRNOG00000019018	18.25
ENSRNOG00000019019	0.12
ENSRNOG00000019020	16.68
ENSRNOG00000019022	6.22
ENSRNOG00000019023	15.9
ENSRNOG00000019024	1.24
ENSRNOG00000019027	63.68
ENSRNOG00000019028	33.86
ENSRNOG00000019031	3.44
ENSRNOG00000019035	0.19
ENSRNOG00000019036	7.9
ENSRNOG00000019037	0
ENSRNOG00000019039	10.28
ENSRNOG00000019041	2.32
ENSRNOG00000019043	0.03
ENSRNOG00000019044	0.09
ENSRNOG00000019046	0
ENSRNOG00000019047	41.71
ENSRNOG00000019048	80.53
ENSRNOG00000019050	0.09
ENSRNOG00000019052	17.67
ENSRNOG00000019057	11.07
ENSRNOG00000019058	0
ENSRNOG00000019059	7.62
ENSRNOG00000019062	24.6
ENSRNOG00000019063	12.85
ENSRNOG00000019065	11.27
ENSRNOG00000019068	0
ENSRNOG00000019069	59.15
ENSRNOG00000019070	49.94
ENSRNOG00000019073	9.7
ENSRNOG00000019074	0
ENSRNOG00000019075	9.01
ENSRNOG00000019077	20.14
ENSRNOG00000019079	13.46
ENSRNOG00000019080	7.22
ENSRNOG00000019082	0
ENSRNOG00000019085	15.63
ENSRNOG00000019086	0.03
ENSRNOG00000019087	15.92
ENSRNOG00000019090	64.01
ENSRNOG00000019091	19.67
ENSRNOG00000019093	3.7
ENSRNOG00000019096	0.81
ENSRNOG00000019097	51.06
ENSRNOG00000019098	0.26
ENSRNOG00000019099	8.01
ENSRNOG00000019100	0.36
ENSRNOG00000019103	10.05
ENSRNOG00000019105	37.53
ENSRNOG00000019106	118.71
ENSRNOG00000019107	0.74
ENSRNOG00000019108	12.36
ENSRNOG00000019109	13.65
ENSRNOG00000019110	0.03
ENSRNOG00000019112	0.3
ENSRNOG00000019113	92.91
ENSRNOG00000019118	9.88
ENSRNOG00000019120	8.07
ENSRNOG00000019122	17.99
ENSRNOG00000019124	0
ENSRNOG00000019127	4.71
ENSRNOG00000019128	5.24
ENSRNOG00000019129	0.36
ENSRNOG00000019132	20.05
ENSRNOG00000019134	2.64
ENSRNOG00000019136	10.95
ENSRNOG00000019138	4.42
ENSRNOG00000019140	10.28
ENSRNOG00000019141	0.98
ENSRNOG00000019142	0.61
ENSRNOG00000019143	28.26
ENSRNOG00000019145	17.48
ENSRNOG00000019147	4.95
ENSRNOG00000019150	18.48
ENSRNOG00000019152	52.56
ENSRNOG00000019154	24.63
ENSRNOG00000019158	0
ENSRNOG00000019159	13.17
ENSRNOG00000019161	10.48
ENSRNOG00000019162	3.16
ENSRNOG00000019163	12.98
ENSRNOG00000019164	85.77
ENSRNOG00000019165	19.15
ENSRNOG00000019168	2.71
ENSRNOG00000019169	7.98
ENSRNOG00000019170	0
ENSRNOG00000019174	1
ENSRNOG00000019175	10.2
ENSRNOG00000019176	6.8
ENSRNOG00000019177	23.67
ENSRNOG00000019178	33.83
ENSRNOG00000019179	2
ENSRNOG00000019180	15.26
ENSRNOG00000019181	14.43
ENSRNOG00000019183	0.58
ENSRNOG00000019184	0.19
ENSRNOG00000019186	3.15
ENSRNOG00000019187	0
ENSRNOG00000019189	11.99
ENSRNOG00000019190	0
ENSRNOG00000019193	155.81
ENSRNOG00000019194	0
ENSRNOG00000019195	2.45
ENSRNOG00000019196	4.3
ENSRNOG00000019199	0.08
ENSRNOG00000019201	29.06
ENSRNOG00000019202	1.25
ENSRNOG00000019203	0.73
ENSRNOG00000019205	25.53
ENSRNOG00000019206	0
ENSRNOG00000019207	50.6
ENSRNOG00000019208	1.87
ENSRNOG00000019211	2.68
ENSRNOG00000019212	47.98
ENSRNOG00000019215	0.32
ENSRNOG00000019216	0.2
ENSRNOG00000019217	2.68
ENSRNOG00000019219	144.07
ENSRNOG00000019220	0.26
ENSRNOG00000019221	9.86
ENSRNOG00000019222	18.13
ENSRNOG00000019223	24.49
ENSRNOG00000019228	39.69
ENSRNOG00000019229	12.33
ENSRNOG00000019232	8
ENSRNOG00000019235	15.43
ENSRNOG00000019236	70.46
ENSRNOG00000019240	15.1
ENSRNOG00000019243	6.12
ENSRNOG00000019244	4.14
ENSRNOG00000019245	8.47
ENSRNOG00000019246	17.05
ENSRNOG00000019247	26.48
ENSRNOG00000019249	48.95
ENSRNOG00000019252	0.03
ENSRNOG00000019253	27.11
ENSRNOG00000019254	13.36
ENSRNOG00000019257	1.77
ENSRNOG00000019260	0
ENSRNOG00000019262	30.26
ENSRNOG00000019264	10.62
ENSRNOG00000019265	0.48
ENSRNOG00000019266	22.23
ENSRNOG00000019267	12.45
ENSRNOG00000019268	17.61
ENSRNOG00000019270	2.25
ENSRNOG00000019271	1.55
ENSRNOG00000019272	14.81
ENSRNOG00000019273	12.61
ENSRNOG00000019276	28.33
ENSRNOG00000019277	127.03
ENSRNOG00000019278	0.02
ENSRNOG00000019280	0.79
ENSRNOG00000019281	0
ENSRNOG00000019282	68.35
ENSRNOG00000019283	4.47
ENSRNOG00000019288	12.81
ENSRNOG00000019290	4.04
ENSRNOG00000019293	0.32
ENSRNOG00000019294	28.65
ENSRNOG00000019295	22.01
ENSRNOG00000019296	0.08
ENSRNOG00000019298	32.89
ENSRNOG00000019299	8.93
ENSRNOG00000019301	0
ENSRNOG00000019302	44.43
ENSRNOG00000019305	3.18
ENSRNOG00000019306	13.45
ENSRNOG00000019308	18.99
ENSRNOG00000019310	21.39
ENSRNOG00000019311	2.23
ENSRNOG00000019316	11.09
ENSRNOG00000019317	0.72
ENSRNOG00000019318	18.54
ENSRNOG00000019319	12.13
ENSRNOG00000019321	100.95
ENSRNOG00000019322	10.86
ENSRNOG00000019325	16.96
ENSRNOG00000019326	27.72
ENSRNOG00000019328	41.71
ENSRNOG00000019330	0.61
ENSRNOG00000019332	12.53
ENSRNOG00000019333	25.42
ENSRNOG00000019336	0
ENSRNOG00000019338	0.65
ENSRNOG00000019339	10.06
ENSRNOG00000019340	5.73
ENSRNOG00000019341	7.14
ENSRNOG00000019342	6.64
ENSRNOG00000019346	1.08
ENSRNOG00000019349	17.08
ENSRNOG00000019350	0.56
ENSRNOG00000019351	0.03
ENSRNOG00000019352	15.88
ENSRNOG00000019353	2.02
ENSRNOG00000019354	14.6
ENSRNOG00000019355	0.28
ENSRNOG00000019356	9.88
ENSRNOG00000019357	7.16
ENSRNOG00000019358	0.32
ENSRNOG00000019361	34.02
ENSRNOG00000019363	0.06
ENSRNOG00000019365	7.31
ENSRNOG00000019367	3.43
ENSRNOG00000019368	0.44
ENSRNOG00000019369	7.7
ENSRNOG00000019372	35.32
ENSRNOG00000019374	17.58
ENSRNOG00000019376	3.22
ENSRNOG00000019377	0.31
ENSRNOG00000019381	57.33
ENSRNOG00000019382	42.17
ENSRNOG00000019383	65.54
ENSRNOG00000019384	8.89
ENSRNOG00000019387	7.09
ENSRNOG00000019388	13.06
ENSRNOG00000019390	0.43
ENSRNOG00000019394	9.51
ENSRNOG00000019400	30.54
ENSRNOG00000019403	4.43
ENSRNOG00000019404	20.45
ENSRNOG00000019407	14.5
ENSRNOG00000019409	0
ENSRNOG00000019412	0.05
ENSRNOG00000019413	5.47
ENSRNOG00000019414	0.93
ENSRNOG00000019416	11.31
ENSRNOG00000019417	0.82
ENSRNOG00000019418	94.14
ENSRNOG00000019419	5.82
ENSRNOG00000019422	18.82
ENSRNOG00000019423	29.83
ENSRNOG00000019424	4.93
ENSRNOG00000019425	91.61
ENSRNOG00000019426	17.27
ENSRNOG00000019427	0
ENSRNOG00000019428	33.32
ENSRNOG00000019430	14.79
ENSRNOG00000019432	0
ENSRNOG00000019433	200.41
ENSRNOG00000019434	3.94
ENSRNOG00000019435	42.11
ENSRNOG00000019438	7.81
ENSRNOG00000019439	28.95
ENSRNOG00000019440	0.27
ENSRNOG00000019441	0
ENSRNOG00000019442	70.21
ENSRNOG00000019445	0.03
ENSRNOG00000019447	9.03
ENSRNOG00000019448	0
ENSRNOG00000019450	26.75
ENSRNOG00000019451	1.62
ENSRNOG00000019453	112.8
ENSRNOG00000019455	8.03
ENSRNOG00000019456	35.2
ENSRNOG00000019458	3.3
ENSRNOG00000019459	287.12
ENSRNOG00000019461	1.56
ENSRNOG00000019463	2.23
ENSRNOG00000019464	22.44
ENSRNOG00000019465	15.23
ENSRNOG00000019466	0.52
ENSRNOG00000019467	0
ENSRNOG00000019468	11.8
ENSRNOG00000019470	0
ENSRNOG00000019472	0.38
ENSRNOG00000019473	0
ENSRNOG00000019474	1.77
ENSRNOG00000019476	42.42
ENSRNOG00000019477	0.09
ENSRNOG00000019478	9.96
ENSRNOG00000019479	0
ENSRNOG00000019481	0
ENSRNOG00000019482	190.1
ENSRNOG00000019484	105.19
ENSRNOG00000019485	17.59
ENSRNOG00000019486	1.21
ENSRNOG00000019489	9.05
ENSRNOG00000019490	24.66
ENSRNOG00000019491	38.7
ENSRNOG00000019492	20.82
ENSRNOG00000019494	11.52
ENSRNOG00000019495	1.54
ENSRNOG00000019496	3.25
ENSRNOG00000019497	71.06
ENSRNOG00000019500	0.05
ENSRNOG00000019501	19.59
ENSRNOG00000019503	0.21
ENSRNOG00000019504	0.63
ENSRNOG00000019506	107.2
ENSRNOG00000019507	66.82
ENSRNOG00000019508	4.82
ENSRNOG00000019509	8.91
ENSRNOG00000019510	0
ENSRNOG00000019511	39.66
ENSRNOG00000019518	1.4
ENSRNOG00000019519	3.76
ENSRNOG00000019522	11.08
ENSRNOG00000019525	56.21
ENSRNOG00000019527	0
ENSRNOG00000019528	0.63
ENSRNOG00000019529	67.23
ENSRNOG00000019532	50.41
ENSRNOG00000019533	7.27
ENSRNOG00000019534	70.09
ENSRNOG00000019536	3.79
ENSRNOG00000019542	0.16
ENSRNOG00000019544	2.32
ENSRNOG00000019549	24.95
ENSRNOG00000019550	13.55
ENSRNOG00000019551	48
ENSRNOG00000019552	24.56
ENSRNOG00000019553	19.54
ENSRNOG00000019555	13.34
ENSRNOG00000019556	131.79
ENSRNOG00000019557	0.55
ENSRNOG00000019559	5.39
ENSRNOG00000019560	86.01
ENSRNOG00000019565	0.26
ENSRNOG00000019566	0
ENSRNOG00000019568	75.15
ENSRNOG00000019570	67.3
ENSRNOG00000019572	37.21
ENSRNOG00000019573	13.34
ENSRNOG00000019574	4.13
ENSRNOG00000019575	8.98
ENSRNOG00000019577	1.23
ENSRNOG00000019578	265.26
ENSRNOG00000019579	7.41
ENSRNOG00000019581	0
ENSRNOG00000019582	5.92
ENSRNOG00000019583	0
ENSRNOG00000019584	2.04
ENSRNOG00000019585	17.92
ENSRNOG00000019586	0.33
ENSRNOG00000019587	118.49
ENSRNOG00000019589	0.08
ENSRNOG00000019590	23.75
ENSRNOG00000019592	0.73
ENSRNOG00000019594	0
ENSRNOG00000019596	10.92
ENSRNOG00000019598	43.89
ENSRNOG00000019599	0
ENSRNOG00000019600	0
ENSRNOG00000019604	17.45
ENSRNOG00000019606	3.79
ENSRNOG00000019607	0.79
ENSRNOG00000019609	17.4
ENSRNOG00000019612	9.33
ENSRNOG00000019613	15.36
ENSRNOG00000019614	0.07
ENSRNOG00000019615	2.54
ENSRNOG00000019616	0.12
ENSRNOG00000019618	33.37
ENSRNOG00000019620	1.59
ENSRNOG00000019622	3.96
ENSRNOG00000019623	7.74
ENSRNOG00000019624	9.93
ENSRNOG00000019626	1.22
ENSRNOG00000019627	0.88
ENSRNOG00000019629	309.34
ENSRNOG00000019630	4.56
ENSRNOG00000019634	9.54
ENSRNOG00000019635	37.18
ENSRNOG00000019638	17.37
ENSRNOG00000019639	7.43
ENSRNOG00000019643	13.23
ENSRNOG00000019645	22.24
ENSRNOG00000019648	0.24
ENSRNOG00000019649	20.34
ENSRNOG00000019651	10.75
ENSRNOG00000019653	7.86
ENSRNOG00000019655	129.47
ENSRNOG00000019656	9.95
ENSRNOG00000019657	13.51
ENSRNOG00000019659	26.47
ENSRNOG00000019660	0.12
ENSRNOG00000019661	0
ENSRNOG00000019662	11.09
ENSRNOG00000019666	62.02
ENSRNOG00000019667	9.2
ENSRNOG00000019670	6.91
ENSRNOG00000019671	5.91
ENSRNOG00000019674	12.35
ENSRNOG00000019675	1.95
ENSRNOG00000019677	2.27
ENSRNOG00000019680	0.08
ENSRNOG00000019681	2.35
ENSRNOG00000019682	44.91
ENSRNOG00000019684	24.97
ENSRNOG00000019685	0.13
ENSRNOG00000019687	0.03
ENSRNOG00000019688	10.78
ENSRNOG00000019689	11.61
ENSRNOG00000019692	56.63
ENSRNOG00000019693	26
ENSRNOG00000019695	0
ENSRNOG00000019697	39.88
ENSRNOG00000019698	65.45
ENSRNOG00000019700	0.58
ENSRNOG00000019701	14.81
ENSRNOG00000019702	19.28
ENSRNOG00000019704	66.25
ENSRNOG00000019706	0.16
ENSRNOG00000019708	48.98
ENSRNOG00000019710	12.41
ENSRNOG00000019711	0
ENSRNOG00000019712	20.42
ENSRNOG00000019713	11.35
ENSRNOG00000019716	0
ENSRNOG00000019718	0.44
ENSRNOG00000019719	3.38
ENSRNOG00000019721	108.12
ENSRNOG00000019723	1.29
ENSRNOG00000019724	55.92
ENSRNOG00000019725	91.91
ENSRNOG00000019727	6.78
ENSRNOG00000019728	3.49
ENSRNOG00000019729	25.72
ENSRNOG00000019730	17.92
ENSRNOG00000019734	11.08
ENSRNOG00000019735	5.05
ENSRNOG00000019736	0
ENSRNOG00000019737	10.62
ENSRNOG00000019738	3.87
ENSRNOG00000019740	15.97
ENSRNOG00000019741	22.72
ENSRNOG00000019742	16.37
ENSRNOG00000019743	51.78
ENSRNOG00000019744	1.18
ENSRNOG00000019745	0.87
ENSRNOG00000019746	36.13
ENSRNOG00000019749	22.13
ENSRNOG00000019750	52.55
ENSRNOG00000019751	6.87
ENSRNOG00000019752	16.82
ENSRNOG00000019754	8.22
ENSRNOG00000019757	0.07
ENSRNOG00000019758	41.93
ENSRNOG00000019760	6.41
ENSRNOG00000019763	0.1
ENSRNOG00000019766	18.47
ENSRNOG00000019768	34.18
ENSRNOG00000019770	0.12
ENSRNOG00000019771	0.41
ENSRNOG00000019772	55.95
ENSRNOG00000019773	44.7
ENSRNOG00000019776	36.77
ENSRNOG00000019778	13.67
ENSRNOG00000019779	1.17
ENSRNOG00000019780	0.11
ENSRNOG00000019785	19.08
ENSRNOG00000019789	0.19
ENSRNOG00000019791	18.46
ENSRNOG00000019794	0
ENSRNOG00000019798	44.6
ENSRNOG00000019799	41.75
ENSRNOG00000019802	14.57
ENSRNOG00000019804	72.63
ENSRNOG00000019807	5.92
ENSRNOG00000019810	1.66
ENSRNOG00000019811	48.92
ENSRNOG00000019812	26.66
ENSRNOG00000019813	17.98
ENSRNOG00000019814	0
ENSRNOG00000019817	5.77
ENSRNOG00000019819	7.22
ENSRNOG00000019822	8.63
ENSRNOG00000019823	0
ENSRNOG00000019824	6.7
ENSRNOG00000019825	8.17
ENSRNOG00000019826	11.28
ENSRNOG00000019830	3.81
ENSRNOG00000019831	14.9
ENSRNOG00000019832	9.34
ENSRNOG00000019834	537.24
ENSRNOG00000019838	3.18
ENSRNOG00000019840	9.96
ENSRNOG00000019842	0.53
ENSRNOG00000019843	20.72
ENSRNOG00000019846	0
ENSRNOG00000019848	12.93
ENSRNOG00000019850	9.76
ENSRNOG00000019851	2.04
ENSRNOG00000019854	14.81
ENSRNOG00000019857	200.05
ENSRNOG00000019858	5.71
ENSRNOG00000019859	7.75
ENSRNOG00000019861	36.65
ENSRNOG00000019862	0.07
ENSRNOG00000019864	3.34
ENSRNOG00000019868	43.05
ENSRNOG00000019869	9.4
ENSRNOG00000019871	0
ENSRNOG00000019873	12.17
ENSRNOG00000019875	52.98
ENSRNOG00000019879	0.26
ENSRNOG00000019883	4.96
ENSRNOG00000019884	2.35
ENSRNOG00000019885	10.71
ENSRNOG00000019890	0.75
ENSRNOG00000019891	60.19
ENSRNOG00000019892	5.83
ENSRNOG00000019894	0
ENSRNOG00000019895	79.08
ENSRNOG00000019898	0
ENSRNOG00000019900	16.77
ENSRNOG00000019902	1.24
ENSRNOG00000019907	4.75
ENSRNOG00000019908	70.96
ENSRNOG00000019913	20.47
ENSRNOG00000019914	30.18
ENSRNOG00000019915	27.23
ENSRNOG00000019918	16.58
ENSRNOG00000019920	1.74
ENSRNOG00000019921	18.75
ENSRNOG00000019922	18.34
ENSRNOG00000019924	12.79
ENSRNOG00000019926	51.36
ENSRNOG00000019930	25.21
ENSRNOG00000019931	0.32
ENSRNOG00000019932	45.87
ENSRNOG00000019933	27.05
ENSRNOG00000019934	88.51
ENSRNOG00000019935	13.86
ENSRNOG00000019936	28.1
ENSRNOG00000019937	26.89
ENSRNOG00000019940	36.91
ENSRNOG00000019942	0.45
ENSRNOG00000019943	10.54
ENSRNOG00000019946	13.34
ENSRNOG00000019948	16.68
ENSRNOG00000019949	14.52
ENSRNOG00000019950	5.25
ENSRNOG00000019953	26.1
ENSRNOG00000019955	28.17
ENSRNOG00000019956	21.6
ENSRNOG00000019957	9.47
ENSRNOG00000019958	32.18
ENSRNOG00000019959	40.17
ENSRNOG00000019960	17.79
ENSRNOG00000019961	26.72
ENSRNOG00000019962	4.95
ENSRNOG00000019963	0.73
ENSRNOG00000019964	32.85
ENSRNOG00000019965	4.27
ENSRNOG00000019968	27.83
ENSRNOG00000019970	25.5
ENSRNOG00000019971	27.6
ENSRNOG00000019973	59.17
ENSRNOG00000019974	359.31
ENSRNOG00000019975	22.53
ENSRNOG00000019976	2.17
ENSRNOG00000019977	21.09
ENSRNOG00000019978	11.81
ENSRNOG00000019979	5.25
ENSRNOG00000019980	115.94
ENSRNOG00000019981	60.8
ENSRNOG00000019982	10.29
ENSRNOG00000019983	19.14
ENSRNOG00000019985	19.27
ENSRNOG00000019986	6.95
ENSRNOG00000019987	35.67
ENSRNOG00000019990	25.15
ENSRNOG00000019992	37.65
ENSRNOG00000019995	28.98
ENSRNOG00000019996	39.59
ENSRNOG00000019999	0.15
ENSRNOG00000020000	4.66
ENSRNOG00000020004	9.73
ENSRNOG00000020005	43.45
ENSRNOG00000020006	4.39
ENSRNOG00000020009	4.37
ENSRNOG00000020010	25.54
ENSRNOG00000020013	0.85
ENSRNOG00000020014	20.71
ENSRNOG00000020016	48.51
ENSRNOG00000020020	19.53
ENSRNOG00000020021	44.99
ENSRNOG00000020022	4.45
ENSRNOG00000020024	4.93
ENSRNOG00000020025	0
ENSRNOG00000020027	38.34
ENSRNOG00000020028	2.91
ENSRNOG00000020029	6.84
ENSRNOG00000020030	16.77
ENSRNOG00000020032	17.71
ENSRNOG00000020035	0
ENSRNOG00000020038	41.84
ENSRNOG00000020039	0.32
ENSRNOG00000020044	15.06
ENSRNOG00000020045	0.21
ENSRNOG00000020047	12.53
ENSRNOG00000020049	12.29
ENSRNOG00000020054	1.64
ENSRNOG00000020056	37.17
ENSRNOG00000020057	0
ENSRNOG00000020058	25.05
ENSRNOG00000020059	2.37
ENSRNOG00000020060	50.43
ENSRNOG00000020061	14.41
ENSRNOG00000020062	3.02
ENSRNOG00000020063	10.46
ENSRNOG00000020066	2.08
ENSRNOG00000020067	14.44
ENSRNOG00000020068	13.88
ENSRNOG00000020072	3.54
ENSRNOG00000020073	1.1
ENSRNOG00000020075	179.99
ENSRNOG00000020076	25.55
ENSRNOG00000020077	0
ENSRNOG00000020078	2.07
ENSRNOG00000020080	0.04
ENSRNOG00000020081	8.3
ENSRNOG00000020083	4.24
ENSRNOG00000020084	3.44
ENSRNOG00000020086	13.95
ENSRNOG00000020087	4.13
ENSRNOG00000020088	7.95
ENSRNOG00000020093	3.55
ENSRNOG00000020095	1.97
ENSRNOG00000020097	5.63
ENSRNOG00000020098	0
ENSRNOG00000020102	175.45
ENSRNOG00000020103	0
ENSRNOG00000020105	0.78
ENSRNOG00000020106	0.89
ENSRNOG00000020107	5.93
ENSRNOG00000020109	0
ENSRNOG00000020110	12.69
ENSRNOG00000020112	1.41
ENSRNOG00000020113	11.22
ENSRNOG00000020115	26.78
ENSRNOG00000020117	11.92
ENSRNOG00000020118	4.75
ENSRNOG00000020119	4.29
ENSRNOG00000020124	3.2
ENSRNOG00000020125	0
ENSRNOG00000020129	0.19
ENSRNOG00000020130	21.51
ENSRNOG00000020131	0
ENSRNOG00000020132	0.41
ENSRNOG00000020133	0
ENSRNOG00000020134	23.83
ENSRNOG00000020136	0.19
ENSRNOG00000020138	37.31
ENSRNOG00000020139	20.95
ENSRNOG00000020140	42.96
ENSRNOG00000020142	31.18
ENSRNOG00000020144	13.43
ENSRNOG00000020148	2.6
ENSRNOG00000020150	5.73
ENSRNOG00000020151	0.01
ENSRNOG00000020153	8.48
ENSRNOG00000020155	22
ENSRNOG00000020157	0
ENSRNOG00000020159	25.8
ENSRNOG00000020161	27.95
ENSRNOG00000020164	15.27
ENSRNOG00000020165	0
ENSRNOG00000020166	0
ENSRNOG00000020167	143.38
ENSRNOG00000020169	1.84
ENSRNOG00000020173	9.67
ENSRNOG00000020175	9.87
ENSRNOG00000020178	49.17
ENSRNOG00000020179	30.94
ENSRNOG00000020182	7.44
ENSRNOG00000020185	28.52
ENSRNOG00000020188	1.12
ENSRNOG00000020189	10.47
ENSRNOG00000020191	26.68
ENSRNOG00000020193	0.8
ENSRNOG00000020194	8.47
ENSRNOG00000020196	0
ENSRNOG00000020197	0.38
ENSRNOG00000020199	7.87
ENSRNOG00000020201	9.85
ENSRNOG00000020202	61.61
ENSRNOG00000020203	0.12
ENSRNOG00000020204	36.27
ENSRNOG00000020205	29.61
ENSRNOG00000020206	163.73
ENSRNOG00000020212	5.04
ENSRNOG00000020213	22.47
ENSRNOG00000020216	14.1
ENSRNOG00000020217	18.78
ENSRNOG00000020225	48.8
ENSRNOG00000020229	6.07
ENSRNOG00000020230	13.46
ENSRNOG00000020232	25.39
ENSRNOG00000020233	115.44
ENSRNOG00000020235	110.77
ENSRNOG00000020238	4.86
ENSRNOG00000020239	11.21
ENSRNOG00000020242	0.06
ENSRNOG00000020244	0.6
ENSRNOG00000020245	0.15
ENSRNOG00000020246	12.78
ENSRNOG00000020247	85.2
ENSRNOG00000020248	94.81
ENSRNOG00000020249	30.82
ENSRNOG00000020250	6.57
ENSRNOG00000020251	0
ENSRNOG00000020254	5.54
ENSRNOG00000020255	62.01
ENSRNOG00000020259	2.59
ENSRNOG00000020261	15.28
ENSRNOG00000020263	840.13
ENSRNOG00000020264	19.6
ENSRNOG00000020266	421.01
ENSRNOG00000020269	22.73
ENSRNOG00000020271	44.7
ENSRNOG00000020272	8.81
ENSRNOG00000020274	2.37
ENSRNOG00000020275	1.18
ENSRNOG00000020276	0
ENSRNOG00000020277	92.37
ENSRNOG00000020279	271.6
ENSRNOG00000020280	8.75
ENSRNOG00000020281	1.5
ENSRNOG00000020284	14.92
ENSRNOG00000020288	15.89
ENSRNOG00000020289	20.14
ENSRNOG00000020293	0.06
ENSRNOG00000020294	0.16
ENSRNOG00000020295	7.39
ENSRNOG00000020296	58.98
ENSRNOG00000020297	6.75
ENSRNOG00000020298	12.09
ENSRNOG00000020299	98.57
ENSRNOG00000020300	5.59
ENSRNOG00000020301	0
ENSRNOG00000020302	15.16
ENSRNOG00000020304	9.78
ENSRNOG00000020305	0
ENSRNOG00000020307	1.96
ENSRNOG00000020308	53.19
ENSRNOG00000020309	0.06
ENSRNOG00000020310	46.02
ENSRNOG00000020315	22.57
ENSRNOG00000020317	35.86
ENSRNOG00000020318	7.31
ENSRNOG00000020321	4.56
ENSRNOG00000020322	9.44
ENSRNOG00000020325	1.34
ENSRNOG00000020330	29.25
ENSRNOG00000020332	0.34
ENSRNOG00000020333	8.38
ENSRNOG00000020336	24.72
ENSRNOG00000020337	0.5
ENSRNOG00000020338	0
ENSRNOG00000020339	39.41
ENSRNOG00000020340	16.01
ENSRNOG00000020342	4.14
ENSRNOG00000020344	3.11
ENSRNOG00000020345	13.53
ENSRNOG00000020346	40.61
ENSRNOG00000020347	10.38
ENSRNOG00000020349	5.98
ENSRNOG00000020350	20.72
ENSRNOG00000020351	54.65
ENSRNOG00000020353	7.66
ENSRNOG00000020354	25.06
ENSRNOG00000020355	0.16
ENSRNOG00000020356	7.92
ENSRNOG00000020357	0.82
ENSRNOG00000020358	66.73
ENSRNOG00000020360	13.91
ENSRNOG00000020361	29.19
ENSRNOG00000020363	28.94
ENSRNOG00000020368	3.05
ENSRNOG00000020369	5.96
ENSRNOG00000020371	8.19
ENSRNOG00000020372	6.13
ENSRNOG00000020373	14.62
ENSRNOG00000020374	5.46
ENSRNOG00000020376	6.89
ENSRNOG00000020377	0.73
ENSRNOG00000020379	14.67
ENSRNOG00000020380	0.49
ENSRNOG00000020382	0.06
ENSRNOG00000020383	22.25
ENSRNOG00000020384	26.21
ENSRNOG00000020385	9.43
ENSRNOG00000020386	23.5
ENSRNOG00000020388	31.85
ENSRNOG00000020389	1.1
ENSRNOG00000020390	13.39
ENSRNOG00000020391	6.78
ENSRNOG00000020392	32.4
ENSRNOG00000020393	46.27
ENSRNOG00000020394	11.65
ENSRNOG00000020399	0
ENSRNOG00000020400	0.29
ENSRNOG00000020401	2.01
ENSRNOG00000020405	0
ENSRNOG00000020406	0
ENSRNOG00000020407	56.92
ENSRNOG00000020409	0
ENSRNOG00000020410	0.69
ENSRNOG00000020411	14.52
ENSRNOG00000020412	49.57
ENSRNOG00000020415	8.9
ENSRNOG00000020416	17.15
ENSRNOG00000020417	92.28
ENSRNOG00000020420	0.05
ENSRNOG00000020421	1.15
ENSRNOG00000020423	53.99
ENSRNOG00000020424	3.74
ENSRNOG00000020425	23.67
ENSRNOG00000020426	10.91
ENSRNOG00000020427	38.53
ENSRNOG00000020430	13.64
ENSRNOG00000020431	67.73
ENSRNOG00000020433	52.56
ENSRNOG00000020434	1.11
ENSRNOG00000020435	9.43
ENSRNOG00000020438	20.57
ENSRNOG00000020440	36.66
ENSRNOG00000020441	3.22
ENSRNOG00000020442	105.65
ENSRNOG00000020443	0.33
ENSRNOG00000020444	2.64
ENSRNOG00000020446	0.44
ENSRNOG00000020450	3.87
ENSRNOG00000020451	464.96
ENSRNOG00000020452	26.28
ENSRNOG00000020455	2.16
ENSRNOG00000020456	5.48
ENSRNOG00000020457	7.49
ENSRNOG00000020460	56.17
ENSRNOG00000020463	8.64
ENSRNOG00000020464	41.56
ENSRNOG00000020465	0.64
ENSRNOG00000020466	4.11
ENSRNOG00000020467	40.15
ENSRNOG00000020468	9.22
ENSRNOG00000020470	2.85
ENSRNOG00000020474	51.77
ENSRNOG00000020475	21.09
ENSRNOG00000020477	0.74
ENSRNOG00000020478	19.97
ENSRNOG00000020479	8.41
ENSRNOG00000020480	51.67
ENSRNOG00000020481	2.88
ENSRNOG00000020482	1.14
ENSRNOG00000020484	0.04
ENSRNOG00000020485	9.58
ENSRNOG00000020486	1.75
ENSRNOG00000020487	39.13
ENSRNOG00000020488	28.25
ENSRNOG00000020489	16.84
ENSRNOG00000020492	0.71
ENSRNOG00000020495	55.79
ENSRNOG00000020497	52.07
ENSRNOG00000020500	16.45
ENSRNOG00000020501	0.7
ENSRNOG00000020503	0.03
ENSRNOG00000020505	0.69
ENSRNOG00000020506	3.78
ENSRNOG00000020513	29.8
ENSRNOG00000020514	4.52
ENSRNOG00000020517	1.72
ENSRNOG00000020518	22.19
ENSRNOG00000020519	7.41
ENSRNOG00000020525	10.18
ENSRNOG00000020526	16.26
ENSRNOG00000020527	35.94
ENSRNOG00000020530	0
ENSRNOG00000020531	6.44
ENSRNOG00000020532	0.08
ENSRNOG00000020533	53.29
ENSRNOG00000020536	0
ENSRNOG00000020538	1.75
ENSRNOG00000020539	0.78
ENSRNOG00000020541	12.73
ENSRNOG00000020542	17.77
ENSRNOG00000020543	17.57
ENSRNOG00000020544	24.63
ENSRNOG00000020546	5.79
ENSRNOG00000020551	22.26
ENSRNOG00000020552	1.59
ENSRNOG00000020554	13.85
ENSRNOG00000020557	0.87
ENSRNOG00000020560	0
ENSRNOG00000020562	1.09
ENSRNOG00000020563	0
ENSRNOG00000020567	21.81
ENSRNOG00000020571	4.41
ENSRNOG00000020573	9.02
ENSRNOG00000020577	56.93
ENSRNOG00000020578	1.75
ENSRNOG00000020579	1.43
ENSRNOG00000020580	24.09
ENSRNOG00000020583	13.47
ENSRNOG00000020585	1.33
ENSRNOG00000020587	8.11
ENSRNOG00000020588	0.38
ENSRNOG00000020590	19.65
ENSRNOG00000020593	0.38
ENSRNOG00000020594	4.49
ENSRNOG00000020595	238.1
ENSRNOG00000020596	18.25
ENSRNOG00000020597	3.81
ENSRNOG00000020598	0.97
ENSRNOG00000020599	0.4
ENSRNOG00000020601	10.73
ENSRNOG00000020602	134.76
ENSRNOG00000020603	0.62
ENSRNOG00000020605	6.35
ENSRNOG00000020606	0
ENSRNOG00000020607	24.13
ENSRNOG00000020608	9.48
ENSRNOG00000020614	0
ENSRNOG00000020615	57.49
ENSRNOG00000020616	0.15
ENSRNOG00000020617	8.04
ENSRNOG00000020618	386.67
ENSRNOG00000020619	48.95
ENSRNOG00000020620	2.24
ENSRNOG00000020621	1.51
ENSRNOG00000020622	0.14
ENSRNOG00000020623	7.2
ENSRNOG00000020624	23.66
ENSRNOG00000020625	0
ENSRNOG00000020626	14.12
ENSRNOG00000020628	0
ENSRNOG00000020630	1.27
ENSRNOG00000020634	6.43
ENSRNOG00000020635	12.57
ENSRNOG00000020636	8.68
ENSRNOG00000020637	0
ENSRNOG00000020638	0
ENSRNOG00000020640	11.23
ENSRNOG00000020641	0
ENSRNOG00000020642	11.86
ENSRNOG00000020643	12.45
ENSRNOG00000020644	201.31
ENSRNOG00000020646	29.75
ENSRNOG00000020647	0
ENSRNOG00000020650	32.09
ENSRNOG00000020651	14.67
ENSRNOG00000020652	5.33
ENSRNOG00000020653	2.59
ENSRNOG00000020655	0.15
ENSRNOG00000020656	1.95
ENSRNOG00000020657	7.73
ENSRNOG00000020658	16.34
ENSRNOG00000020659	19.01
ENSRNOG00000020660	573.36
ENSRNOG00000020663	17.18
ENSRNOG00000020667	15.25
ENSRNOG00000020668	30.72
ENSRNOG00000020669	1.72
ENSRNOG00000020670	3.38
ENSRNOG00000020673	23.69
ENSRNOG00000020674	147.17
ENSRNOG00000020675	14.77
ENSRNOG00000020676	78.98
ENSRNOG00000020678	3.61
ENSRNOG00000020679	1.68
ENSRNOG00000020681	0
ENSRNOG00000020683	31.64
ENSRNOG00000020684	28.41
ENSRNOG00000020685	0
ENSRNOG00000020686	0
ENSRNOG00000020687	20.16
ENSRNOG00000020688	5.13
ENSRNOG00000020689	16.12
ENSRNOG00000020692	6.84
ENSRNOG00000020693	4.43
ENSRNOG00000020694	20.59
ENSRNOG00000020695	0.7
ENSRNOG00000020696	32.87
ENSRNOG00000020698	117.79
ENSRNOG00000020699	4.33
ENSRNOG00000020700	9.11
ENSRNOG00000020701	0.64
ENSRNOG00000020702	2.83
ENSRNOG00000020703	7.44
ENSRNOG00000020704	2.86
ENSRNOG00000020705	3.95
ENSRNOG00000020706	6.76
ENSRNOG00000020710	14.2
ENSRNOG00000020713	9.65
ENSRNOG00000020714	1.59
ENSRNOG00000020715	64.37
ENSRNOG00000020716	10.53
ENSRNOG00000020717	17.23
ENSRNOG00000020719	0.51
ENSRNOG00000020720	0
ENSRNOG00000020721	1.62
ENSRNOG00000020723	32.78
ENSRNOG00000020726	8.03
ENSRNOG00000020729	0.58
ENSRNOG00000020730	52.01
ENSRNOG00000020731	28.08
ENSRNOG00000020733	0.09
ENSRNOG00000020736	4.5
ENSRNOG00000020737	4.07
ENSRNOG00000020742	16.43
ENSRNOG00000020743	3.65
ENSRNOG00000020744	47.85
ENSRNOG00000020746	48.85
ENSRNOG00000020747	0
ENSRNOG00000020748	91.4
ENSRNOG00000020749	0
ENSRNOG00000020751	2.77
ENSRNOG00000020753	12.12
ENSRNOG00000020762	8.93
ENSRNOG00000020763	152.15
ENSRNOG00000020769	14.68
ENSRNOG00000020770	9.14
ENSRNOG00000020771	0.62
ENSRNOG00000020772	10.05
ENSRNOG00000020773	14.25
ENSRNOG00000020774	0.21
ENSRNOG00000020775	0
ENSRNOG00000020776	10.24
ENSRNOG00000020777	4.51
ENSRNOG00000020778	41.9
ENSRNOG00000020779	0.04
ENSRNOG00000020781	0.24
ENSRNOG00000020782	11.1
ENSRNOG00000020783	0.05
ENSRNOG00000020784	0.12
ENSRNOG00000020791	44.32
ENSRNOG00000020792	4.07
ENSRNOG00000020793	18.17
ENSRNOG00000020797	2.35
ENSRNOG00000020799	1.23
ENSRNOG00000020801	0
ENSRNOG00000020803	0
ENSRNOG00000020804	15.33
ENSRNOG00000020805	0
ENSRNOG00000020807	0.01
ENSRNOG00000020811	2.27
ENSRNOG00000020812	10.09
ENSRNOG00000020813	17.46
ENSRNOG00000020817	0.01
ENSRNOG00000020821	0.36
ENSRNOG00000020822	20.49
ENSRNOG00000020827	0
ENSRNOG00000020828	19.72
ENSRNOG00000020829	8.4
ENSRNOG00000020830	0.35
ENSRNOG00000020832	0.94
ENSRNOG00000020833	67.45
ENSRNOG00000020835	7.95
ENSRNOG00000020836	0
ENSRNOG00000020837	0
ENSRNOG00000020839	6.12
ENSRNOG00000020843	181.54
ENSRNOG00000020845	10.47
ENSRNOG00000020847	7.68
ENSRNOG00000020848	15.5
ENSRNOG00000020849	0.15
ENSRNOG00000020851	849.03
ENSRNOG00000020853	40.59
ENSRNOG00000020857	11.03
ENSRNOG00000020860	14.34
ENSRNOG00000020862	19.37
ENSRNOG00000020863	0.44
ENSRNOG00000020864	0.46
ENSRNOG00000020865	1.82
ENSRNOG00000020867	18.85
ENSRNOG00000020869	13.37
ENSRNOG00000020871	7.27
ENSRNOG00000020872	0
ENSRNOG00000020873	0.23
ENSRNOG00000020874	0
ENSRNOG00000020875	37.03
ENSRNOG00000020876	13.12
ENSRNOG00000020877	0.12
ENSRNOG00000020878	20.81
ENSRNOG00000020879	0.09
ENSRNOG00000020880	11.72
ENSRNOG00000020881	10.98
ENSRNOG00000020882	5.79
ENSRNOG00000020883	9.45
ENSRNOG00000020884	0.51
ENSRNOG00000020888	0
ENSRNOG00000020889	111.69
ENSRNOG00000020890	0
ENSRNOG00000020891	1.95
ENSRNOG00000020892	32.25
ENSRNOG00000020893	33.28
ENSRNOG00000020894	26.22
ENSRNOG00000020897	91.24
ENSRNOG00000020899	0.2
ENSRNOG00000020901	72.28
ENSRNOG00000020902	31.89
ENSRNOG00000020903	8.38
ENSRNOG00000020904	45.06
ENSRNOG00000020905	51.67
ENSRNOG00000020906	3.35
ENSRNOG00000020907	0
ENSRNOG00000020908	0.02
ENSRNOG00000020915	11.29
ENSRNOG00000020916	25.86
ENSRNOG00000020918	19.27
ENSRNOG00000020922	18.45
ENSRNOG00000020923	0.74
ENSRNOG00000020925	8.47
ENSRNOG00000020927	0.99
ENSRNOG00000020929	11.04
ENSRNOG00000020930	67.57
ENSRNOG00000020932	0
ENSRNOG00000020935	5.79
ENSRNOG00000020936	1.07
ENSRNOG00000020937	26.43
ENSRNOG00000020938	8.18
ENSRNOG00000020939	0.05
ENSRNOG00000020941	62.26
ENSRNOG00000020942	0.78
ENSRNOG00000020945	0
ENSRNOG00000020946	19.74
ENSRNOG00000020947	36.71
ENSRNOG00000020948	3.91
ENSRNOG00000020949	2.38
ENSRNOG00000020950	21.09
ENSRNOG00000020951	0.21
ENSRNOG00000020952	0.76
ENSRNOG00000020953	0.14
ENSRNOG00000020955	0
ENSRNOG00000020956	6.95
ENSRNOG00000020957	1.43
ENSRNOG00000020970	96.57
ENSRNOG00000020975	15.57
ENSRNOG00000020979	96.86
ENSRNOG00000020980	0.37
ENSRNOG00000020981	0
ENSRNOG00000020982	251.59
ENSRNOG00000020985	0.17
ENSRNOG00000020989	4.73
ENSRNOG00000020990	0.41
ENSRNOG00000020991	0.45
ENSRNOG00000020993	0.07
ENSRNOG00000020994	35.81
ENSRNOG00000020995	0.43
ENSRNOG00000020996	18.41
ENSRNOG00000020997	0.77
ENSRNOG00000020998	1.09
ENSRNOG00000021000	2.35
ENSRNOG00000021001	0
ENSRNOG00000021002	0.05
ENSRNOG00000021003	6.19
ENSRNOG00000021004	7.67
ENSRNOG00000021005	12.28
ENSRNOG00000021006	34.48
ENSRNOG00000021007	24.06
ENSRNOG00000021009	2.33
ENSRNOG00000021010	52.34
ENSRNOG00000021011	0.43
ENSRNOG00000021012	11.27
ENSRNOG00000021013	6.85
ENSRNOG00000021014	1.15
ENSRNOG00000021015	1.79
ENSRNOG00000021016	0.82
ENSRNOG00000021017	144.86
ENSRNOG00000021018	0
ENSRNOG00000021020	0
ENSRNOG00000021021	0.26
ENSRNOG00000021023	363.54
ENSRNOG00000021024	23.42
ENSRNOG00000021025	65.26
ENSRNOG00000021026	9
ENSRNOG00000021027	83.49
ENSRNOG00000021029	0.54
ENSRNOG00000021031	27.38
ENSRNOG00000021032	15.23
ENSRNOG00000021035	146.87
ENSRNOG00000021037	0
ENSRNOG00000021039	0
ENSRNOG00000021041	24.88
ENSRNOG00000021042	58.16
ENSRNOG00000021044	18.06
ENSRNOG00000021046	2.72
ENSRNOG00000021047	15.27
ENSRNOG00000021048	41.14
ENSRNOG00000021050	0.07
ENSRNOG00000021051	39.41
ENSRNOG00000021052	9.25
ENSRNOG00000021053	5.56
ENSRNOG00000021054	20.26
ENSRNOG00000021056	7.79
ENSRNOG00000021057	24.35
ENSRNOG00000021058	8.3
ENSRNOG00000021060	0
ENSRNOG00000021061	21.64
ENSRNOG00000021062	7.35
ENSRNOG00000021063	5.92
ENSRNOG00000021065	0
ENSRNOG00000021066	0
ENSRNOG00000021067	14.17
ENSRNOG00000021068	15.81
ENSRNOG00000021069	0
ENSRNOG00000021070	0
ENSRNOG00000021071	0
ENSRNOG00000021072	0
ENSRNOG00000021074	0.05
ENSRNOG00000021078	0
ENSRNOG00000021079	40.38
ENSRNOG00000021081	24.33
ENSRNOG00000021082	39.04
ENSRNOG00000021084	23.41
ENSRNOG00000021085	53.77
ENSRNOG00000021086	5.65
ENSRNOG00000021087	39.67
ENSRNOG00000021088	1.73
ENSRNOG00000021090	27.54
ENSRNOG00000021091	20.43
ENSRNOG00000021092	8.63
ENSRNOG00000021093	0.36
ENSRNOG00000021095	3.56
ENSRNOG00000021096	7.96
ENSRNOG00000021097	0.77
ENSRNOG00000021098	38.65
ENSRNOG00000021099	10.22
ENSRNOG00000021100	3.91
ENSRNOG00000021101	5.35
ENSRNOG00000021102	188.79
ENSRNOG00000021103	46.62
ENSRNOG00000021104	1.86
ENSRNOG00000021105	2.54
ENSRNOG00000021106	27.34
ENSRNOG00000021108	1.47
ENSRNOG00000021109	1.29
ENSRNOG00000021110	95.18
ENSRNOG00000021113	18.6
ENSRNOG00000021116	0.12
ENSRNOG00000021117	23.82
ENSRNOG00000021118	33.3
ENSRNOG00000021119	5.61
ENSRNOG00000021120	10.48
ENSRNOG00000021123	0
ENSRNOG00000021125	119.41
ENSRNOG00000021128	12.45
ENSRNOG00000021129	9.2
ENSRNOG00000021130	8.51
ENSRNOG00000021131	11.41
ENSRNOG00000021132	39.43
ENSRNOG00000021133	24.98
ENSRNOG00000021134	0.81
ENSRNOG00000021137	6.81
ENSRNOG00000021138	45.89
ENSRNOG00000021139	28.16
ENSRNOG00000021140	14.79
ENSRNOG00000021143	13.85
ENSRNOG00000021144	13.24
ENSRNOG00000021145	60.67
ENSRNOG00000021147	21.12
ENSRNOG00000021149	1.29
ENSRNOG00000021150	5.23
ENSRNOG00000021151	32.27
ENSRNOG00000021153	104.76
ENSRNOG00000021155	1.91
ENSRNOG00000021156	27.86
ENSRNOG00000021157	188.13
ENSRNOG00000021158	6.38
ENSRNOG00000021159	0
ENSRNOG00000021160	0.08
ENSRNOG00000021161	2.13
ENSRNOG00000021164	81.32
ENSRNOG00000021166	2.83
ENSRNOG00000021168	34.83
ENSRNOG00000021170	13.96
ENSRNOG00000021173	16.89
ENSRNOG00000021174	11.37
ENSRNOG00000021175	75.94
ENSRNOG00000021176	4.87
ENSRNOG00000021177	365.71
ENSRNOG00000021179	7.65
ENSRNOG00000021181	18.54
ENSRNOG00000021182	150.97
ENSRNOG00000021183	2.24
ENSRNOG00000021184	26.62
ENSRNOG00000021185	9.76
ENSRNOG00000021186	0.04
ENSRNOG00000021198	5.77
ENSRNOG00000021199	2.05
ENSRNOG00000021200	0.12
ENSRNOG00000021201	46.87
ENSRNOG00000021202	212.23
ENSRNOG00000021203	9.09
ENSRNOG00000021206	57.39
ENSRNOG00000021207	0.3
ENSRNOG00000021209	5.28
ENSRNOG00000021213	11.3
ENSRNOG00000021215	17
ENSRNOG00000021216	16.32
ENSRNOG00000021217	0.24
ENSRNOG00000021218	9.66
ENSRNOG00000021220	1.91
ENSRNOG00000021221	13.49
ENSRNOG00000021222	21.85
ENSRNOG00000021223	62.74
ENSRNOG00000021224	27.36
ENSRNOG00000021225	0.84
ENSRNOG00000021229	0.56
ENSRNOG00000021230	5.44
ENSRNOG00000021231	85.69
ENSRNOG00000021232	44.33
ENSRNOG00000021233	38.72
ENSRNOG00000021234	7.59
ENSRNOG00000021237	56.73
ENSRNOG00000021240	71.48
ENSRNOG00000021241	3.84
ENSRNOG00000021242	0
ENSRNOG00000021243	0.22
ENSRNOG00000021244	6.47
ENSRNOG00000021245	32.35
ENSRNOG00000021247	10.9
ENSRNOG00000021248	11.11
ENSRNOG00000021249	4.1
ENSRNOG00000021250	13.01
ENSRNOG00000021255	21.09
ENSRNOG00000021256	7.79
ENSRNOG00000021259	287.18
ENSRNOG00000021260	0
ENSRNOG00000021261	18.85
ENSRNOG00000021262	22.88
ENSRNOG00000021263	20.34
ENSRNOG00000021264	31.28
ENSRNOG00000021265	53.42
ENSRNOG00000021266	0.71
ENSRNOG00000021268	2.87
ENSRNOG00000021269	119.94
ENSRNOG00000021270	4.97
ENSRNOG00000021272	1.58
ENSRNOG00000021273	9.82
ENSRNOG00000021274	0.18
ENSRNOG00000021276	1.8
ENSRNOG00000021285	1.67
ENSRNOG00000021287	6.12
ENSRNOG00000021289	12.93
ENSRNOG00000021290	0
ENSRNOG00000021292	7.08
ENSRNOG00000021294	0.1
ENSRNOG00000021295	17.34
ENSRNOG00000021298	27.06
ENSRNOG00000021302	47.19
ENSRNOG00000021303	4.16
ENSRNOG00000021310	0
ENSRNOG00000021312	3.97
ENSRNOG00000021313	0
ENSRNOG00000021314	27.22
ENSRNOG00000021316	30.03
ENSRNOG00000021317	52.25
ENSRNOG00000021318	68.79
ENSRNOG00000021323	0.16
ENSRNOG00000021324	4.04
ENSRNOG00000021329	0
ENSRNOG00000021330	9.34
ENSRNOG00000021332	0
ENSRNOG00000021334	0.24
ENSRNOG00000021338	52.95
ENSRNOG00000021345	1.62
ENSRNOG00000021347	0.85
ENSRNOG00000021355	4.78
ENSRNOG00000021357	0.12
ENSRNOG00000021359	1.69
ENSRNOG00000021364	0.07
ENSRNOG00000021365	1.81
ENSRNOG00000021366	0
ENSRNOG00000021370	0.18
ENSRNOG00000021379	9.42
ENSRNOG00000021380	23
ENSRNOG00000021381	0.79
ENSRNOG00000021384	8.23
ENSRNOG00000021390	12.12
ENSRNOG00000021392	28.79
ENSRNOG00000021395	0.2
ENSRNOG00000021397	0
ENSRNOG00000021399	23.49
ENSRNOG00000021400	0.79
ENSRNOG00000021401	1.51
ENSRNOG00000021402	8.46
ENSRNOG00000021403	203.03
ENSRNOG00000021405	0
ENSRNOG00000021406	0.19
ENSRNOG00000021410	20.26
ENSRNOG00000021411	0
ENSRNOG00000021412	2.26
ENSRNOG00000021420	2.57
ENSRNOG00000021424	1.99
ENSRNOG00000021425	0.24
ENSRNOG00000021430	0
ENSRNOG00000021433	5.99
ENSRNOG00000021434	0.2
ENSRNOG00000021435	0.17
ENSRNOG00000021437	1.52
ENSRNOG00000021438	0.08
ENSRNOG00000021440	24.94
ENSRNOG00000021441	5.21
ENSRNOG00000021442	4.99
ENSRNOG00000021445	0
ENSRNOG00000021447	23.59
ENSRNOG00000021452	0
ENSRNOG00000021463	1
ENSRNOG00000021468	1.78
ENSRNOG00000021469	1.93
ENSRNOG00000021470	0
ENSRNOG00000021472	190.47
ENSRNOG00000021473	0
ENSRNOG00000021474	3.95
ENSRNOG00000021475	13.1
ENSRNOG00000021478	32.56
ENSRNOG00000021480	1.57
ENSRNOG00000021484	0.84
ENSRNOG00000021485	0
ENSRNOG00000021490	0
ENSRNOG00000021492	28.67
ENSRNOG00000021493	0.88
ENSRNOG00000021497	34.83
ENSRNOG00000021499	0
ENSRNOG00000021507	54.27
ENSRNOG00000021510	3.29
ENSRNOG00000021513	0.25
ENSRNOG00000021517	5.66
ENSRNOG00000021518	0.26
ENSRNOG00000021521	4.24
ENSRNOG00000021524	0.15
ENSRNOG00000021525	2.43
ENSRNOG00000021526	8.76
ENSRNOG00000021528	27.81
ENSRNOG00000021533	0.2
ENSRNOG00000021536	8.25
ENSRNOG00000021540	50.72
ENSRNOG00000021546	0.13
ENSRNOG00000021547	0
ENSRNOG00000021548	6.36
ENSRNOG00000021551	0.5
ENSRNOG00000021552	4.02
ENSRNOG00000021553	0.53
ENSRNOG00000021555	0.52
ENSRNOG00000021557	0
ENSRNOG00000021560	0.27
ENSRNOG00000021569	12.25
ENSRNOG00000021573	22.3
ENSRNOG00000021575	0
ENSRNOG00000021578	3.22
ENSRNOG00000021579	28.79
ENSRNOG00000021581	17.18
ENSRNOG00000021584	2.41
ENSRNOG00000021586	0
ENSRNOG00000021589	3.28
ENSRNOG00000021602	9.8
ENSRNOG00000021609	15
ENSRNOG00000021611	40.67
ENSRNOG00000021614	26.06
ENSRNOG00000021615	7.24
ENSRNOG00000021619	0.21
ENSRNOG00000021628	1.88
ENSRNOG00000021637	30.03
ENSRNOG00000021638	26.2
ENSRNOG00000021644	2.95
ENSRNOG00000021656	0.05
ENSRNOG00000021657	1.1
ENSRNOG00000021658	0
ENSRNOG00000021659	0.8
ENSRNOG00000021660	18.38
ENSRNOG00000021663	18.91
ENSRNOG00000021669	2.53
ENSRNOG00000021670	1.39
ENSRNOG00000021671	24.12
ENSRNOG00000021674	0
ENSRNOG00000021678	20
ENSRNOG00000021680	4.48
ENSRNOG00000021681	11.73
ENSRNOG00000021682	14.2
ENSRNOG00000021685	54.53
ENSRNOG00000021688	3.46
ENSRNOG00000021689	26.09
ENSRNOG00000021691	48.18
ENSRNOG00000021693	4.78
ENSRNOG00000021694	0
ENSRNOG00000021695	0
ENSRNOG00000021702	4.48
ENSRNOG00000021704	0.17
ENSRNOG00000021705	84.37
ENSRNOG00000021712	17.8
ENSRNOG00000021713	0.37
ENSRNOG00000021714	1.17
ENSRNOG00000021718	12.06
ENSRNOG00000021719	5.98
ENSRNOG00000021723	0
ENSRNOG00000021724	1.31
ENSRNOG00000021725	14.98
ENSRNOG00000021726	1.85
ENSRNOG00000021727	0
ENSRNOG00000021729	6.03
ENSRNOG00000021731	0
ENSRNOG00000021732	15.34
ENSRNOG00000021735	12
ENSRNOG00000021745	0.48
ENSRNOG00000021748	18.64
ENSRNOG00000021750	12.78
ENSRNOG00000021751	1.81
ENSRNOG00000021752	2.06
ENSRNOG00000021758	14.49
ENSRNOG00000021763	0.42
ENSRNOG00000021765	3.17
ENSRNOG00000021766	0
ENSRNOG00000021771	0
ENSRNOG00000021773	11.83
ENSRNOG00000021776	5.46
ENSRNOG00000021780	5.68
ENSRNOG00000021781	18.06
ENSRNOG00000021782	0.02
ENSRNOG00000021787	1.25
ENSRNOG00000021789	0
ENSRNOG00000021791	0
ENSRNOG00000021792	0
ENSRNOG00000021793	5.61
ENSRNOG00000021794	8.5
ENSRNOG00000021795	4.39
ENSRNOG00000021796	0.89
ENSRNOG00000021798	0
ENSRNOG00000021799	0
ENSRNOG00000021800	0.06
ENSRNOG00000021802	2.94
ENSRNOG00000021805	7.85
ENSRNOG00000021808	308.07
ENSRNOG00000021811	0
ENSRNOG00000021812	1.53
ENSRNOG00000021814	1.66
ENSRNOG00000021815	12.75
ENSRNOG00000021817	3.13
ENSRNOG00000021823	1.17
ENSRNOG00000021824	20.42
ENSRNOG00000021828	57.05
ENSRNOG00000021831	2.48
ENSRNOG00000021833	0.02
ENSRNOG00000021839	4.87
ENSRNOG00000021840	0.57
ENSRNOG00000021843	0
ENSRNOG00000021847	4.24
ENSRNOG00000021851	0
ENSRNOG00000021855	0.59
ENSRNOG00000021856	4.62
ENSRNOG00000021866	18.51
ENSRNOG00000021867	0.15
ENSRNOG00000021871	16.98
ENSRNOG00000021872	6.2
ENSRNOG00000021881	25.54
ENSRNOG00000021882	40.62
ENSRNOG00000021885	0.17
ENSRNOG00000021886	11.48
ENSRNOG00000021887	8.41
ENSRNOG00000021890	24.45
ENSRNOG00000021891	13.99
ENSRNOG00000021892	0.43
ENSRNOG00000021896	0
ENSRNOG00000021898	0
ENSRNOG00000021899	14.19
ENSRNOG00000021900	2.25
ENSRNOG00000021902	0.29
ENSRNOG00000021903	1.61
ENSRNOG00000021904	9.14
ENSRNOG00000021910	0
ENSRNOG00000021911	12.33
ENSRNOG00000021912	0
ENSRNOG00000021913	0
ENSRNOG00000021916	1.48
ENSRNOG00000021918	2.01
ENSRNOG00000021919	2.38
ENSRNOG00000021920	0
ENSRNOG00000021924	0.11
ENSRNOG00000021931	7.89
ENSRNOG00000021938	5.54
ENSRNOG00000021943	0.77
ENSRNOG00000021945	13.49
ENSRNOG00000021946	0
ENSRNOG00000021949	0
ENSRNOG00000021953	0.06
ENSRNOG00000021954	8.65
ENSRNOG00000021960	49.02
ENSRNOG00000021962	7.59
ENSRNOG00000021966	1.41
ENSRNOG00000021972	0
ENSRNOG00000021984	31.94
ENSRNOG00000021986	0.13
ENSRNOG00000021987	0.6
ENSRNOG00000021988	0
ENSRNOG00000021992	0
ENSRNOG00000021996	0
ENSRNOG00000021999	0
ENSRNOG00000022007	0
ENSRNOG00000022009	0.35
ENSRNOG00000022012	0
ENSRNOG00000022014	29.57
ENSRNOG00000022015	5.48
ENSRNOG00000022021	0.17
ENSRNOG00000022022	14.21
ENSRNOG00000022030	0.39
ENSRNOG00000022033	0
ENSRNOG00000022039	7.6
ENSRNOG00000022043	8.11
ENSRNOG00000022044	5.9
ENSRNOG00000022054	31.26
ENSRNOG00000022060	9.1
ENSRNOG00000022063	0
ENSRNOG00000022066	20.23
ENSRNOG00000022067	0.08
ENSRNOG00000022071	1.44
ENSRNOG00000022081	0
ENSRNOG00000022082	0
ENSRNOG00000022084	0.03
ENSRNOG00000022094	0.77
ENSRNOG00000022099	0.32
ENSRNOG00000022101	3.06
ENSRNOG00000022104	0
ENSRNOG00000022107	0.21
ENSRNOG00000022110	0.21
ENSRNOG00000022116	17.84
ENSRNOG00000022129	0
ENSRNOG00000022136	1.06
ENSRNOG00000022139	0
ENSRNOG00000022141	6.12
ENSRNOG00000022143	2.99
ENSRNOG00000022144	2.38
ENSRNOG00000022146	0.16
ENSRNOG00000022150	0.63
ENSRNOG00000022153	25.38
ENSRNOG00000022155	2.9
ENSRNOG00000022156	0
ENSRNOG00000022160	0
ENSRNOG00000022162	19.74
ENSRNOG00000022163	0.2
ENSRNOG00000022164	1.83
ENSRNOG00000022166	1.73
ENSRNOG00000022171	5.6
ENSRNOG00000022173	13.04
ENSRNOG00000022174	0.14
ENSRNOG00000022176	4.64
ENSRNOG00000022178	0.16
ENSRNOG00000022181	0
ENSRNOG00000022182	9.57
ENSRNOG00000022189	3.49
ENSRNOG00000022196	24.75
ENSRNOG00000022199	2.21
ENSRNOG00000022202	12.5
ENSRNOG00000022210	0.14
ENSRNOG00000022218	2.94
ENSRNOG00000022225	0
ENSRNOG00000022227	11.98
ENSRNOG00000022229	5.48
ENSRNOG00000022232	0.09
ENSRNOG00000022234	19.41
ENSRNOG00000022239	0.23
ENSRNOG00000022242	0.21
ENSRNOG00000022244	0
ENSRNOG00000022245	20.35
ENSRNOG00000022247	12.96
ENSRNOG00000022248	268.08
ENSRNOG00000022249	16.37
ENSRNOG00000022251	0
ENSRNOG00000022252	4.78
ENSRNOG00000022255	0
ENSRNOG00000022256	0.28
ENSRNOG00000022257	0
ENSRNOG00000022260	3.39
ENSRNOG00000022261	0.78
ENSRNOG00000022267	39.93
ENSRNOG00000022268	2.33
ENSRNOG00000022273	30.17
ENSRNOG00000022274	20.91
ENSRNOG00000022281	0
ENSRNOG00000022283	5.14
ENSRNOG00000022286	6.74
ENSRNOG00000022288	3.5
ENSRNOG00000022289	17.93
ENSRNOG00000022296	0
ENSRNOG00000022298	0
ENSRNOG00000022303	8.33
ENSRNOG00000022305	10.22
ENSRNOG00000022307	24.39
ENSRNOG00000022308	0
ENSRNOG00000022309	0.08
ENSRNOG00000022312	16
ENSRNOG00000022313	0.06
ENSRNOG00000022320	1.11
ENSRNOG00000022321	1.12
ENSRNOG00000022323	30.83
ENSRNOG00000022325	4.94
ENSRNOG00000022326	0
ENSRNOG00000022329	0
ENSRNOG00000022331	1.87
ENSRNOG00000022335	1.01
ENSRNOG00000022337	9.85
ENSRNOG00000022343	5.07
ENSRNOG00000022347	11.97
ENSRNOG00000022353	0
ENSRNOG00000022354	6.01
ENSRNOG00000022356	12.67
ENSRNOG00000022358	0.88
ENSRNOG00000022364	0
ENSRNOG00000022368	17.84
ENSRNOG00000022372	21.33
ENSRNOG00000022373	21.52
ENSRNOG00000022375	0.28
ENSRNOG00000022376	0
ENSRNOG00000022382	1.47
ENSRNOG00000022386	178.12
ENSRNOG00000022387	0
ENSRNOG00000022391	2.4
ENSRNOG00000022392	15.45
ENSRNOG00000022393	1.24
ENSRNOG00000022395	13.34
ENSRNOG00000022402	12.24
ENSRNOG00000022405	0.04
ENSRNOG00000022406	0
ENSRNOG00000022407	0
ENSRNOG00000022411	0.05
ENSRNOG00000022414	14.55
ENSRNOG00000022417	1.16
ENSRNOG00000022419	3
ENSRNOG00000022421	34.52
ENSRNOG00000022426	0.84
ENSRNOG00000022428	7.28
ENSRNOG00000022429	31.32
ENSRNOG00000022431	2.85
ENSRNOG00000022432	106.7
ENSRNOG00000022438	2.93
ENSRNOG00000022445	0
ENSRNOG00000022448	13.51
ENSRNOG00000022450	0
ENSRNOG00000022455	15.84
ENSRNOG00000022456	0
ENSRNOG00000022457	0.15
ENSRNOG00000022462	0.09
ENSRNOG00000022466	10.42
ENSRNOG00000022472	15.82
ENSRNOG00000022476	0.21
ENSRNOG00000022480	0
ENSRNOG00000022482	15.36
ENSRNOG00000022483	0
ENSRNOG00000022485	9.49
ENSRNOG00000022488	0
ENSRNOG00000022490	5
ENSRNOG00000022491	2.28
ENSRNOG00000022492	0
ENSRNOG00000022499	0.57
ENSRNOG00000022500	9.71
ENSRNOG00000022502	7.12
ENSRNOG00000022505	0.21
ENSRNOG00000022507	22.24
ENSRNOG00000022509	0
ENSRNOG00000022511	0.06
ENSRNOG00000022514	8.72
ENSRNOG00000022521	0.14
ENSRNOG00000022523	11.59
ENSRNOG00000022524	3.22
ENSRNOG00000022533	1.42
ENSRNOG00000022536	0.02
ENSRNOG00000022537	0.07
ENSRNOG00000022540	6.96
ENSRNOG00000022548	0.07
ENSRNOG00000022555	1.35
ENSRNOG00000022565	0.93
ENSRNOG00000022566	0.65
ENSRNOG00000022567	21.12
ENSRNOG00000022570	2.67
ENSRNOG00000022572	0.36
ENSRNOG00000022576	9.86
ENSRNOG00000022582	8.59
ENSRNOG00000022586	40.11
ENSRNOG00000022593	9.18
ENSRNOG00000022595	108.01
ENSRNOG00000022597	2.96
ENSRNOG00000022598	10.12
ENSRNOG00000022599	0.1
ENSRNOG00000022601	0.07
ENSRNOG00000022603	0.03
ENSRNOG00000022607	8.1
ENSRNOG00000022609	7.59
ENSRNOG00000022610	0.09
ENSRNOG00000022614	0.2
ENSRNOG00000022615	5.27
ENSRNOG00000022619	0
ENSRNOG00000022622	3.25
ENSRNOG00000022623	6.71
ENSRNOG00000022631	0.4
ENSRNOG00000022632	1.01
ENSRNOG00000022635	41.99
ENSRNOG00000022636	1.78
ENSRNOG00000022637	0.07
ENSRNOG00000022640	0.32
ENSRNOG00000022652	6.63
ENSRNOG00000022657	8.67
ENSRNOG00000022660	0.74
ENSRNOG00000022664	27.45
ENSRNOG00000022669	0
ENSRNOG00000022673	0
ENSRNOG00000022679	0
ENSRNOG00000022680	0
ENSRNOG00000022681	41.68
ENSRNOG00000022686	22.44
ENSRNOG00000022691	12.03
ENSRNOG00000022694	7.18
ENSRNOG00000022697	2.93
ENSRNOG00000022698	1.78
ENSRNOG00000022699	2.05
ENSRNOG00000022701	1.36
ENSRNOG00000022702	18.15
ENSRNOG00000022703	0
ENSRNOG00000022704	2.89
ENSRNOG00000022707	0.77
ENSRNOG00000022709	0
ENSRNOG00000022710	0.14
ENSRNOG00000022711	1.28
ENSRNOG00000022712	1.29
ENSRNOG00000022717	0.2
ENSRNOG00000022718	0.26
ENSRNOG00000022720	6.58
ENSRNOG00000022721	0.32
ENSRNOG00000022723	0.52
ENSRNOG00000022724	10.41
ENSRNOG00000022725	3.12
ENSRNOG00000022726	0
ENSRNOG00000022727	43.01
ENSRNOG00000022729	0
ENSRNOG00000022730	20.02
ENSRNOG00000022732	10.27
ENSRNOG00000022736	7.72
ENSRNOG00000022737	0
ENSRNOG00000022738	3.17
ENSRNOG00000022741	23.59
ENSRNOG00000022742	4.93
ENSRNOG00000022745	9.45
ENSRNOG00000022748	6.83
ENSRNOG00000022751	0.09
ENSRNOG00000022753	48.15
ENSRNOG00000022760	0.62
ENSRNOG00000022762	0.09
ENSRNOG00000022764	117.98
ENSRNOG00000022766	0
ENSRNOG00000022767	9.44
ENSRNOG00000022769	2.72
ENSRNOG00000022771	64.4
ENSRNOG00000022772	16.67
ENSRNOG00000022777	0
ENSRNOG00000022778	6.2
ENSRNOG00000022781	15.09
ENSRNOG00000022784	21.37
ENSRNOG00000022791	0.34
ENSRNOG00000022792	0.1
ENSRNOG00000022796	4.34
ENSRNOG00000022798	0
ENSRNOG00000022800	1
ENSRNOG00000022802	25.26
ENSRNOG00000022804	6.56
ENSRNOG00000022806	0
ENSRNOG00000022807	3.13
ENSRNOG00000022812	5.86
ENSRNOG00000022822	1.91
ENSRNOG00000022837	4.44
ENSRNOG00000022838	0.22
ENSRNOG00000022839	1.61
ENSRNOG00000022844	2.35
ENSRNOG00000022845	4.68
ENSRNOG00000022847	11.82
ENSRNOG00000022848	0
ENSRNOG00000022852	8.26
ENSRNOG00000022855	0
ENSRNOG00000022857	2.44
ENSRNOG00000022859	0.06
ENSRNOG00000022860	81.66
ENSRNOG00000022863	0.14
ENSRNOG00000022868	3.64
ENSRNOG00000022870	13.66
ENSRNOG00000022871	6.72
ENSRNOG00000022877	23.21
ENSRNOG00000022882	0.07
ENSRNOG00000022884	2.95
ENSRNOG00000022890	0
ENSRNOG00000022893	5.5
ENSRNOG00000022894	11.49
ENSRNOG00000022896	6.1
ENSRNOG00000022899	2.63
ENSRNOG00000022900	0
ENSRNOG00000022910	10.48
ENSRNOG00000022911	0.97
ENSRNOG00000022919	5.26
ENSRNOG00000022921	4.38
ENSRNOG00000022922	60.54
ENSRNOG00000022929	9.94
ENSRNOG00000022932	2.22
ENSRNOG00000022934	0.94
ENSRNOG00000022937	2.08
ENSRNOG00000022938	5.38
ENSRNOG00000022939	9.13
ENSRNOG00000022941	0
ENSRNOG00000022943	22.82
ENSRNOG00000022946	2.44
ENSRNOG00000022950	0.14
ENSRNOG00000022953	4.46
ENSRNOG00000022955	0
ENSRNOG00000022957	3.08
ENSRNOG00000022964	0.02
ENSRNOG00000022967	3.56
ENSRNOG00000022970	0
ENSRNOG00000022971	2.44
ENSRNOG00000022975	4.11
ENSRNOG00000022980	60.8
ENSRNOG00000022982	0
ENSRNOG00000022983	3.33
ENSRNOG00000022988	0
ENSRNOG00000022990	0.15
ENSRNOG00000022994	0.02
ENSRNOG00000022999	6.66
ENSRNOG00000023005	0
ENSRNOG00000023007	0.09
ENSRNOG00000023008	9.07
ENSRNOG00000023013	2.93
ENSRNOG00000023016	0
ENSRNOG00000023020	27.17
ENSRNOG00000023021	12.98
ENSRNOG00000023023	4.92
ENSRNOG00000023026	0.51
ENSRNOG00000023030	0.08
ENSRNOG00000023034	0.11
ENSRNOG00000023035	5.84
ENSRNOG00000023053	11.92
ENSRNOG00000023064	1.49
ENSRNOG00000023065	28.61
ENSRNOG00000023068	0
ENSRNOG00000023073	0
ENSRNOG00000023077	30.22
ENSRNOG00000023079	24.22
ENSRNOG00000023081	0
ENSRNOG00000023085	4.65
ENSRNOG00000023086	180.03
ENSRNOG00000023089	0
ENSRNOG00000023090	0
ENSRNOG00000023091	0
ENSRNOG00000023092	0.04
ENSRNOG00000023093	0.47
ENSRNOG00000023094	0.1
ENSRNOG00000023095	46.47
ENSRNOG00000023100	6.67
ENSRNOG00000023101	0.48
ENSRNOG00000023107	9.26
ENSRNOG00000023109	4.95
ENSRNOG00000023112	0.22
ENSRNOG00000023116	3.92
ENSRNOG00000023122	0.61
ENSRNOG00000023126	0.45
ENSRNOG00000023129	5.28
ENSRNOG00000023130	5.26
ENSRNOG00000023140	0.53
ENSRNOG00000023143	1.25
ENSRNOG00000023148	3.08
ENSRNOG00000023150	236.89
ENSRNOG00000023151	0.06
ENSRNOG00000023152	7.53
ENSRNOG00000023154	0
ENSRNOG00000023162	33.15
ENSRNOG00000023163	0.6
ENSRNOG00000023172	2.22
ENSRNOG00000023176	66.82
ENSRNOG00000023177	0.06
ENSRNOG00000023181	0
ENSRNOG00000023182	0.16
ENSRNOG00000023187	12.88
ENSRNOG00000023194	0
ENSRNOG00000023195	0
ENSRNOG00000023197	6.26
ENSRNOG00000023202	12.39
ENSRNOG00000023208	14.15
ENSRNOG00000023209	0
ENSRNOG00000023210	24.21
ENSRNOG00000023213	1.17
ENSRNOG00000023214	0.06
ENSRNOG00000023216	2.73
ENSRNOG00000023220	9.92
ENSRNOG00000023226	18
ENSRNOG00000023227	3.17
ENSRNOG00000023230	3.87
ENSRNOG00000023233	3.43
ENSRNOG00000023238	21.66
ENSRNOG00000023256	0
ENSRNOG00000023257	1.09
ENSRNOG00000023258	7.98
ENSRNOG00000023261	5.34
ENSRNOG00000023262	0.42
ENSRNOG00000023269	0.07
ENSRNOG00000023271	19.47
ENSRNOG00000023274	5.54
ENSRNOG00000023278	20.86
ENSRNOG00000023280	9.31
ENSRNOG00000023285	0.07
ENSRNOG00000023286	0
ENSRNOG00000023296	2.93
ENSRNOG00000023299	1.77
ENSRNOG00000023303	0.12
ENSRNOG00000023304	0.65
ENSRNOG00000023309	3.21
ENSRNOG00000023312	49.19
ENSRNOG00000023314	0
ENSRNOG00000023317	10.31
ENSRNOG00000023318	2.36
ENSRNOG00000023320	2.39
ENSRNOG00000023322	17.02
ENSRNOG00000023330	0
ENSRNOG00000023334	2.3
ENSRNOG00000023337	1.9
ENSRNOG00000023338	132.37
ENSRNOG00000023340	0.46
ENSRNOG00000023342	0
ENSRNOG00000023344	0
ENSRNOG00000023346	2.39
ENSRNOG00000023348	0.99
ENSRNOG00000023352	1.66
ENSRNOG00000023356	17.17
ENSRNOG00000023360	85.34
ENSRNOG00000023363	24.7
ENSRNOG00000023365	0.11
ENSRNOG00000023366	2.2
ENSRNOG00000023367	0
ENSRNOG00000023372	0
ENSRNOG00000023373	15.23
ENSRNOG00000023375	15.42
ENSRNOG00000023376	21.38
ENSRNOG00000023381	6.6
ENSRNOG00000023383	61.84
ENSRNOG00000023384	0
ENSRNOG00000023385	85.32
ENSRNOG00000023386	0
ENSRNOG00000023387	0
ENSRNOG00000023389	14.09
ENSRNOG00000023393	11.28
ENSRNOG00000023397	0
ENSRNOG00000023400	2.54
ENSRNOG00000023403	6.41
ENSRNOG00000023404	2.48
ENSRNOG00000023407	10.92
ENSRNOG00000023410	0.96
ENSRNOG00000023411	5.66
ENSRNOG00000023412	3.57
ENSRNOG00000023418	0
ENSRNOG00000023427	0.02
ENSRNOG00000023428	1.07
ENSRNOG00000023430	0
ENSRNOG00000023431	2.49
ENSRNOG00000023433	0
ENSRNOG00000023434	2.42
ENSRNOG00000023440	0.06
ENSRNOG00000023446	12.36
ENSRNOG00000023449	0.07
ENSRNOG00000023452	0.19
ENSRNOG00000023453	5.79
ENSRNOG00000023455	28.35
ENSRNOG00000023456	21.54
ENSRNOG00000023457	0
ENSRNOG00000023458	9.66
ENSRNOG00000023459	9.34
ENSRNOG00000023463	3.19
ENSRNOG00000023465	1.58
ENSRNOG00000023467	63.5
ENSRNOG00000023469	0
ENSRNOG00000023473	5.79
ENSRNOG00000023474	0
ENSRNOG00000023476	0.23
ENSRNOG00000023477	0.13
ENSRNOG00000023480	30.74
ENSRNOG00000023484	7.14
ENSRNOG00000023485	2.92
ENSRNOG00000023492	1.68
ENSRNOG00000023493	0.17
ENSRNOG00000023494	6.74
ENSRNOG00000023496	9.97
ENSRNOG00000023497	0
ENSRNOG00000023508	0.04
ENSRNOG00000023509	15.48
ENSRNOG00000023511	0
ENSRNOG00000023520	135.6
ENSRNOG00000023521	36.46
ENSRNOG00000023528	0.44
ENSRNOG00000023529	177.9
ENSRNOG00000023530	0
ENSRNOG00000023531	0.59
ENSRNOG00000023532	0.48
ENSRNOG00000023533	15.82
ENSRNOG00000023536	0.24
ENSRNOG00000023538	38.42
ENSRNOG00000023541	7.52
ENSRNOG00000023546	4.99
ENSRNOG00000023547	0.13
ENSRNOG00000023548	2.89
ENSRNOG00000023549	11.03
ENSRNOG00000023551	0.06
ENSRNOG00000023557	0.02
ENSRNOG00000023561	0.11
ENSRNOG00000023566	0.52
ENSRNOG00000023576	1.51
ENSRNOG00000023577	12
ENSRNOG00000023578	0
ENSRNOG00000023579	6.89
ENSRNOG00000023587	4.67
ENSRNOG00000023588	0.12
ENSRNOG00000023589	15.79
ENSRNOG00000023591	12.58
ENSRNOG00000023593	14.06
ENSRNOG00000023601	18.37
ENSRNOG00000023603	2.49
ENSRNOG00000023605	23.51
ENSRNOG00000023612	0
ENSRNOG00000023614	0.41
ENSRNOG00000023622	0
ENSRNOG00000023627	2.63
ENSRNOG00000023628	0.38
ENSRNOG00000023633	5.89
ENSRNOG00000023637	0
ENSRNOG00000023639	12.57
ENSRNOG00000023640	0
ENSRNOG00000023643	13.28
ENSRNOG00000023650	50.29
ENSRNOG00000023657	4.7
ENSRNOG00000023659	0
ENSRNOG00000023661	55.82
ENSRNOG00000023664	2.45
ENSRNOG00000023668	27.53
ENSRNOG00000023679	1.09
ENSRNOG00000023683	2.81
ENSRNOG00000023686	0
ENSRNOG00000023688	40.41
ENSRNOG00000023698	0.01
ENSRNOG00000023700	5.97
ENSRNOG00000023708	26.26
ENSRNOG00000023712	0.6
ENSRNOG00000023720	37.89
ENSRNOG00000023721	2.33
ENSRNOG00000023733	3.24
ENSRNOG00000023746	8.37
ENSRNOG00000023753	15.94
ENSRNOG00000023760	7.16
ENSRNOG00000023762	5.13
ENSRNOG00000023764	25.68
ENSRNOG00000023765	5.05
ENSRNOG00000023768	14.86
ENSRNOG00000023774	0
ENSRNOG00000023778	3.56
ENSRNOG00000023781	20.28
ENSRNOG00000023786	31.41
ENSRNOG00000023794	0.55
ENSRNOG00000023799	4.38
ENSRNOG00000023803	0.48
ENSRNOG00000023805	0
ENSRNOG00000023807	16.63
ENSRNOG00000023809	20.83
ENSRNOG00000023812	8.86
ENSRNOG00000023814	8.31
ENSRNOG00000023816	33.18
ENSRNOG00000023824	0.04
ENSRNOG00000023828	10.8
ENSRNOG00000023830	11.2
ENSRNOG00000023831	0.32
ENSRNOG00000023833	0
ENSRNOG00000023837	14.12
ENSRNOG00000023841	11.56
ENSRNOG00000023847	0
ENSRNOG00000023850	8.67
ENSRNOG00000023851	5.95
ENSRNOG00000023856	0.04
ENSRNOG00000023858	0.12
ENSRNOG00000023861	69.26
ENSRNOG00000023863	1.55
ENSRNOG00000023870	0.33
ENSRNOG00000023874	16.14
ENSRNOG00000023879	0
ENSRNOG00000023881	0.17
ENSRNOG00000023892	0
ENSRNOG00000023895	0.05
ENSRNOG00000023896	6.25
ENSRNOG00000023899	0.88
ENSRNOG00000023908	1.41
ENSRNOG00000023910	17.65
ENSRNOG00000023917	0
ENSRNOG00000023919	48.59
ENSRNOG00000023920	1.72
ENSRNOG00000023923	4.59
ENSRNOG00000023931	0.16
ENSRNOG00000023935	34.22
ENSRNOG00000023936	0
ENSRNOG00000023937	0.38
ENSRNOG00000023941	0.26
ENSRNOG00000023943	0
ENSRNOG00000023946	13.67
ENSRNOG00000023951	16.36
ENSRNOG00000023953	0
ENSRNOG00000023960	0.07
ENSRNOG00000023965	0.03
ENSRNOG00000023968	3.5
ENSRNOG00000023969	3.18
ENSRNOG00000023972	9.32
ENSRNOG00000023985	3.26
ENSRNOG00000023989	4.98
ENSRNOG00000023991	0.92
ENSRNOG00000023993	228.84
ENSRNOG00000023995	1.68
ENSRNOG00000024000	1.43
ENSRNOG00000024008	3.15
ENSRNOG00000024009	0.07
ENSRNOG00000024012	5.84
ENSRNOG00000024016	0.04
ENSRNOG00000024019	9.76
ENSRNOG00000024022	57.54
ENSRNOG00000024025	17.28
ENSRNOG00000024026	0
ENSRNOG00000024027	7.6
ENSRNOG00000024028	0.08
ENSRNOG00000024030	0.07
ENSRNOG00000024036	22.8
ENSRNOG00000024039	76.43
ENSRNOG00000024040	23.38
ENSRNOG00000024041	1.05
ENSRNOG00000024043	2.39
ENSRNOG00000024046	0
ENSRNOG00000024053	0
ENSRNOG00000024056	7.34
ENSRNOG00000024061	11.15
ENSRNOG00000024065	6
ENSRNOG00000024066	10.66
ENSRNOG00000024068	0
ENSRNOG00000024071	9.24
ENSRNOG00000024073	0.62
ENSRNOG00000024077	0.9
ENSRNOG00000024082	0.24
ENSRNOG00000024085	8.08
ENSRNOG00000024089	4.19
ENSRNOG00000024093	0.03
ENSRNOG00000024101	18.56
ENSRNOG00000024104	15.42
ENSRNOG00000024111	0.94
ENSRNOG00000024112	18.04
ENSRNOG00000024114	3.68
ENSRNOG00000024115	0.13
ENSRNOG00000024119	0.05
ENSRNOG00000024120	1.76
ENSRNOG00000024125	76.98
ENSRNOG00000024127	4.98
ENSRNOG00000024128	96.62
ENSRNOG00000024135	11.87
ENSRNOG00000024136	6.75
ENSRNOG00000024138	0
ENSRNOG00000024139	1.5
ENSRNOG00000024140	29.65
ENSRNOG00000024142	58.44
ENSRNOG00000024144	44.52
ENSRNOG00000024145	6.55
ENSRNOG00000024149	40.67
ENSRNOG00000024159	21.14
ENSRNOG00000024161	1.23
ENSRNOG00000024169	0.15
ENSRNOG00000024170	15.87
ENSRNOG00000024172	3.01
ENSRNOG00000024177	3.64
ENSRNOG00000024178	0.66
ENSRNOG00000024181	0
ENSRNOG00000024182	0
ENSRNOG00000024186	78.32
ENSRNOG00000024190	0.16
ENSRNOG00000024194	8.82
ENSRNOG00000024197	0.55
ENSRNOG00000024200	0.03
ENSRNOG00000024201	0.44
ENSRNOG00000024204	0
ENSRNOG00000024207	2.38
ENSRNOG00000024208	0
ENSRNOG00000024210	0.39
ENSRNOG00000024212	14.3
ENSRNOG00000024213	17.07
ENSRNOG00000024217	0
ENSRNOG00000024221	1.5
ENSRNOG00000024230	1.42
ENSRNOG00000024233	0.11
ENSRNOG00000024237	0.57
ENSRNOG00000024239	23.83
ENSRNOG00000024241	18.58
ENSRNOG00000024243	217.71
ENSRNOG00000024245	2.92
ENSRNOG00000024250	5.45
ENSRNOG00000024256	0
ENSRNOG00000024257	0.11
ENSRNOG00000024259	0.92
ENSRNOG00000024264	6.85
ENSRNOG00000024266	3.45
ENSRNOG00000024271	0
ENSRNOG00000024272	3.57
ENSRNOG00000024277	1.61
ENSRNOG00000024278	27.54
ENSRNOG00000024280	0.67
ENSRNOG00000024283	0
ENSRNOG00000024288	0
ENSRNOG00000024294	10.57
ENSRNOG00000024298	0
ENSRNOG00000024309	142.19
ENSRNOG00000024310	14.8
ENSRNOG00000024312	3.28
ENSRNOG00000024322	24.33
ENSRNOG00000024330	0.29
ENSRNOG00000024331	0.05
ENSRNOG00000024335	6.15
ENSRNOG00000024336	26.06
ENSRNOG00000024338	2
ENSRNOG00000024342	0.26
ENSRNOG00000024345	0.73
ENSRNOG00000024346	0.09
ENSRNOG00000024349	71.44
ENSRNOG00000024350	0
ENSRNOG00000024352	6.86
ENSRNOG00000024363	3.64
ENSRNOG00000024364	0.97
ENSRNOG00000024365	0.14
ENSRNOG00000024366	0
ENSRNOG00000024372	4.27
ENSRNOG00000024376	9.26
ENSRNOG00000024382	1.82
ENSRNOG00000024384	0
ENSRNOG00000024390	0.09
ENSRNOG00000024402	10.2
ENSRNOG00000024410	13.26
ENSRNOG00000024411	10.58
ENSRNOG00000024412	0
ENSRNOG00000024413	0
ENSRNOG00000024414	12.01
ENSRNOG00000024420	0.05
ENSRNOG00000024425	0.16
ENSRNOG00000024426	11.79
ENSRNOG00000024428	3.95
ENSRNOG00000024429	0.1
ENSRNOG00000024433	0.77
ENSRNOG00000024435	25.45
ENSRNOG00000024437	51.25
ENSRNOG00000024438	0.07
ENSRNOG00000024445	9.98
ENSRNOG00000024446	0
ENSRNOG00000024450	3.01
ENSRNOG00000024452	9.31
ENSRNOG00000024454	19.4
ENSRNOG00000024455	28.15
ENSRNOG00000024456	3.02
ENSRNOG00000024457	0.64
ENSRNOG00000024460	13.62
ENSRNOG00000024461	3.02
ENSRNOG00000024462	0
ENSRNOG00000024468	6.22
ENSRNOG00000024470	10.86
ENSRNOG00000024479	14.5
ENSRNOG00000024482	11.99
ENSRNOG00000024492	33
ENSRNOG00000024494	0.41
ENSRNOG00000024497	24.76
ENSRNOG00000024499	0
ENSRNOG00000024501	24.66
ENSRNOG00000024503	9.13
ENSRNOG00000024504	0
ENSRNOG00000024505	0
ENSRNOG00000024506	6.85
ENSRNOG00000024507	3.12
ENSRNOG00000024508	0.11
ENSRNOG00000024509	0
ENSRNOG00000024517	0.05
ENSRNOG00000024521	0
ENSRNOG00000024523	0.5
ENSRNOG00000024525	4.31
ENSRNOG00000024526	1.01
ENSRNOG00000024527	0
ENSRNOG00000024530	9.81
ENSRNOG00000024533	8.85
ENSRNOG00000024535	11.51
ENSRNOG00000024536	0.13
ENSRNOG00000024539	55.02
ENSRNOG00000024543	2.37
ENSRNOG00000024545	1.49
ENSRNOG00000024549	14.96
ENSRNOG00000024553	4.79
ENSRNOG00000024557	0.54
ENSRNOG00000024560	0
ENSRNOG00000024562	8.86
ENSRNOG00000024563	4.22
ENSRNOG00000024566	2.52
ENSRNOG00000024567	8.68
ENSRNOG00000024568	61.49
ENSRNOG00000024569	6.58
ENSRNOG00000024577	43.75
ENSRNOG00000024578	53.35
ENSRNOG00000024580	1.11
ENSRNOG00000024591	0.05
ENSRNOG00000024594	11.37
ENSRNOG00000024595	6.34
ENSRNOG00000024601	10.2
ENSRNOG00000024602	7
ENSRNOG00000024603	247.98
ENSRNOG00000024604	0
ENSRNOG00000024605	13.24
ENSRNOG00000024616	0.52
ENSRNOG00000024617	10.69
ENSRNOG00000024620	0.19
ENSRNOG00000024623	0.27
ENSRNOG00000024625	5.33
ENSRNOG00000024628	0.33
ENSRNOG00000024629	48.88
ENSRNOG00000024630	0
ENSRNOG00000024631	10.33
ENSRNOG00000024632	13.68
ENSRNOG00000024634	0
ENSRNOG00000024635	5.33
ENSRNOG00000024636	5.91
ENSRNOG00000024640	0.51
ENSRNOG00000024641	5.23
ENSRNOG00000024647	14.62
ENSRNOG00000024650	0.51
ENSRNOG00000024651	0.81
ENSRNOG00000024657	3.19
ENSRNOG00000024661	12.81
ENSRNOG00000024663	17.21
ENSRNOG00000024671	10.06
ENSRNOG00000024677	29.16
ENSRNOG00000024678	0.79
ENSRNOG00000024685	0
ENSRNOG00000024688	0.19
ENSRNOG00000024689	16.51
ENSRNOG00000024693	1.6
ENSRNOG00000024700	0.07
ENSRNOG00000024703	13.58
ENSRNOG00000024705	10.74
ENSRNOG00000024707	0.3
ENSRNOG00000024709	0
ENSRNOG00000024711	3.14
ENSRNOG00000024712	7.13
ENSRNOG00000024717	0.04
ENSRNOG00000024726	0.66
ENSRNOG00000024728	3.46
ENSRNOG00000024729	0.11
ENSRNOG00000024730	35.01
ENSRNOG00000024733	0.42
ENSRNOG00000024737	17.7
ENSRNOG00000024743	19.3
ENSRNOG00000024746	0
ENSRNOG00000024751	7.3
ENSRNOG00000024754	2.07
ENSRNOG00000024755	0.19
ENSRNOG00000024757	60.94
ENSRNOG00000024762	0.09
ENSRNOG00000024763	0.15
ENSRNOG00000024766	0.08
ENSRNOG00000024779	16.54
ENSRNOG00000024780	2.52
ENSRNOG00000024785	0
ENSRNOG00000024786	10.76
ENSRNOG00000024788	0
ENSRNOG00000024789	1.79
ENSRNOG00000024793	6.53
ENSRNOG00000024794	0
ENSRNOG00000024795	1.68
ENSRNOG00000024796	19.02
ENSRNOG00000024798	3.5
ENSRNOG00000024799	2.93
ENSRNOG00000024801	15.04
ENSRNOG00000024808	31.31
ENSRNOG00000024809	8.71
ENSRNOG00000024813	24.74
ENSRNOG00000024815	0
ENSRNOG00000024818	5.03
ENSRNOG00000024824	0.21
ENSRNOG00000024825	10.99
ENSRNOG00000024829	2.84
ENSRNOG00000024832	34.76
ENSRNOG00000024837	0
ENSRNOG00000024838	0.16
ENSRNOG00000024839	6.21
ENSRNOG00000024843	0
ENSRNOG00000024844	0
ENSRNOG00000024845	28.13
ENSRNOG00000024846	6.08
ENSRNOG00000024848	0.02
ENSRNOG00000024849	6.85
ENSRNOG00000024852	52.46
ENSRNOG00000024863	6.96
ENSRNOG00000024867	23.03
ENSRNOG00000024870	36.27
ENSRNOG00000024874	37.84
ENSRNOG00000024877	0
ENSRNOG00000024878	0.52
ENSRNOG00000024879	8.9
ENSRNOG00000024880	0
ENSRNOG00000024882	0
ENSRNOG00000024884	0
ENSRNOG00000024885	0.06
ENSRNOG00000024886	5.64
ENSRNOG00000024889	0
ENSRNOG00000024899	0
ENSRNOG00000024903	0
ENSRNOG00000024904	2.14
ENSRNOG00000024905	3.93
ENSRNOG00000024907	9.59
ENSRNOG00000024917	1.01
ENSRNOG00000024918	5.47
ENSRNOG00000024922	0.89
ENSRNOG00000024923	140.86
ENSRNOG00000024924	34.62
ENSRNOG00000024928	0
ENSRNOG00000024929	5.43
ENSRNOG00000024930	18.62
ENSRNOG00000024931	1.3
ENSRNOG00000024934	6.08
ENSRNOG00000024945	9.24
ENSRNOG00000024947	0.16
ENSRNOG00000024952	0.16
ENSRNOG00000024953	11.14
ENSRNOG00000024954	11.27
ENSRNOG00000024955	10.86
ENSRNOG00000024957	0.55
ENSRNOG00000024960	1.59
ENSRNOG00000024961	11.17
ENSRNOG00000024964	15.3
ENSRNOG00000024967	42.71
ENSRNOG00000024969	0
ENSRNOG00000024970	4.9
ENSRNOG00000024972	8.02
ENSRNOG00000024975	0.81
ENSRNOG00000024986	0
ENSRNOG00000024990	0.44
ENSRNOG00000024991	0
ENSRNOG00000024998	5.17
ENSRNOG00000025000	21.72
ENSRNOG00000025001	1.77
ENSRNOG00000025003	5.86
ENSRNOG00000025005	1.92
ENSRNOG00000025011	16.92
ENSRNOG00000025012	6.74
ENSRNOG00000025014	0.23
ENSRNOG00000025023	2.04
ENSRNOG00000025025	12.96
ENSRNOG00000025028	2.95
ENSRNOG00000025030	5.04
ENSRNOG00000025031	0
ENSRNOG00000025034	13.28
ENSRNOG00000025037	2.85
ENSRNOG00000025040	38.66
ENSRNOG00000025042	2.01
ENSRNOG00000025046	0
ENSRNOG00000025049	0
ENSRNOG00000025051	0.97
ENSRNOG00000025052	9.38
ENSRNOG00000025053	63.74
ENSRNOG00000025055	0.42
ENSRNOG00000025059	9.23
ENSRNOG00000025060	5.13
ENSRNOG00000025061	6.17
ENSRNOG00000025065	4.28
ENSRNOG00000025067	3.93
ENSRNOG00000025069	0.03
ENSRNOG00000025071	20.57
ENSRNOG00000025074	0.08
ENSRNOG00000025075	4.12
ENSRNOG00000025076	28.66
ENSRNOG00000025079	18.33
ENSRNOG00000025087	0
ENSRNOG00000025088	0.04
ENSRNOG00000025094	0.46
ENSRNOG00000025100	3.45
ENSRNOG00000025108	2
ENSRNOG00000025110	2.17
ENSRNOG00000025111	0.57
ENSRNOG00000025115	0.63
ENSRNOG00000025117	0.07
ENSRNOG00000025119	0
ENSRNOG00000025120	2.48
ENSRNOG00000025121	0.92
ENSRNOG00000025122	1.91
ENSRNOG00000025126	0.94
ENSRNOG00000025130	6.6
ENSRNOG00000025140	2.31
ENSRNOG00000025141	4.06
ENSRNOG00000025142	3.69
ENSRNOG00000025143	3.74
ENSRNOG00000025145	11.64
ENSRNOG00000025151	21.16
ENSRNOG00000025154	2.5
ENSRNOG00000025155	28.54
ENSRNOG00000025156	0
ENSRNOG00000025157	0.77
ENSRNOG00000025160	15.97
ENSRNOG00000025163	0
ENSRNOG00000025164	0.37
ENSRNOG00000025167	5.23
ENSRNOG00000025174	13.22
ENSRNOG00000025179	0.96
ENSRNOG00000025181	10.86
ENSRNOG00000025184	1.24
ENSRNOG00000025185	7.52
ENSRNOG00000025189	2.15
ENSRNOG00000025198	0.16
ENSRNOG00000025200	0
ENSRNOG00000025209	10.82
ENSRNOG00000025211	0
ENSRNOG00000025212	1.04
ENSRNOG00000025214	0
ENSRNOG00000025216	0.55
ENSRNOG00000025217	0.67
ENSRNOG00000025219	0
ENSRNOG00000025220	0
ENSRNOG00000025222	12.95
ENSRNOG00000025231	0.25
ENSRNOG00000025233	0
ENSRNOG00000025235	149.62
ENSRNOG00000025238	0
ENSRNOG00000025239	1.39
ENSRNOG00000025244	21.86
ENSRNOG00000025245	6.7
ENSRNOG00000025247	0.02
ENSRNOG00000025251	0
ENSRNOG00000025252	6.23
ENSRNOG00000025254	0.55
ENSRNOG00000025261	0
ENSRNOG00000025269	16.12
ENSRNOG00000025273	0.26
ENSRNOG00000025274	54.28
ENSRNOG00000025278	3.38
ENSRNOG00000025285	13.04
ENSRNOG00000025286	10.98
ENSRNOG00000025287	0.83
ENSRNOG00000025290	0.13
ENSRNOG00000025293	0.08
ENSRNOG00000025295	5.7
ENSRNOG00000025296	36.83
ENSRNOG00000025297	0.11
ENSRNOG00000025300	0.03
ENSRNOG00000025302	0.23
ENSRNOG00000025310	14.14
ENSRNOG00000025317	13.93
ENSRNOG00000025318	5.26
ENSRNOG00000025321	0.03
ENSRNOG00000025324	26.08
ENSRNOG00000025327	0.99
ENSRNOG00000025332	0.39
ENSRNOG00000025338	32.75
ENSRNOG00000025340	0
ENSRNOG00000025344	0.02
ENSRNOG00000025349	16.36
ENSRNOG00000025350	2.86
ENSRNOG00000025353	2.5
ENSRNOG00000025354	1.24
ENSRNOG00000025359	0
ENSRNOG00000025360	1.13
ENSRNOG00000025365	1.01
ENSRNOG00000025369	0
ENSRNOG00000025370	0.58
ENSRNOG00000025371	2.43
ENSRNOG00000025372	8.04
ENSRNOG00000025375	1.05
ENSRNOG00000025377	0.2
ENSRNOG00000025378	0.63
ENSRNOG00000025383	67.4
ENSRNOG00000025384	1.22
ENSRNOG00000025385	6.34
ENSRNOG00000025388	71.27
ENSRNOG00000025394	19.65
ENSRNOG00000025404	0
ENSRNOG00000025406	1.81
ENSRNOG00000025408	2.82
ENSRNOG00000025415	1.1
ENSRNOG00000025416	7.63
ENSRNOG00000025418	11.53
ENSRNOG00000025420	0.07
ENSRNOG00000025422	0
ENSRNOG00000025423	5.3
ENSRNOG00000025424	12.24
ENSRNOG00000025428	1.06
ENSRNOG00000025430	6.66
ENSRNOG00000025433	0
ENSRNOG00000025443	106.41
ENSRNOG00000025444	0.64
ENSRNOG00000025448	26.17
ENSRNOG00000025453	0.07
ENSRNOG00000025454	12.09
ENSRNOG00000025459	32.65
ENSRNOG00000025460	0.15
ENSRNOG00000025462	13.34
ENSRNOG00000025463	71.75
ENSRNOG00000025473	0.59
ENSRNOG00000025476	0.74
ENSRNOG00000025480	0.17
ENSRNOG00000025481	91.71
ENSRNOG00000025484	3.79
ENSRNOG00000025487	0
ENSRNOG00000025489	0.16
ENSRNOG00000025494	3.33
ENSRNOG00000025496	42.89
ENSRNOG00000025497	7.55
ENSRNOG00000025498	0.25
ENSRNOG00000025501	1.08
ENSRNOG00000025502	4.14
ENSRNOG00000025503	0.3
ENSRNOG00000025504	60.47
ENSRNOG00000025509	32.99
ENSRNOG00000025512	6.67
ENSRNOG00000025515	0
ENSRNOG00000025516	0.24
ENSRNOG00000025518	11.61
ENSRNOG00000025519	0
ENSRNOG00000025520	0
ENSRNOG00000025522	0.05
ENSRNOG00000025523	4.66
ENSRNOG00000025527	11.58
ENSRNOG00000025528	22.76
ENSRNOG00000025534	0
ENSRNOG00000025536	0
ENSRNOG00000025539	5.3
ENSRNOG00000025541	0
ENSRNOG00000025545	11.73
ENSRNOG00000025551	1.98
ENSRNOG00000025554	13.51
ENSRNOG00000025558	8.34
ENSRNOG00000025562	0
ENSRNOG00000025570	50.81
ENSRNOG00000025571	0.24
ENSRNOG00000025580	84.44
ENSRNOG00000025581	0.15
ENSRNOG00000025584	148.7
ENSRNOG00000025587	0.99
ENSRNOG00000025589	73.35
ENSRNOG00000025590	0.55
ENSRNOG00000025592	23.62
ENSRNOG00000025594	59.4
ENSRNOG00000025596	2.72
ENSRNOG00000025597	0
ENSRNOG00000025601	0.14
ENSRNOG00000025602	36.6
ENSRNOG00000025603	0.15
ENSRNOG00000025604	2.11
ENSRNOG00000025608	0.21
ENSRNOG00000025612	40.51
ENSRNOG00000025615	0.14
ENSRNOG00000025618	0
ENSRNOG00000025619	14.54
ENSRNOG00000025624	15.46
ENSRNOG00000025625	4.14
ENSRNOG00000025626	0.33
ENSRNOG00000025629	12.38
ENSRNOG00000025630	0.53
ENSRNOG00000025634	11.61
ENSRNOG00000025637	0.03
ENSRNOG00000025638	0.52
ENSRNOG00000025639	1.13
ENSRNOG00000025640	0.06
ENSRNOG00000025641	0.15
ENSRNOG00000025643	6.3
ENSRNOG00000025644	12.43
ENSRNOG00000025645	0
ENSRNOG00000025648	0.85
ENSRNOG00000025651	1.83
ENSRNOG00000025669	7.27
ENSRNOG00000025670	0.06
ENSRNOG00000025672	0.14
ENSRNOG00000025676	2.03
ENSRNOG00000025679	15.13
ENSRNOG00000025687	0
ENSRNOG00000025689	5.08
ENSRNOG00000025691	18.92
ENSRNOG00000025693	0.07
ENSRNOG00000025695	30.58
ENSRNOG00000025701	14.38
ENSRNOG00000025702	4.71
ENSRNOG00000025704	4.65
ENSRNOG00000025705	24.78
ENSRNOG00000025710	2.04
ENSRNOG00000025711	11.48
ENSRNOG00000025713	0
ENSRNOG00000025715	166.01
ENSRNOG00000025716	6.19
ENSRNOG00000025720	0
ENSRNOG00000025721	0
ENSRNOG00000025724	2.64
ENSRNOG00000025725	0.26
ENSRNOG00000025726	0.1
ENSRNOG00000025728	0.15
ENSRNOG00000025730	50.39
ENSRNOG00000025731	13.29
ENSRNOG00000025735	0.11
ENSRNOG00000025736	0.06
ENSRNOG00000025742	4.36
ENSRNOG00000025745	38.23
ENSRNOG00000025757	9.94
ENSRNOG00000025764	2.78
ENSRNOG00000025767	0
ENSRNOG00000025768	90.46
ENSRNOG00000025781	1.27
ENSRNOG00000025787	1.87
ENSRNOG00000025791	66
ENSRNOG00000025792	44.75
ENSRNOG00000025793	26.19
ENSRNOG00000025794	0
ENSRNOG00000025796	1.68
ENSRNOG00000025797	0
ENSRNOG00000025799	0
ENSRNOG00000025805	0.03
ENSRNOG00000025806	15.73
ENSRNOG00000025808	5.36
ENSRNOG00000025809	0.11
ENSRNOG00000025810	29.46
ENSRNOG00000025811	11.77
ENSRNOG00000025815	19.14
ENSRNOG00000025818	7.78
ENSRNOG00000025819	0
ENSRNOG00000025823	0.94
ENSRNOG00000025832	46.08
ENSRNOG00000025843	1.51
ENSRNOG00000025848	0.14
ENSRNOG00000025857	0
ENSRNOG00000025860	0.55
ENSRNOG00000025862	0
ENSRNOG00000025864	4.44
ENSRNOG00000025868	0.12
ENSRNOG00000025881	5.58
ENSRNOG00000025882	0.02
ENSRNOG00000025883	0.69
ENSRNOG00000025889	17.79
ENSRNOG00000025890	17.18
ENSRNOG00000025892	8.76
ENSRNOG00000025895	2.97
ENSRNOG00000025898	1.45
ENSRNOG00000025899	3.73
ENSRNOG00000025909	55.06
ENSRNOG00000025910	9.33
ENSRNOG00000025923	18.83
ENSRNOG00000025925	0.05
ENSRNOG00000025926	11.71
ENSRNOG00000025930	0.5
ENSRNOG00000025931	0
ENSRNOG00000025934	0
ENSRNOG00000025936	115.1
ENSRNOG00000025937	4.49
ENSRNOG00000025938	1.11
ENSRNOG00000025940	46.12
ENSRNOG00000025946	0.57
ENSRNOG00000025948	1.28
ENSRNOG00000025949	0.06
ENSRNOG00000025951	0
ENSRNOG00000025953	0
ENSRNOG00000025957	0
ENSRNOG00000025959	0.26
ENSRNOG00000025964	1.66
ENSRNOG00000025970	7.27
ENSRNOG00000025979	0.23
ENSRNOG00000025980	2.83
ENSRNOG00000025981	3.69
ENSRNOG00000025982	0
ENSRNOG00000025987	0.12
ENSRNOG00000025990	0
ENSRNOG00000025991	10.05
ENSRNOG00000025994	0.11
ENSRNOG00000025997	7.03
ENSRNOG00000025998	1.11
ENSRNOG00000026005	6.2
ENSRNOG00000026008	7.9
ENSRNOG00000026023	2.8
ENSRNOG00000026025	0
ENSRNOG00000026033	0
ENSRNOG00000026035	0.11
ENSRNOG00000026036	34.11
ENSRNOG00000026037	0.02
ENSRNOG00000026039	0.19
ENSRNOG00000026040	5.29
ENSRNOG00000026044	7.92
ENSRNOG00000026046	0
ENSRNOG00000026048	23.49
ENSRNOG00000026049	6.65
ENSRNOG00000026050	12.76
ENSRNOG00000026051	7.18
ENSRNOG00000026053	0.22
ENSRNOG00000026055	0.23
ENSRNOG00000026056	0.03
ENSRNOG00000026059	32.89
ENSRNOG00000026060	0.11
ENSRNOG00000026061	0.44
ENSRNOG00000026065	4.33
ENSRNOG00000026067	0
ENSRNOG00000026080	0.79
ENSRNOG00000026085	4.57
ENSRNOG00000026086	0.44
ENSRNOG00000026087	0.16
ENSRNOG00000026091	13
ENSRNOG00000026094	0
ENSRNOG00000026096	0
ENSRNOG00000026108	7.22
ENSRNOG00000026109	38.53
ENSRNOG00000026110	1.05
ENSRNOG00000026111	0.52
ENSRNOG00000026112	1.11
ENSRNOG00000026114	2.74
ENSRNOG00000026115	6.28
ENSRNOG00000026116	1.67
ENSRNOG00000026120	33.48
ENSRNOG00000026124	48.81
ENSRNOG00000026128	3.22
ENSRNOG00000026132	5.17
ENSRNOG00000026133	0
ENSRNOG00000026134	0.44
ENSRNOG00000026136	1.68
ENSRNOG00000026143	0.39
ENSRNOG00000026150	1.06
ENSRNOG00000026152	0
ENSRNOG00000026157	3.33
ENSRNOG00000026162	3.32
ENSRNOG00000026163	23.39
ENSRNOG00000026169	0.35
ENSRNOG00000026171	24.85
ENSRNOG00000026175	0
ENSRNOG00000026176	0.22
ENSRNOG00000026177	0.43
ENSRNOG00000026178	72.79
ENSRNOG00000026180	15.44
ENSRNOG00000026186	9.24
ENSRNOG00000026192	0
ENSRNOG00000026195	0
ENSRNOG00000026196	0.12
ENSRNOG00000026203	0.03
ENSRNOG00000026204	4.8
ENSRNOG00000026207	0
ENSRNOG00000026208	0
ENSRNOG00000026211	9.51
ENSRNOG00000026212	18.14
ENSRNOG00000026215	0.94
ENSRNOG00000026217	2.09
ENSRNOG00000026225	0
ENSRNOG00000026226	9.52
ENSRNOG00000026227	0
ENSRNOG00000026231	0
ENSRNOG00000026232	0.07
ENSRNOG00000026234	0.17
ENSRNOG00000026235	0.06
ENSRNOG00000026236	9.97
ENSRNOG00000026238	21.11
ENSRNOG00000026239	7.99
ENSRNOG00000026243	84.1
ENSRNOG00000026247	0
ENSRNOG00000026248	34.39
ENSRNOG00000026252	0.25
ENSRNOG00000026260	28.91
ENSRNOG00000026262	0.11
ENSRNOG00000026265	0
ENSRNOG00000026267	12
ENSRNOG00000026271	9.16
ENSRNOG00000026277	6.37
ENSRNOG00000026280	0.92
ENSRNOG00000026286	6.22
ENSRNOG00000026293	20.51
ENSRNOG00000026295	5.4
ENSRNOG00000026296	0.28
ENSRNOG00000026297	0.04
ENSRNOG00000026299	12.81
ENSRNOG00000026302	1.24
ENSRNOG00000026306	0.15
ENSRNOG00000026309	0.11
ENSRNOG00000026310	1.52
ENSRNOG00000026315	0.1
ENSRNOG00000026316	7.87
ENSRNOG00000026319	13.03
ENSRNOG00000026323	0.56
ENSRNOG00000026324	2.3
ENSRNOG00000026328	10.54
ENSRNOG00000026333	0
ENSRNOG00000026336	6.77
ENSRNOG00000026344	1.57
ENSRNOG00000026346	0
ENSRNOG00000026351	0
ENSRNOG00000026371	0.93
ENSRNOG00000026374	0.15
ENSRNOG00000026376	0
ENSRNOG00000026378	0
ENSRNOG00000026379	12.21
ENSRNOG00000026387	0
ENSRNOG00000026392	2.13
ENSRNOG00000026400	0
ENSRNOG00000026403	5.38
ENSRNOG00000026407	8.59
ENSRNOG00000026408	3.06
ENSRNOG00000026415	0.55
ENSRNOG00000026419	0.12
ENSRNOG00000026420	0.47
ENSRNOG00000026425	39.62
ENSRNOG00000026428	0
ENSRNOG00000026430	0.13
ENSRNOG00000026432	64.88
ENSRNOG00000026435	2.2
ENSRNOG00000026440	0
ENSRNOG00000026446	0.27
ENSRNOG00000026447	4.43
ENSRNOG00000026455	16.77
ENSRNOG00000026458	8.28
ENSRNOG00000026462	0
ENSRNOG00000026466	4.32
ENSRNOG00000026474	6.06
ENSRNOG00000026488	1.45
ENSRNOG00000026489	0
ENSRNOG00000026490	40.73
ENSRNOG00000026493	0.66
ENSRNOG00000026497	12.41
ENSRNOG00000026501	0
ENSRNOG00000026502	1.22
ENSRNOG00000026503	0.16
ENSRNOG00000026504	4.73
ENSRNOG00000026508	1.36
ENSRNOG00000026514	0.71
ENSRNOG00000026517	18.78
ENSRNOG00000026518	0.3
ENSRNOG00000026519	0.18
ENSRNOG00000026523	0.38
ENSRNOG00000026527	33.92
ENSRNOG00000026528	32.39
ENSRNOG00000026542	9.29
ENSRNOG00000026548	0.11
ENSRNOG00000026564	8.83
ENSRNOG00000026569	4.13
ENSRNOG00000026572	0.44
ENSRNOG00000026573	6.74
ENSRNOG00000026577	13.93
ENSRNOG00000026578	0
ENSRNOG00000026579	1.22
ENSRNOG00000026582	1.23
ENSRNOG00000026584	0
ENSRNOG00000026585	0.95
ENSRNOG00000026589	51.55
ENSRNOG00000026592	1.13
ENSRNOG00000026594	0.45
ENSRNOG00000026596	0
ENSRNOG00000026600	0.23
ENSRNOG00000026604	7.38
ENSRNOG00000026605	0.43
ENSRNOG00000026607	0.03
ENSRNOG00000026610	23.18
ENSRNOG00000026613	0
ENSRNOG00000026616	92.99
ENSRNOG00000026617	0.12
ENSRNOG00000026629	0.19
ENSRNOG00000026634	0
ENSRNOG00000026636	25.21
ENSRNOG00000026643	14.81
ENSRNOG00000026644	2.42
ENSRNOG00000026646	93.76
ENSRNOG00000026647	1.25
ENSRNOG00000026649	10.79
ENSRNOG00000026650	0.21
ENSRNOG00000026653	0.36
ENSRNOG00000026659	0
ENSRNOG00000026661	0.05
ENSRNOG00000026662	4.84
ENSRNOG00000026669	0
ENSRNOG00000026672	0.29
ENSRNOG00000026675	0
ENSRNOG00000026676	0.33
ENSRNOG00000026679	149
ENSRNOG00000026686	0
ENSRNOG00000026690	5.89
ENSRNOG00000026691	7.16
ENSRNOG00000026695	0
ENSRNOG00000026697	0
ENSRNOG00000026702	0.91
ENSRNOG00000026704	8.78
ENSRNOG00000026705	13.88
ENSRNOG00000026712	0
ENSRNOG00000026714	0
ENSRNOG00000026715	0
ENSRNOG00000026716	97.71
ENSRNOG00000026725	0.12
ENSRNOG00000026740	0
ENSRNOG00000026742	53.98
ENSRNOG00000026745	50.34
ENSRNOG00000026748	10.27
ENSRNOG00000026753	1.89
ENSRNOG00000026754	22.41
ENSRNOG00000026759	0
ENSRNOG00000026762	0.66
ENSRNOG00000026764	0
ENSRNOG00000026770	5.81
ENSRNOG00000026775	30.53
ENSRNOG00000026782	0
ENSRNOG00000026783	3.21
ENSRNOG00000026786	0
ENSRNOG00000026787	78.54
ENSRNOG00000026791	32.03
ENSRNOG00000026793	22.37
ENSRNOG00000026794	0
ENSRNOG00000026797	0.19
ENSRNOG00000026799	5.39
ENSRNOG00000026801	0
ENSRNOG00000026803	0
ENSRNOG00000026805	0
ENSRNOG00000026807	0.49
ENSRNOG00000026811	0
ENSRNOG00000026813	1.87
ENSRNOG00000026817	0
ENSRNOG00000026821	1.75
ENSRNOG00000026828	8.11
ENSRNOG00000026833	24.72
ENSRNOG00000026836	0.07
ENSRNOG00000026840	9.9
ENSRNOG00000026842	19.45
ENSRNOG00000026844	0.12
ENSRNOG00000026845	1.26
ENSRNOG00000026848	0
ENSRNOG00000026853	1.94
ENSRNOG00000026855	2.02
ENSRNOG00000026857	2.11
ENSRNOG00000026861	6.73
ENSRNOG00000026864	0
ENSRNOG00000026866	6.98
ENSRNOG00000026870	1.5
ENSRNOG00000026873	0
ENSRNOG00000026874	6.84
ENSRNOG00000026875	0
ENSRNOG00000026880	6.67
ENSRNOG00000026883	0.06
ENSRNOG00000026884	38.29
ENSRNOG00000026885	0
ENSRNOG00000026891	0
ENSRNOG00000026898	1.72
ENSRNOG00000026899	0
ENSRNOG00000026900	23.88
ENSRNOG00000026902	1.32
ENSRNOG00000026905	24.35
ENSRNOG00000026907	1.46
ENSRNOG00000026910	0.1
ENSRNOG00000026912	0
ENSRNOG00000026913	5.05
ENSRNOG00000026914	0.57
ENSRNOG00000026917	0.06
ENSRNOG00000026918	0.12
ENSRNOG00000026919	0.71
ENSRNOG00000026928	2.17
ENSRNOG00000026936	0.38
ENSRNOG00000026937	5.22
ENSRNOG00000026940	0.3
ENSRNOG00000026941	36.33
ENSRNOG00000026942	7.75
ENSRNOG00000026944	1.03
ENSRNOG00000026951	2.73
ENSRNOG00000026952	0
ENSRNOG00000026953	108.34
ENSRNOG00000026957	0
ENSRNOG00000026958	3.71
ENSRNOG00000026962	17.73
ENSRNOG00000026963	118.18
ENSRNOG00000026964	5.52
ENSRNOG00000026965	2.68
ENSRNOG00000026969	0
ENSRNOG00000026974	19.16
ENSRNOG00000026976	0
ENSRNOG00000026978	12.16
ENSRNOG00000026979	6.88
ENSRNOG00000026981	5.86
ENSRNOG00000026982	8.25
ENSRNOG00000026985	92.9
ENSRNOG00000026989	0.31
ENSRNOG00000026991	0.23
ENSRNOG00000026994	9.25
ENSRNOG00000027000	0
ENSRNOG00000027002	0.45
ENSRNOG00000027004	0
ENSRNOG00000027006	6.5
ENSRNOG00000027008	1.83
ENSRNOG00000027012	69.09
ENSRNOG00000027014	0.55
ENSRNOG00000027015	20.91
ENSRNOG00000027016	7.71
ENSRNOG00000027017	2.81
ENSRNOG00000027022	4.7
ENSRNOG00000027024	30.52
ENSRNOG00000027026	14.23
ENSRNOG00000027028	0
ENSRNOG00000027030	1.49
ENSRNOG00000027032	9.45
ENSRNOG00000027035	0.08
ENSRNOG00000027037	0.69
ENSRNOG00000027039	13.06
ENSRNOG00000027040	9.19
ENSRNOG00000027042	0.04
ENSRNOG00000027049	159.81
ENSRNOG00000027052	0.18
ENSRNOG00000027055	0
ENSRNOG00000027057	15.19
ENSRNOG00000027060	0
ENSRNOG00000027061	0.78
ENSRNOG00000027063	0
ENSRNOG00000027066	3.42
ENSRNOG00000027079	0
ENSRNOG00000027087	10.63
ENSRNOG00000027088	24.23
ENSRNOG00000027089	14.31
ENSRNOG00000027091	3.61
ENSRNOG00000027096	0.31
ENSRNOG00000027098	63.27
ENSRNOG00000027099	12.64
ENSRNOG00000027102	0
ENSRNOG00000027103	0.83
ENSRNOG00000027109	0.47
ENSRNOG00000027112	0
ENSRNOG00000027115	1.93
ENSRNOG00000027124	11.77
ENSRNOG00000027125	0.61
ENSRNOG00000027126	15.31
ENSRNOG00000027136	11.62
ENSRNOG00000027139	0.23
ENSRNOG00000027142	0
ENSRNOG00000027145	9.11
ENSRNOG00000027151	35.1
ENSRNOG00000027152	1.48
ENSRNOG00000027156	33.08
ENSRNOG00000027157	3.37
ENSRNOG00000027161	8.8
ENSRNOG00000027171	0
ENSRNOG00000027175	7.54
ENSRNOG00000027183	20.28
ENSRNOG00000027186	0
ENSRNOG00000027191	10.93
ENSRNOG00000027193	9.31
ENSRNOG00000027194	26.82
ENSRNOG00000027195	0
ENSRNOG00000027196	0
ENSRNOG00000027204	30.54
ENSRNOG00000027212	0.4
ENSRNOG00000027213	12.97
ENSRNOG00000027220	3.59
ENSRNOG00000027221	0
ENSRNOG00000027225	0.05
ENSRNOG00000027228	1.14
ENSRNOG00000027229	5.35
ENSRNOG00000027230	12.62
ENSRNOG00000027232	3.56
ENSRNOG00000027233	1.78
ENSRNOG00000027234	5.02
ENSRNOG00000027238	3.48
ENSRNOG00000027239	0.07
ENSRNOG00000027240	75.01
ENSRNOG00000027245	7.23
ENSRNOG00000027246	0
ENSRNOG00000027249	3.2
ENSRNOG00000027250	8.47
ENSRNOG00000027253	4.27
ENSRNOG00000027254	0
ENSRNOG00000027257	2.32
ENSRNOG00000027259	9.36
ENSRNOG00000027260	26.78
ENSRNOG00000027263	1.4
ENSRNOG00000027264	25.28
ENSRNOG00000027271	6.42
ENSRNOG00000027276	7.09
ENSRNOG00000027277	3.93
ENSRNOG00000027278	3.02
ENSRNOG00000027282	12.56
ENSRNOG00000027286	6.3
ENSRNOG00000027288	0
ENSRNOG00000027290	4.54
ENSRNOG00000027295	4.83
ENSRNOG00000027296	5.52
ENSRNOG00000027299	0.96
ENSRNOG00000027300	64.62
ENSRNOG00000027305	0
ENSRNOG00000027309	1.45
ENSRNOG00000027311	0.03
ENSRNOG00000027317	20.6
ENSRNOG00000027319	0.44
ENSRNOG00000027326	13.86
ENSRNOG00000027328	0
ENSRNOG00000027331	0.14
ENSRNOG00000027332	3.67
ENSRNOG00000027341	11.83
ENSRNOG00000027343	0.03
ENSRNOG00000027350	0
ENSRNOG00000027355	6.78
ENSRNOG00000027357	3.35
ENSRNOG00000027359	1.08
ENSRNOG00000027360	51.88
ENSRNOG00000027365	0
ENSRNOG00000027368	32.32
ENSRNOG00000027370	0
ENSRNOG00000027374	1.14
ENSRNOG00000027376	1.38
ENSRNOG00000027380	0
ENSRNOG00000027383	0
ENSRNOG00000027392	0.31
ENSRNOG00000027393	1.37
ENSRNOG00000027400	5.37
ENSRNOG00000027405	49.08
ENSRNOG00000027408	29.88
ENSRNOG00000027410	2.12
ENSRNOG00000027422	7.18
ENSRNOG00000027423	0
ENSRNOG00000027430	1.26
ENSRNOG00000027431	0
ENSRNOG00000027432	1.18
ENSRNOG00000027433	0
ENSRNOG00000027434	8.34
ENSRNOG00000027436	4.36
ENSRNOG00000027444	2.97
ENSRNOG00000027445	0.25
ENSRNOG00000027447	8.83
ENSRNOG00000027451	3.77
ENSRNOG00000027455	5.38
ENSRNOG00000027456	1.36
ENSRNOG00000027459	8.13
ENSRNOG00000027463	5.42
ENSRNOG00000027466	0.53
ENSRNOG00000027468	16.91
ENSRNOG00000027469	2.33
ENSRNOG00000027478	0.23
ENSRNOG00000027480	0.24
ENSRNOG00000027487	42.22
ENSRNOG00000027489	9.75
ENSRNOG00000027491	26.8
ENSRNOG00000027498	3.88
ENSRNOG00000027502	5.36
ENSRNOG00000027503	120.81
ENSRNOG00000027505	0
ENSRNOG00000027506	0
ENSRNOG00000027510	0
ENSRNOG00000027511	2.59
ENSRNOG00000027513	18.52
ENSRNOG00000027514	74.69
ENSRNOG00000027516	0.17
ENSRNOG00000027520	42.03
ENSRNOG00000027522	0
ENSRNOG00000027533	0
ENSRNOG00000027540	16.35
ENSRNOG00000027542	5.39
ENSRNOG00000027547	2.46
ENSRNOG00000027550	7.67
ENSRNOG00000027552	4.68
ENSRNOG00000027557	0.02
ENSRNOG00000027564	0.18
ENSRNOG00000027569	15.56
ENSRNOG00000027574	0.46
ENSRNOG00000027582	14.58
ENSRNOG00000027590	13.44
ENSRNOG00000027592	9.26
ENSRNOG00000027593	4.93
ENSRNOG00000027595	0
ENSRNOG00000027596	9.52
ENSRNOG00000027601	0.7
ENSRNOG00000027606	5.66
ENSRNOG00000027607	0
ENSRNOG00000027617	2.91
ENSRNOG00000027622	18.73
ENSRNOG00000027623	29.24
ENSRNOG00000027628	16.41
ENSRNOG00000027630	7.57
ENSRNOG00000027633	0
ENSRNOG00000027645	68.06
ENSRNOG00000027646	20.08
ENSRNOG00000027654	17.06
ENSRNOG00000027655	0
ENSRNOG00000027656	0
ENSRNOG00000027658	4.3
ENSRNOG00000027660	0.04
ENSRNOG00000027690	21.96
ENSRNOG00000027691	0
ENSRNOG00000027692	0
ENSRNOG00000027694	20.16
ENSRNOG00000027697	36.94
ENSRNOG00000027702	0
ENSRNOG00000027705	0
ENSRNOG00000027707	16.07
ENSRNOG00000027711	27.16
ENSRNOG00000027719	5.42
ENSRNOG00000027722	28.16
ENSRNOG00000027724	4.06
ENSRNOG00000027728	14.26
ENSRNOG00000027730	2.62
ENSRNOG00000027731	1.49
ENSRNOG00000027733	0.67
ENSRNOG00000027736	0
ENSRNOG00000027739	1.14
ENSRNOG00000027742	1.37
ENSRNOG00000027747	1.39
ENSRNOG00000027756	5.47
ENSRNOG00000027761	21.59
ENSRNOG00000027767	1.77
ENSRNOG00000027770	8.83
ENSRNOG00000027773	15.7
ENSRNOG00000027784	1.68
ENSRNOG00000027787	0.17
ENSRNOG00000027791	15.6
ENSRNOG00000027797	9.97
ENSRNOG00000027798	0
ENSRNOG00000027799	3
ENSRNOG00000027801	0.71
ENSRNOG00000027803	0.06
ENSRNOG00000027806	0
ENSRNOG00000027808	0.21
ENSRNOG00000027811	0.15
ENSRNOG00000027818	20.78
ENSRNOG00000027821	0.32
ENSRNOG00000027831	0.63
ENSRNOG00000027833	5.82
ENSRNOG00000027836	0
ENSRNOG00000027837	0.32
ENSRNOG00000027839	58.94
ENSRNOG00000027843	0.1
ENSRNOG00000027847	0.81
ENSRNOG00000027849	17.32
ENSRNOG00000027850	1.52
ENSRNOG00000027852	0.03
ENSRNOG00000027855	0
ENSRNOG00000027857	5.68
ENSRNOG00000027859	0.1
ENSRNOG00000027860	25.89
ENSRNOG00000027864	418.11
ENSRNOG00000027867	19.23
ENSRNOG00000027869	2.49
ENSRNOG00000027871	24.18
ENSRNOG00000027873	0
ENSRNOG00000027880	3
ENSRNOG00000027882	0.2
ENSRNOG00000027888	8.17
ENSRNOG00000027891	3.76
ENSRNOG00000027894	2.22
ENSRNOG00000027899	0.08
ENSRNOG00000027900	0
ENSRNOG00000027901	4.17
ENSRNOG00000027906	25.11
ENSRNOG00000027907	0
ENSRNOG00000027908	0.1
ENSRNOG00000027911	0.05
ENSRNOG00000027914	10.7
ENSRNOG00000027916	0
ENSRNOG00000027919	5.5
ENSRNOG00000027920	0
ENSRNOG00000027921	5.78
ENSRNOG00000027923	6.85
ENSRNOG00000027924	0.05
ENSRNOG00000027929	1.29
ENSRNOG00000027935	1.39
ENSRNOG00000027936	1.45
ENSRNOG00000027938	37.83
ENSRNOG00000027940	21.89
ENSRNOG00000027942	0.13
ENSRNOG00000027944	27.03
ENSRNOG00000027949	0
ENSRNOG00000027954	1.75
ENSRNOG00000027955	7.43
ENSRNOG00000027960	0.39
ENSRNOG00000027962	18.47
ENSRNOG00000027971	0.42
ENSRNOG00000027972	0.32
ENSRNOG00000027976	0.09
ENSRNOG00000027979	0.41
ENSRNOG00000027980	0
ENSRNOG00000027988	12.09
ENSRNOG00000027990	3.9
ENSRNOG00000027992	7
ENSRNOG00000027994	0
ENSRNOG00000027995	0.14
ENSRNOG00000027997	0
ENSRNOG00000028005	0
ENSRNOG00000028008	0.08
ENSRNOG00000028011	0
ENSRNOG00000028014	17.27
ENSRNOG00000028015	0.41
ENSRNOG00000028016	1.19
ENSRNOG00000028017	12.1
ENSRNOG00000028021	82.44
ENSRNOG00000028024	0
ENSRNOG00000028025	0.03
ENSRNOG00000028033	0
ENSRNOG00000028035	0
ENSRNOG00000028036	0.31
ENSRNOG00000028041	8.87
ENSRNOG00000028043	0
ENSRNOG00000028044	0
ENSRNOG00000028047	10.39
ENSRNOG00000028050	0
ENSRNOG00000028052	0.3
ENSRNOG00000028058	0.4
ENSRNOG00000028062	32.11
ENSRNOG00000028063	5.1
ENSRNOG00000028064	1.05
ENSRNOG00000028072	1.2
ENSRNOG00000028074	0
ENSRNOG00000028075	0.54
ENSRNOG00000028077	1.09
ENSRNOG00000028082	0.33
ENSRNOG00000028083	1
ENSRNOG00000028085	9.34
ENSRNOG00000028087	30.48
ENSRNOG00000028089	0.05
ENSRNOG00000028090	8.78
ENSRNOG00000028092	2.22
ENSRNOG00000028095	0
ENSRNOG00000028097	12.61
ENSRNOG00000028100	4.59
ENSRNOG00000028103	55.17
ENSRNOG00000028105	38.19
ENSRNOG00000028108	0.21
ENSRNOG00000028112	0.28
ENSRNOG00000028113	4.39
ENSRNOG00000028114	0.3
ENSRNOG00000028116	0.16
ENSRNOG00000028120	1.45
ENSRNOG00000028121	0
ENSRNOG00000028129	23.09
ENSRNOG00000028130	0
ENSRNOG00000028135	0
ENSRNOG00000028137	0.7
ENSRNOG00000028146	0
ENSRNOG00000028149	4.49
ENSRNOG00000028155	3.29
ENSRNOG00000028156	8.08
ENSRNOG00000028158	0.13
ENSRNOG00000028161	10.09
ENSRNOG00000028166	17.51
ENSRNOG00000028168	4.24
ENSRNOG00000028176	8.71
ENSRNOG00000028179	0
ENSRNOG00000028185	20.61
ENSRNOG00000028187	5.12
ENSRNOG00000028189	0.06
ENSRNOG00000028194	0.24
ENSRNOG00000028196	1.51
ENSRNOG00000028198	7.7
ENSRNOG00000028202	0
ENSRNOG00000028206	9.96
ENSRNOG00000028207	5.05
ENSRNOG00000028208	9.21
ENSRNOG00000028211	18.97
ENSRNOG00000028214	0
ENSRNOG00000028215	4.29
ENSRNOG00000028216	0.13
ENSRNOG00000028219	5.57
ENSRNOG00000028222	0
ENSRNOG00000028225	0.04
ENSRNOG00000028227	11.32
ENSRNOG00000028231	0.47
ENSRNOG00000028235	0.12
ENSRNOG00000028236	17.27
ENSRNOG00000028238	0.96
ENSRNOG00000028243	0
ENSRNOG00000028247	28.81
ENSRNOG00000028248	0.28
ENSRNOG00000028250	0
ENSRNOG00000028254	18.26
ENSRNOG00000028255	10.28
ENSRNOG00000028259	0.07
ENSRNOG00000028261	99.82
ENSRNOG00000028266	6.33
ENSRNOG00000028267	0
ENSRNOG00000028273	7.91
ENSRNOG00000028274	92.29
ENSRNOG00000028279	2.29
ENSRNOG00000028288	0
ENSRNOG00000028292	15.22
ENSRNOG00000028299	0
ENSRNOG00000028302	0
ENSRNOG00000028310	0
ENSRNOG00000028311	0.12
ENSRNOG00000028319	4.31
ENSRNOG00000028320	0
ENSRNOG00000028323	20.53
ENSRNOG00000028324	0
ENSRNOG00000028328	5.1
ENSRNOG00000028329	1.99
ENSRNOG00000028330	0.39
ENSRNOG00000028335	0.71
ENSRNOG00000028341	13.28
ENSRNOG00000028344	0
ENSRNOG00000028345	0
ENSRNOG00000028348	6.13
ENSRNOG00000028350	15.13
ENSRNOG00000028351	0.04
ENSRNOG00000028353	4.1
ENSRNOG00000028356	0
ENSRNOG00000028357	2.63
ENSRNOG00000028358	16.05
ENSRNOG00000028362	29.87
ENSRNOG00000028366	25.43
ENSRNOG00000028368	6.3
ENSRNOG00000028373	0
ENSRNOG00000028377	0.03
ENSRNOG00000028380	8.98
ENSRNOG00000028381	0
ENSRNOG00000028382	0
ENSRNOG00000028384	6.99
ENSRNOG00000028386	0
ENSRNOG00000028390	4.48
ENSRNOG00000028394	0
ENSRNOG00000028403	6.33
ENSRNOG00000028404	545.51
ENSRNOG00000028411	100.94
ENSRNOG00000028414	0
ENSRNOG00000028415	0.98
ENSRNOG00000028417	0.07
ENSRNOG00000028422	30.64
ENSRNOG00000028423	0.11
ENSRNOG00000028426	41.07
ENSRNOG00000028427	0
ENSRNOG00000028430	8.55
ENSRNOG00000028436	13.02
ENSRNOG00000028439	0.14
ENSRNOG00000028440	0.65
ENSRNOG00000028441	1.69
ENSRNOG00000028442	0
ENSRNOG00000028444	0
ENSRNOG00000028448	71.8
ENSRNOG00000028449	0.56
ENSRNOG00000028456	0.97
ENSRNOG00000028460	0.06
ENSRNOG00000028461	14.37
ENSRNOG00000028470	0.07
ENSRNOG00000028473	0.1
ENSRNOG00000028477	14.22
ENSRNOG00000028492	0
ENSRNOG00000028493	12.63
ENSRNOG00000028498	58.15
ENSRNOG00000028501	11.31
ENSRNOG00000028504	29.6
ENSRNOG00000028505	108.4
ENSRNOG00000028512	9.04
ENSRNOG00000028513	0.05
ENSRNOG00000028517	11.2
ENSRNOG00000028518	0
ENSRNOG00000028519	0
ENSRNOG00000028521	7.39
ENSRNOG00000028523	6.76
ENSRNOG00000028526	6.1
ENSRNOG00000028529	0.63
ENSRNOG00000028531	0
ENSRNOG00000028533	0
ENSRNOG00000028534	3.59
ENSRNOG00000028538	0
ENSRNOG00000028541	0.04
ENSRNOG00000028543	5.84
ENSRNOG00000028544	0
ENSRNOG00000028545	1.1
ENSRNOG00000028548	1.4
ENSRNOG00000028556	22.99
ENSRNOG00000028557	11.72
ENSRNOG00000028561	0.57
ENSRNOG00000028566	12.22
ENSRNOG00000028569	7.31
ENSRNOG00000028576	0
ENSRNOG00000028578	0
ENSRNOG00000028580	15.21
ENSRNOG00000028581	3.72
ENSRNOG00000028582	0.09
ENSRNOG00000028584	3.14
ENSRNOG00000028585	32.01
ENSRNOG00000028586	2.32
ENSRNOG00000028592	0.8
ENSRNOG00000028594	21.67
ENSRNOG00000028595	0
ENSRNOG00000028598	0.19
ENSRNOG00000028611	6.09
ENSRNOG00000028616	0
ENSRNOG00000028617	0.73
ENSRNOG00000028619	0.15
ENSRNOG00000028622	2.21
ENSRNOG00000028623	20.82
ENSRNOG00000028624	1
ENSRNOG00000028627	0.57
ENSRNOG00000028628	7.68
ENSRNOG00000028629	56.48
ENSRNOG00000028630	5.68
ENSRNOG00000028632	0.13
ENSRNOG00000028636	0.24
ENSRNOG00000028638	3.43
ENSRNOG00000028640	3.68
ENSRNOG00000028641	9.02
ENSRNOG00000028648	143.6
ENSRNOG00000028649	2.03
ENSRNOG00000028650	77.93
ENSRNOG00000028651	4.29
ENSRNOG00000028652	0.83
ENSRNOG00000028658	31.25
ENSRNOG00000028659	7.45
ENSRNOG00000028661	0.03
ENSRNOG00000028662	0.69
ENSRNOG00000028668	1.29
ENSRNOG00000028670	0.36
ENSRNOG00000028674	30.71
ENSRNOG00000028677	6.6
ENSRNOG00000028679	0.07
ENSRNOG00000028685	3.82
ENSRNOG00000028688	6.06
ENSRNOG00000028690	6.43
ENSRNOG00000028699	6.33
ENSRNOG00000028701	5.56
ENSRNOG00000028703	13.53
ENSRNOG00000028707	0
ENSRNOG00000028708	0.69
ENSRNOG00000028711	16.01
ENSRNOG00000028712	0
ENSRNOG00000028713	3.81
ENSRNOG00000028717	83.26
ENSRNOG00000028721	0.42
ENSRNOG00000028730	6.23
ENSRNOG00000028733	141.4
ENSRNOG00000028743	14.59
ENSRNOG00000028744	0
ENSRNOG00000028746	58.98
ENSRNOG00000028747	9.23
ENSRNOG00000028749	5.68
ENSRNOG00000028750	0
ENSRNOG00000028751	0
ENSRNOG00000028752	0.51
ENSRNOG00000028753	12.35
ENSRNOG00000028765	0.06
ENSRNOG00000028767	0.15
ENSRNOG00000028768	0.54
ENSRNOG00000028774	0.21
ENSRNOG00000028779	0
ENSRNOG00000028781	1.19
ENSRNOG00000028782	3.63
ENSRNOG00000028783	9.5
ENSRNOG00000028801	0.24
ENSRNOG00000028802	0
ENSRNOG00000028803	0
ENSRNOG00000028804	0
ENSRNOG00000028805	0.74
ENSRNOG00000028807	0
ENSRNOG00000028810	0
ENSRNOG00000028812	0
ENSRNOG00000028814	5.55
ENSRNOG00000028821	0
ENSRNOG00000028822	111.31
ENSRNOG00000028826	0
ENSRNOG00000028832	6.24
ENSRNOG00000028834	26.37
ENSRNOG00000028837	36.15
ENSRNOG00000028841	0
ENSRNOG00000028844	7.3
ENSRNOG00000028845	3.23
ENSRNOG00000028847	0
ENSRNOG00000028852	0
ENSRNOG00000028856	6.14
ENSRNOG00000028864	0.27
ENSRNOG00000028865	0
ENSRNOG00000028869	0.16
ENSRNOG00000028872	1.33
ENSRNOG00000028877	0
ENSRNOG00000028879	12.22
ENSRNOG00000028880	0
ENSRNOG00000028882	0
ENSRNOG00000028883	18.45
ENSRNOG00000028884	229.68
ENSRNOG00000028889	0.17
ENSRNOG00000028891	1.88
ENSRNOG00000028892	6.84
ENSRNOG00000028895	3.24
ENSRNOG00000028896	0.28
ENSRNOG00000028899	0.65
ENSRNOG00000028902	0
ENSRNOG00000028904	22.4
ENSRNOG00000028908	2.58
ENSRNOG00000028909	0
ENSRNOG00000028910	5.41
ENSRNOG00000028911	0
ENSRNOG00000028913	6.04
ENSRNOG00000028919	10.69
ENSRNOG00000028926	0
ENSRNOG00000028930	7.06
ENSRNOG00000028939	12.97
ENSRNOG00000028941	4.84
ENSRNOG00000028945	0.02
ENSRNOG00000028946	23.84
ENSRNOG00000028955	0
ENSRNOG00000028956	46.8
ENSRNOG00000028958	0.13
ENSRNOG00000028963	0.14
ENSRNOG00000028965	0
ENSRNOG00000028974	0
ENSRNOG00000028975	0.16
ENSRNOG00000028981	0
ENSRNOG00000028982	0
ENSRNOG00000028983	0
ENSRNOG00000028984	4.39
ENSRNOG00000028985	0.26
ENSRNOG00000028988	0
ENSRNOG00000028989	0
ENSRNOG00000028991	2.12
ENSRNOG00000028992	2.81
ENSRNOG00000028993	2.33
ENSRNOG00000028996	0.29
ENSRNOG00000028997	2.65
ENSRNOG00000029001	0.94
ENSRNOG00000029004	0.11
ENSRNOG00000029005	0
ENSRNOG00000029010	0.3
ENSRNOG00000029012	4.86
ENSRNOG00000029022	2.95
ENSRNOG00000029027	0
ENSRNOG00000029028	13.29
ENSRNOG00000029029	0
ENSRNOG00000029038	13.46
ENSRNOG00000029042	2448.56
ENSRNOG00000029043	2.42
ENSRNOG00000029046	0
ENSRNOG00000029047	0.14
ENSRNOG00000029049	17.29
ENSRNOG00000029050	0.14
ENSRNOG00000029051	0
ENSRNOG00000029052	0
ENSRNOG00000029054	0
ENSRNOG00000029055	0.67
ENSRNOG00000029061	13.72
ENSRNOG00000029064	2.84
ENSRNOG00000029068	5.08
ENSRNOG00000029069	0
ENSRNOG00000029070	1.01
ENSRNOG00000029071	7.05
ENSRNOG00000029073	0
ENSRNOG00000029077	9.81
ENSRNOG00000029078	0.32
ENSRNOG00000029079	0.19
ENSRNOG00000029082	0
ENSRNOG00000029083	0
ENSRNOG00000029086	0
ENSRNOG00000029087	18.14
ENSRNOG00000029089	0.08
ENSRNOG00000029090	0.1
ENSRNOG00000029091	0
ENSRNOG00000029095	9.25
ENSRNOG00000029096	0
ENSRNOG00000029097	0
ENSRNOG00000029104	0
ENSRNOG00000029106	0
ENSRNOG00000029107	0.31
ENSRNOG00000029115	12.66
ENSRNOG00000029121	0
ENSRNOG00000029126	0
ENSRNOG00000029127	1.45
ENSRNOG00000029128	0.24
ENSRNOG00000029130	0.08
ENSRNOG00000029131	0.45
ENSRNOG00000029134	71.5
ENSRNOG00000029141	0.29
ENSRNOG00000029142	0
ENSRNOG00000029145	440.69
ENSRNOG00000029146	13.2
ENSRNOG00000029147	3.27
ENSRNOG00000029148	1.66
ENSRNOG00000029152	8.62
ENSRNOG00000029158	0
ENSRNOG00000029165	9.11
ENSRNOG00000029171	3.79
ENSRNOG00000029172	0
ENSRNOG00000029173	0
ENSRNOG00000029177	0
ENSRNOG00000029178	34.76
ENSRNOG00000029179	0.69
ENSRNOG00000029184	6.19
ENSRNOG00000029185	16.14
ENSRNOG00000029191	1.06
ENSRNOG00000029194	32.85
ENSRNOG00000029195	1.29
ENSRNOG00000029197	12.55
ENSRNOG00000029205	5.77
ENSRNOG00000029209	91.32
ENSRNOG00000029211	0.13
ENSRNOG00000029212	6.94
ENSRNOG00000029216	0
ENSRNOG00000029220	14.24
ENSRNOG00000029222	0
ENSRNOG00000029223	0
ENSRNOG00000029226	0
ENSRNOG00000029227	0.41
ENSRNOG00000029233	0
ENSRNOG00000029235	0.54
ENSRNOG00000029237	0
ENSRNOG00000029238	5.19
ENSRNOG00000029242	7.99
ENSRNOG00000029243	0.75
ENSRNOG00000029244	1.39
ENSRNOG00000029245	0.09
ENSRNOG00000029249	0.05
ENSRNOG00000029253	1.6
ENSRNOG00000029260	35.82
ENSRNOG00000029262	12.86
ENSRNOG00000029263	0
ENSRNOG00000029264	4.32
ENSRNOG00000029267	0
ENSRNOG00000029273	3.2
ENSRNOG00000029278	0
ENSRNOG00000029279	0
ENSRNOG00000029280	17.91
ENSRNOG00000029286	0
ENSRNOG00000029289	0
ENSRNOG00000029291	0
ENSRNOG00000029292	1.81
ENSRNOG00000029293	0
ENSRNOG00000029299	0
ENSRNOG00000029301	0
ENSRNOG00000029304	14.91
ENSRNOG00000029308	4.28
ENSRNOG00000029310	0.24
ENSRNOG00000029315	0.8
ENSRNOG00000029316	8.41
ENSRNOG00000029317	0
ENSRNOG00000029318	0
ENSRNOG00000029321	1.58
ENSRNOG00000029322	0
ENSRNOG00000029323	0.67
ENSRNOG00000029330	1.91
ENSRNOG00000029333	7.46
ENSRNOG00000029336	62.75
ENSRNOG00000029339	30.32
ENSRNOG00000029340	0
ENSRNOG00000029341	0
ENSRNOG00000029342	3.93
ENSRNOG00000029354	0
ENSRNOG00000029360	366.13
ENSRNOG00000029365	0
ENSRNOG00000029366	43.85
ENSRNOG00000029370	62.86
ENSRNOG00000029371	0
ENSRNOG00000029377	0.3
ENSRNOG00000029386	0
ENSRNOG00000029389	0.95
ENSRNOG00000029394	34.85
ENSRNOG00000029397	0
ENSRNOG00000029399	9.37
ENSRNOG00000029401	0.05
ENSRNOG00000029408	0
ENSRNOG00000029410	1.2
ENSRNOG00000029415	9.51
ENSRNOG00000029416	4.52
ENSRNOG00000029418	0.19
ENSRNOG00000029420	0
ENSRNOG00000029423	0.08
ENSRNOG00000029425	0.19
ENSRNOG00000029427	0.49
ENSRNOG00000029441	57.29
ENSRNOG00000029443	0.38
ENSRNOG00000029447	6.8
ENSRNOG00000029449	0.69
ENSRNOG00000029450	107.52
ENSRNOG00000029456	6.68
ENSRNOG00000029458	0.05
ENSRNOG00000029459	0.15
ENSRNOG00000029461	0
ENSRNOG00000029462	0
ENSRNOG00000029465	4.49
ENSRNOG00000029466	2.46
ENSRNOG00000029470	8.91
ENSRNOG00000029478	0
ENSRNOG00000029479	0.18
ENSRNOG00000029485	0
ENSRNOG00000029490	8.99
ENSRNOG00000029493	0
ENSRNOG00000029497	0
ENSRNOG00000029500	7.46
ENSRNOG00000029501	3.49
ENSRNOG00000029508	0
ENSRNOG00000029510	24.79
ENSRNOG00000029512	206.3
ENSRNOG00000029514	0
ENSRNOG00000029516	0
ENSRNOG00000029520	0
ENSRNOG00000029522	0
ENSRNOG00000029528	23.45
ENSRNOG00000029529	1.18
ENSRNOG00000029535	190.27
ENSRNOG00000029537	0
ENSRNOG00000029543	1.08
ENSRNOG00000029545	0
ENSRNOG00000029549	13.51
ENSRNOG00000029556	2.08
ENSRNOG00000029558	0.06
ENSRNOG00000029559	0
ENSRNOG00000029560	0
ENSRNOG00000029561	0
ENSRNOG00000029562	0
ENSRNOG00000029564	0
ENSRNOG00000029567	0
ENSRNOG00000029570	11.07
ENSRNOG00000029571	30.9
ENSRNOG00000029572	13.87
ENSRNOG00000029574	8.55
ENSRNOG00000029578	0
ENSRNOG00000029582	6.34
ENSRNOG00000029586	9.33
ENSRNOG00000029588	0.05
ENSRNOG00000029590	0.08
ENSRNOG00000029591	0.02
ENSRNOG00000029592	45.99
ENSRNOG00000029594	0.45
ENSRNOG00000029597	1.28
ENSRNOG00000029598	11.06
ENSRNOG00000029600	0
ENSRNOG00000029606	0.07
ENSRNOG00000029608	39.75
ENSRNOG00000029612	0
ENSRNOG00000029613	0
ENSRNOG00000029614	11.97
ENSRNOG00000029615	0
ENSRNOG00000029627	83.66
ENSRNOG00000029628	0.2
ENSRNOG00000029637	0.81
ENSRNOG00000029640	0
ENSRNOG00000029644	38.62
ENSRNOG00000029649	0
ENSRNOG00000029651	2.28
ENSRNOG00000029652	8.15
ENSRNOG00000029658	2.58
ENSRNOG00000029659	0
ENSRNOG00000029662	0.43
ENSRNOG00000029663	2.53
ENSRNOG00000029667	21.83
ENSRNOG00000029668	0
ENSRNOG00000029670	0.14
ENSRNOG00000029675	0
ENSRNOG00000029677	0
ENSRNOG00000029678	1.62
ENSRNOG00000029682	6.98
ENSRNOG00000029686	7.49
ENSRNOG00000029698	28.44
ENSRNOG00000029702	0
ENSRNOG00000029706	0.56
ENSRNOG00000029707	6265.85
ENSRNOG00000029726	99.67
ENSRNOG00000029732	0
ENSRNOG00000029734	0.13
ENSRNOG00000029735	14.34
ENSRNOG00000029736	0
ENSRNOG00000029737	0
ENSRNOG00000029738	64.85
ENSRNOG00000029739	0
ENSRNOG00000029740	0.64
ENSRNOG00000029744	0
ENSRNOG00000029745	0.21
ENSRNOG00000029749	0.09
ENSRNOG00000029755	0.07
ENSRNOG00000029756	4.53
ENSRNOG00000029760	0
ENSRNOG00000029762	0.9
ENSRNOG00000029763	0
ENSRNOG00000029766	0
ENSRNOG00000029768	0
ENSRNOG00000029773	3.57
ENSRNOG00000029776	0
ENSRNOG00000029778	22.04
ENSRNOG00000029784	88.8
ENSRNOG00000029785	15.16
ENSRNOG00000029787	0
ENSRNOG00000029788	0
ENSRNOG00000029792	2.21
ENSRNOG00000029793	0
ENSRNOG00000029798	24.11
ENSRNOG00000029799	48.43
ENSRNOG00000029802	0
ENSRNOG00000029805	2.51
ENSRNOG00000029808	0.85
ENSRNOG00000029810	0
ENSRNOG00000029811	1.5
ENSRNOG00000029813	35.63
ENSRNOG00000029814	1.52
ENSRNOG00000029824	0
ENSRNOG00000029825	0
ENSRNOG00000029826	6.1
ENSRNOG00000029830	0.06
ENSRNOG00000029835	0.92
ENSRNOG00000029837	1.05
ENSRNOG00000029841	5.58
ENSRNOG00000029843	0.18
ENSRNOG00000029844	0
ENSRNOG00000029847	0
ENSRNOG00000029850	0
ENSRNOG00000029852	0
ENSRNOG00000029855	14.93
ENSRNOG00000029859	0
ENSRNOG00000029860	0
ENSRNOG00000029861	0
ENSRNOG00000029862	2.24
ENSRNOG00000029865	0.39
ENSRNOG00000029866	15.59
ENSRNOG00000029868	0
ENSRNOG00000029871	8.24
ENSRNOG00000029875	28.98
ENSRNOG00000029876	5.91
ENSRNOG00000029877	0
ENSRNOG00000029881	0
ENSRNOG00000029883	0.39
ENSRNOG00000029884	0
ENSRNOG00000029885	17.61
ENSRNOG00000029886	205.28
ENSRNOG00000029889	0.09
ENSRNOG00000029893	3.47
ENSRNOG00000029895	0
ENSRNOG00000029897	1.37
ENSRNOG00000029903	108.24
ENSRNOG00000029910	24.01
ENSRNOG00000029911	0.03
ENSRNOG00000029912	98.24
ENSRNOG00000029922	1.2
ENSRNOG00000029926	0.17
ENSRNOG00000029930	0
ENSRNOG00000029935	0
ENSRNOG00000029938	17.75
ENSRNOG00000029939	0.88
ENSRNOG00000029941	230.27
ENSRNOG00000029943	0
ENSRNOG00000029945	0.09
ENSRNOG00000029949	0
ENSRNOG00000029954	1.95
ENSRNOG00000029956	6.51
ENSRNOG00000029958	0.2
ENSRNOG00000029961	0
ENSRNOG00000029964	0
ENSRNOG00000029966	4.8
ENSRNOG00000029971	3431
ENSRNOG00000029974	0
ENSRNOG00000029977	0
ENSRNOG00000029978	0
ENSRNOG00000029979	0
ENSRNOG00000029980	2.14
ENSRNOG00000029986	9.64
ENSRNOG00000029988	0
ENSRNOG00000029993	0
ENSRNOG00000029995	20.79
ENSRNOG00000029996	1.41
ENSRNOG00000030000	0
ENSRNOG00000030004	0.17
ENSRNOG00000030012	0
ENSRNOG00000030016	0.12
ENSRNOG00000030017	6.85
ENSRNOG00000030018	0
ENSRNOG00000030019	114.32
ENSRNOG00000030020	0.03
ENSRNOG00000030021	0.47
ENSRNOG00000030022	0.06
ENSRNOG00000030027	4.53
ENSRNOG00000030032	0
ENSRNOG00000030034	1.96
ENSRNOG00000030039	0
ENSRNOG00000030042	0
ENSRNOG00000030045	0.42
ENSRNOG00000030048	0.07
ENSRNOG00000030049	20.44
ENSRNOG00000030055	33.43
ENSRNOG00000030058	0.91
ENSRNOG00000030059	0
ENSRNOG00000030069	0
ENSRNOG00000030070	0
ENSRNOG00000030073	0
ENSRNOG00000030085	0
ENSRNOG00000030089	1.31
ENSRNOG00000030091	9.93
ENSRNOG00000030093	0
ENSRNOG00000030098	0
ENSRNOG00000030101	5.28
ENSRNOG00000030102	0.49
ENSRNOG00000030104	0
ENSRNOG00000030106	3.46
ENSRNOG00000030107	0
ENSRNOG00000030109	6.88
ENSRNOG00000030110	0
ENSRNOG00000030111	0.12
ENSRNOG00000030118	9.85
ENSRNOG00000030119	0
ENSRNOG00000030120	15.29
ENSRNOG00000030124	128.03
ENSRNOG00000030126	37.46
ENSRNOG00000030127	88.19
ENSRNOG00000030131	6.35
ENSRNOG00000030134	0
ENSRNOG00000030143	0.65
ENSRNOG00000030145	0
ENSRNOG00000030148	0
ENSRNOG00000030149	14.88
ENSRNOG00000030150	0.11
ENSRNOG00000030151	6.69
ENSRNOG00000030152	0
ENSRNOG00000030154	0
ENSRNOG00000030155	0.84
ENSRNOG00000030156	1.26
ENSRNOG00000030157	10.38
ENSRNOG00000030158	1.1
ENSRNOG00000030159	0
ENSRNOG00000030160	0.79
ENSRNOG00000030162	0
ENSRNOG00000030170	2.25
ENSRNOG00000030171	0
ENSRNOG00000030173	0
ENSRNOG00000030174	3.47
ENSRNOG00000030177	0
ENSRNOG00000030180	72.15
ENSRNOG00000030183	2.69
ENSRNOG00000030184	0.04
ENSRNOG00000030187	0
ENSRNOG00000030188	0
ENSRNOG00000030191	0
ENSRNOG00000030199	11.35
ENSRNOG00000030201	0.07
ENSRNOG00000030204	0
ENSRNOG00000030210	0.7
ENSRNOG00000030212	0.07
ENSRNOG00000030213	15.02
ENSRNOG00000030214	2.55
ENSRNOG00000030215	0
ENSRNOG00000030216	1.41
ENSRNOG00000030217	0
ENSRNOG00000030222	0.1
ENSRNOG00000030224	0.26
ENSRNOG00000030225	17.69
ENSRNOG00000030228	0.2
ENSRNOG00000030232	52.78
ENSRNOG00000030234	0.31
ENSRNOG00000030235	0
ENSRNOG00000030237	228.55
ENSRNOG00000030238	54.53
ENSRNOG00000030242	0
ENSRNOG00000030243	2.29
ENSRNOG00000030245	41.51
ENSRNOG00000030246	0.24
ENSRNOG00000030247	9.38
ENSRNOG00000030252	0.11
ENSRNOG00000030253	1.18
ENSRNOG00000030254	0
ENSRNOG00000030258	0
ENSRNOG00000030264	1
ENSRNOG00000030266	2.52
ENSRNOG00000030269	73.93
ENSRNOG00000030273	5.8
ENSRNOG00000030275	0
ENSRNOG00000030276	0
ENSRNOG00000030278	0.69
ENSRNOG00000030281	0.15
ENSRNOG00000030285	1.34
ENSRNOG00000030291	22.3
ENSRNOG00000030294	12.74
ENSRNOG00000030296	0.17
ENSRNOG00000030299	0.25
ENSRNOG00000030301	0
ENSRNOG00000030308	8.57
ENSRNOG00000030314	14.22
ENSRNOG00000030316	0
ENSRNOG00000030318	3.96
ENSRNOG00000030319	2.35
ENSRNOG00000030321	0.57
ENSRNOG00000030326	0
ENSRNOG00000030328	16.36
ENSRNOG00000030330	1.76
ENSRNOG00000030331	0
ENSRNOG00000030332	0
ENSRNOG00000030334	5.66
ENSRNOG00000030339	1.92
ENSRNOG00000030341	0
ENSRNOG00000030344	0
ENSRNOG00000030345	0
ENSRNOG00000030346	0.14
ENSRNOG00000030351	9.87
ENSRNOG00000030352	2.18
ENSRNOG00000030354	0
ENSRNOG00000030355	21.21
ENSRNOG00000030363	0.16
ENSRNOG00000030364	0.35
ENSRNOG00000030371	12119.52
ENSRNOG00000030374	0.99
ENSRNOG00000030383	0.17
ENSRNOG00000030386	0
ENSRNOG00000030387	0
ENSRNOG00000030389	0
ENSRNOG00000030391	47.26
ENSRNOG00000030404	23.19
ENSRNOG00000030406	0
ENSRNOG00000030408	17.61
ENSRNOG00000030410	14.49
ENSRNOG00000030412	0
ENSRNOG00000030413	0.27
ENSRNOG00000030414	0
ENSRNOG00000030416	6.72
ENSRNOG00000030417	0.13
ENSRNOG00000030418	47.73
ENSRNOG00000030420	0.39
ENSRNOG00000030424	0
ENSRNOG00000030426	0.18
ENSRNOG00000030431	0
ENSRNOG00000030434	0
ENSRNOG00000030439	0
ENSRNOG00000030441	0
ENSRNOG00000030442	0.95
ENSRNOG00000030443	15.66
ENSRNOG00000030445	42.25
ENSRNOG00000030447	0.49
ENSRNOG00000030449	13.27
ENSRNOG00000030452	0.75
ENSRNOG00000030460	0
ENSRNOG00000030462	0.04
ENSRNOG00000030463	0.82
ENSRNOG00000030466	0
ENSRNOG00000030467	1.56
ENSRNOG00000030468	0
ENSRNOG00000030471	0
ENSRNOG00000030475	0.92
ENSRNOG00000030476	0
ENSRNOG00000030477	0
ENSRNOG00000030478	2825.98
ENSRNOG00000030481	0.82
ENSRNOG00000030483	17.05
ENSRNOG00000030486	0
ENSRNOG00000030491	0.06
ENSRNOG00000030494	0
ENSRNOG00000030508	0
ENSRNOG00000030515	76.81
ENSRNOG00000030517	1.97
ENSRNOG00000030519	0
ENSRNOG00000030520	35.3
ENSRNOG00000030521	0.07
ENSRNOG00000030522	12.37
ENSRNOG00000030524	0
ENSRNOG00000030530	0.14
ENSRNOG00000030537	4.38
ENSRNOG00000030538	0.42
ENSRNOG00000030541	0.1
ENSRNOG00000030547	100.11
ENSRNOG00000030551	0
ENSRNOG00000030554	1.65
ENSRNOG00000030563	0.19
ENSRNOG00000030568	5.01
ENSRNOG00000030569	0
ENSRNOG00000030572	8.39
ENSRNOG00000030575	0
ENSRNOG00000030579	1.51
ENSRNOG00000030580	0.02
ENSRNOG00000030596	0
ENSRNOG00000030597	20.87
ENSRNOG00000030600	0
ENSRNOG00000030601	0
ENSRNOG00000030613	0
ENSRNOG00000030614	0.12
ENSRNOG00000030616	0.89
ENSRNOG00000030619	0.35
ENSRNOG00000030622	1.23
ENSRNOG00000030625	759.02
ENSRNOG00000030626	0
ENSRNOG00000030628	104.68
ENSRNOG00000030629	8.54
ENSRNOG00000030630	48.66
ENSRNOG00000030633	12.49
ENSRNOG00000030638	0.08
ENSRNOG00000030639	7.74
ENSRNOG00000030641	0
ENSRNOG00000030644	7493.02
ENSRNOG00000030645	0.37
ENSRNOG00000030647	0
ENSRNOG00000030648	0
ENSRNOG00000030649	0
ENSRNOG00000030654	24.65
ENSRNOG00000030662	0
ENSRNOG00000030665	2.43
ENSRNOG00000030666	0.26
ENSRNOG00000030667	30.06
ENSRNOG00000030674	0.11
ENSRNOG00000030676	0
ENSRNOG00000030677	0
ENSRNOG00000030679	0
ENSRNOG00000030680	238.61
ENSRNOG00000030682	0.06
ENSRNOG00000030683	20.11
ENSRNOG00000030687	0
ENSRNOG00000030688	1.82
ENSRNOG00000030689	0.85
ENSRNOG00000030698	0.04
ENSRNOG00000030700	15082.13
ENSRNOG00000030704	1.47
ENSRNOG00000030705	15.74
ENSRNOG00000030708	0
ENSRNOG00000030712	4.2
ENSRNOG00000030714	18.56
ENSRNOG00000030715	10.54
ENSRNOG00000030719	4.09
ENSRNOG00000030721	23.11
ENSRNOG00000030722	0
ENSRNOG00000030724	0
ENSRNOG00000030726	1.51
ENSRNOG00000030729	0.48
ENSRNOG00000030736	0.17
ENSRNOG00000030738	0.04
ENSRNOG00000030743	0.04
ENSRNOG00000030747	125.06
ENSRNOG00000030748	0
ENSRNOG00000030750	7.63
ENSRNOG00000030752	0
ENSRNOG00000030753	0
ENSRNOG00000030759	1.02
ENSRNOG00000030761	0
ENSRNOG00000030763	0.04
ENSRNOG00000030771	48.4
ENSRNOG00000030775	15.66
ENSRNOG00000030776	24.64
ENSRNOG00000030778	0
ENSRNOG00000030782	0
ENSRNOG00000030784	0
ENSRNOG00000030788	1.14
ENSRNOG00000030790	31.23
ENSRNOG00000030796	0
ENSRNOG00000030800	1.77
ENSRNOG00000030807	3.66
ENSRNOG00000030809	0.55
ENSRNOG00000030812	0
ENSRNOG00000030813	0.24
ENSRNOG00000030814	0
ENSRNOG00000030818	0
ENSRNOG00000030819	0.14
ENSRNOG00000030825	0
ENSRNOG00000030827	0
ENSRNOG00000030828	0.09
ENSRNOG00000030830	6.88
ENSRNOG00000030840	40.41
ENSRNOG00000030845	0
ENSRNOG00000030847	0
ENSRNOG00000030848	0
ENSRNOG00000030855	0
ENSRNOG00000030856	0
ENSRNOG00000030857	0
ENSRNOG00000030862	56.18
ENSRNOG00000030863	0
ENSRNOG00000030864	0.24
ENSRNOG00000030866	0
ENSRNOG00000030868	0.82
ENSRNOG00000030869	0
ENSRNOG00000030870	19.45
ENSRNOG00000030871	715.08
ENSRNOG00000030876	0
ENSRNOG00000030877	13.87
ENSRNOG00000030879	0
ENSRNOG00000030880	13.62
ENSRNOG00000030886	0
ENSRNOG00000030888	17.15
ENSRNOG00000030889	0.32
ENSRNOG00000030894	0
ENSRNOG00000030899	0
ENSRNOG00000030902	0.12
ENSRNOG00000030904	0
ENSRNOG00000030907	0.1
ENSRNOG00000030910	17.29
ENSRNOG00000030914	0.03
ENSRNOG00000030920	9.67
ENSRNOG00000030925	0
ENSRNOG00000030927	7.34
ENSRNOG00000030930	0.36
ENSRNOG00000030932	3.16
ENSRNOG00000030934	0
ENSRNOG00000030938	0
ENSRNOG00000030946	0
ENSRNOG00000030948	0.14
ENSRNOG00000030954	12.13
ENSRNOG00000030956	0
ENSRNOG00000030962	0.42
ENSRNOG00000030963	28.07
ENSRNOG00000030965	0
ENSRNOG00000030979	0.13
ENSRNOG00000030981	0.16
ENSRNOG00000030983	11.43
ENSRNOG00000030984	0
ENSRNOG00000030988	0.35
ENSRNOG00000030991	0
ENSRNOG00000030993	0
ENSRNOG00000030999	0
ENSRNOG00000031003	2.12
ENSRNOG00000031004	1.8
ENSRNOG00000031005	0
ENSRNOG00000031013	0
ENSRNOG00000031022	103.27
ENSRNOG00000031024	0.07
ENSRNOG00000031027	0
ENSRNOG00000031031	6.57
ENSRNOG00000031032	37.77
ENSRNOG00000031033	8086.08
ENSRNOG00000031034	0
ENSRNOG00000031038	8.89
ENSRNOG00000031041	1.66
ENSRNOG00000031045	3.39
ENSRNOG00000031046	0
ENSRNOG00000031051	0
ENSRNOG00000031052	0.93
ENSRNOG00000031053	987.73
ENSRNOG00000031054	0
ENSRNOG00000031058	1.19
ENSRNOG00000031060	2.85
ENSRNOG00000031061	0.06
ENSRNOG00000031065	0
ENSRNOG00000031067	0.08
ENSRNOG00000031073	0
ENSRNOG00000031076	0
ENSRNOG00000031079	0.5
ENSRNOG00000031081	11.08
ENSRNOG00000031085	45.41
ENSRNOG00000031086	0
ENSRNOG00000031090	4.39
ENSRNOG00000031092	21.22
ENSRNOG00000031093	0.19
ENSRNOG00000031097	5.72
ENSRNOG00000031098	0
ENSRNOG00000031099	0.38
ENSRNOG00000031100	0.98
ENSRNOG00000031106	0
ENSRNOG00000031107	0
ENSRNOG00000031108	0
ENSRNOG00000031110	0
ENSRNOG00000031111	0.42
ENSRNOG00000031113	3.85
ENSRNOG00000031115	0
ENSRNOG00000031124	0
ENSRNOG00000031126	1.27
ENSRNOG00000031127	31.76
ENSRNOG00000031129	18.38
ENSRNOG00000031132	0
ENSRNOG00000031134	0
ENSRNOG00000031135	93.53
ENSRNOG00000031136	27.21
ENSRNOG00000031138	2.65
ENSRNOG00000031140	0
ENSRNOG00000031141	0.34
ENSRNOG00000031144	0
ENSRNOG00000031146	0
ENSRNOG00000031161	0
ENSRNOG00000031162	2.71
ENSRNOG00000031163	0.64
ENSRNOG00000031167	6.43
ENSRNOG00000031168	0.66
ENSRNOG00000031171	10.51
ENSRNOG00000031173	27.55
ENSRNOG00000031174	12.37
ENSRNOG00000031178	0.09
ENSRNOG00000031180	0
ENSRNOG00000031181	0
ENSRNOG00000031185	0
ENSRNOG00000031189	0.11
ENSRNOG00000031194	0
ENSRNOG00000031197	5.6
ENSRNOG00000031202	25.94
ENSRNOG00000031203	16.55
ENSRNOG00000031205	0
ENSRNOG00000031207	0.97
ENSRNOG00000031208	18.87
ENSRNOG00000031210	0
ENSRNOG00000031211	0.68
ENSRNOG00000031213	2.9
ENSRNOG00000031216	1.18
ENSRNOG00000031220	0
ENSRNOG00000031222	14.35
ENSRNOG00000031224	0
ENSRNOG00000031229	0
ENSRNOG00000031232	1.81
ENSRNOG00000031233	4.5
ENSRNOG00000031244	2.66
ENSRNOG00000031246	0
ENSRNOG00000031247	0.94
ENSRNOG00000031248	0
ENSRNOG00000031249	0.08
ENSRNOG00000031251	0
ENSRNOG00000031263	0.15
ENSRNOG00000031264	0
ENSRNOG00000031266	5.94
ENSRNOG00000031269	66.09
ENSRNOG00000031273	0.9
ENSRNOG00000031275	0.64
ENSRNOG00000031282	0
ENSRNOG00000031283	0
ENSRNOG00000031284	0
ENSRNOG00000031285	1.33
ENSRNOG00000031286	0.58
ENSRNOG00000031287	55.3
ENSRNOG00000031290	0.81
ENSRNOG00000031294	0
ENSRNOG00000031296	0
ENSRNOG00000031298	0
ENSRNOG00000031304	0
ENSRNOG00000031306	0.41
ENSRNOG00000031307	0
ENSRNOG00000031310	0.45
ENSRNOG00000031312	6.82
ENSRNOG00000031313	0.68
ENSRNOG00000031315	2.61
ENSRNOG00000031317	0.16
ENSRNOG00000031320	0.66
ENSRNOG00000031325	32.13
ENSRNOG00000031328	17.78
ENSRNOG00000031331	0
ENSRNOG00000031333	8.53
ENSRNOG00000031335	5.25
ENSRNOG00000031342	0.58
ENSRNOG00000031343	0.04
ENSRNOG00000031344	0.18
ENSRNOG00000031346	13.64
ENSRNOG00000031348	0.03
ENSRNOG00000031349	0
ENSRNOG00000031356	0
ENSRNOG00000031358	0
ENSRNOG00000031364	109.65
ENSRNOG00000031367	15.02
ENSRNOG00000031368	19.73
ENSRNOG00000031378	6.4
ENSRNOG00000031380	0
ENSRNOG00000031381	0
ENSRNOG00000031383	0
ENSRNOG00000031385	0
ENSRNOG00000031387	29.94
ENSRNOG00000031391	0.36
ENSRNOG00000031394	0
ENSRNOG00000031397	1.56
ENSRNOG00000031398	0.23
ENSRNOG00000031401	0.17
ENSRNOG00000031406	4.7
ENSRNOG00000031408	1.42
ENSRNOG00000031420	5.81
ENSRNOG00000031421	12.42
ENSRNOG00000031422	0
ENSRNOG00000031423	0
ENSRNOG00000031425	0
ENSRNOG00000031426	0
ENSRNOG00000031431	1.57
ENSRNOG00000031434	0.31
ENSRNOG00000031437	0
ENSRNOG00000031438	0.14
ENSRNOG00000031439	14.72
ENSRNOG00000031440	15.05
ENSRNOG00000031443	2.29
ENSRNOG00000031445	0
ENSRNOG00000031448	0.73
ENSRNOG00000031449	0
ENSRNOG00000031453	40.11
ENSRNOG00000031459	3.25
ENSRNOG00000031461	0.07
ENSRNOG00000031469	0.02
ENSRNOG00000031474	0
ENSRNOG00000031475	17.66
ENSRNOG00000031478	0.36
ENSRNOG00000031479	58.33
ENSRNOG00000031483	0
ENSRNOG00000031485	20.11
ENSRNOG00000031486	0.13
ENSRNOG00000031493	0.44
ENSRNOG00000031494	0.62
ENSRNOG00000031495	13.29
ENSRNOG00000031503	0
ENSRNOG00000031506	170.2
ENSRNOG00000031510	0
ENSRNOG00000031514	0
ENSRNOG00000031515	1.03
ENSRNOG00000031517	2.03
ENSRNOG00000031519	0
ENSRNOG00000031521	0
ENSRNOG00000031522	0
ENSRNOG00000031523	1.19
ENSRNOG00000031525	0
ENSRNOG00000031529	0
ENSRNOG00000031532	0.08
ENSRNOG00000031533	0.67
ENSRNOG00000031534	0
ENSRNOG00000031535	0.05
ENSRNOG00000031536	18.7
ENSRNOG00000031540	0.12
ENSRNOG00000031544	34.72
ENSRNOG00000031555	0.08
ENSRNOG00000031560	0.13
ENSRNOG00000031562	0.23
ENSRNOG00000031564	0
ENSRNOG00000031569	0.48
ENSRNOG00000031576	1.7
ENSRNOG00000031579	4.56
ENSRNOG00000031585	0.8
ENSRNOG00000031588	0.58
ENSRNOG00000031590	0.1
ENSRNOG00000031591	0.15
ENSRNOG00000031593	0.44
ENSRNOG00000031595	0.39
ENSRNOG00000031597	0
ENSRNOG00000031598	0
ENSRNOG00000031599	0.45
ENSRNOG00000031607	0.28
ENSRNOG00000031612	20.06
ENSRNOG00000031618	0
ENSRNOG00000031628	0
ENSRNOG00000031634	0
ENSRNOG00000031638	1.35
ENSRNOG00000031641	1.16
ENSRNOG00000031643	3.2
ENSRNOG00000031645	0
ENSRNOG00000031648	0
ENSRNOG00000031651	6.38
ENSRNOG00000031653	4.93
ENSRNOG00000031655	0
ENSRNOG00000031656	12.33
ENSRNOG00000031660	8.92
ENSRNOG00000031661	3
ENSRNOG00000031662	0.3
ENSRNOG00000031665	1.78
ENSRNOG00000031667	2.72
ENSRNOG00000031669	1.05
ENSRNOG00000031671	35.62
ENSRNOG00000031675	0.13
ENSRNOG00000031680	0.78
ENSRNOG00000031681	1.7
ENSRNOG00000031685	0
ENSRNOG00000031688	0
ENSRNOG00000031689	1.21
ENSRNOG00000031694	0.58
ENSRNOG00000031700	4
ENSRNOG00000031703	0
ENSRNOG00000031706	18.12
ENSRNOG00000031707	0
ENSRNOG00000031709	12.69
ENSRNOG00000031710	0
ENSRNOG00000031716	0.56
ENSRNOG00000031719	0
ENSRNOG00000031720	0
ENSRNOG00000031721	9.6
ENSRNOG00000031726	0
ENSRNOG00000031728	0
ENSRNOG00000031730	18.74
ENSRNOG00000031731	29.88
ENSRNOG00000031734	0
ENSRNOG00000031736	0.58
ENSRNOG00000031739	6.95
ENSRNOG00000031741	0
ENSRNOG00000031743	2.68
ENSRNOG00000031760	1.35
ENSRNOG00000031763	0
ENSRNOG00000031766	9408.42
ENSRNOG00000031769	16.24
ENSRNOG00000031770	0
ENSRNOG00000031773	0.44
ENSRNOG00000031778	34.26
ENSRNOG00000031779	0.21
ENSRNOG00000031780	1.92
ENSRNOG00000031782	0.05
ENSRNOG00000031785	0
ENSRNOG00000031789	64.27
ENSRNOG00000031790	0
ENSRNOG00000031792	0
ENSRNOG00000031795	0.52
ENSRNOG00000031801	2.8
ENSRNOG00000031802	40.85
ENSRNOG00000031803	0
ENSRNOG00000031805	0.09
ENSRNOG00000031811	0
ENSRNOG00000031814	123.73
ENSRNOG00000031816	19.58
ENSRNOG00000031823	0.35
ENSRNOG00000031824	21.16
ENSRNOG00000031827	18.1
ENSRNOG00000031833	0
ENSRNOG00000031834	18.59
ENSRNOG00000031836	0
ENSRNOG00000031840	0
ENSRNOG00000031848	0
ENSRNOG00000031849	14.72
ENSRNOG00000031851	6.56
ENSRNOG00000031852	61.65
ENSRNOG00000031855	31.59
ENSRNOG00000031859	0
ENSRNOG00000031864	50.88
ENSRNOG00000031865	0
ENSRNOG00000031879	0.11
ENSRNOG00000031889	5.32
ENSRNOG00000031890	103.84
ENSRNOG00000031896	7.7
ENSRNOG00000031899	0
ENSRNOG00000031902	0.25
ENSRNOG00000031903	0
ENSRNOG00000031906	0.1
ENSRNOG00000031912	1.07
ENSRNOG00000031915	7.98
ENSRNOG00000031916	0.73
ENSRNOG00000031918	0
ENSRNOG00000031927	76.46
ENSRNOG00000031928	0
ENSRNOG00000031929	0
ENSRNOG00000031930	7.1
ENSRNOG00000031934	28.2
ENSRNOG00000031935	0.86
ENSRNOG00000031939	1.74
ENSRNOG00000031942	0
ENSRNOG00000031947	0
ENSRNOG00000031950	5.75
ENSRNOG00000031951	2.61
ENSRNOG00000031955	0
ENSRNOG00000031956	0
ENSRNOG00000031959	0
ENSRNOG00000031960	0.14
ENSRNOG00000031965	24.22
ENSRNOG00000031966	0
ENSRNOG00000031969	1.83
ENSRNOG00000031971	0.12
ENSRNOG00000031974	32.42
ENSRNOG00000031979	15417.23
ENSRNOG00000031987	0
ENSRNOG00000031993	10.86
ENSRNOG00000031995	11.1
ENSRNOG00000031997	131.99
ENSRNOG00000032000	0.88
ENSRNOG00000032002	6.28
ENSRNOG00000032004	0
ENSRNOG00000032009	0.26
ENSRNOG00000032018	4.67
ENSRNOG00000032026	0.16
ENSRNOG00000032027	8.64
ENSRNOG00000032034	67.1
ENSRNOG00000032038	0.03
ENSRNOG00000032039	10.52
ENSRNOG00000032042	6.02
ENSRNOG00000032048	8.49
ENSRNOG00000032058	13.03
ENSRNOG00000032062	0
ENSRNOG00000032063	0.05
ENSRNOG00000032070	3.05
ENSRNOG00000032077	0
ENSRNOG00000032078	0
ENSRNOG00000032085	0.75
ENSRNOG00000032086	0
ENSRNOG00000032088	0
ENSRNOG00000032089	0
ENSRNOG00000032092	0
ENSRNOG00000032095	0.28
ENSRNOG00000032097	0
ENSRNOG00000032101	0
ENSRNOG00000032102	0
ENSRNOG00000032106	0
ENSRNOG00000032108	0.16
ENSRNOG00000032112	0.86
ENSRNOG00000032117	0.07
ENSRNOG00000032126	0
ENSRNOG00000032130	8.1
ENSRNOG00000032131	0
ENSRNOG00000032132	0
ENSRNOG00000032133	0
ENSRNOG00000032134	121.63
ENSRNOG00000032135	0
ENSRNOG00000032136	4.98
ENSRNOG00000032137	0
ENSRNOG00000032148	0.27
ENSRNOG00000032150	24.02
ENSRNOG00000032152	31.66
ENSRNOG00000032156	0
ENSRNOG00000032160	0
ENSRNOG00000032170	0.12
ENSRNOG00000032177	3.02
ENSRNOG00000032178	0.18
ENSRNOG00000032180	1.75
ENSRNOG00000032183	17.36
ENSRNOG00000032187	0
ENSRNOG00000032192	7.22
ENSRNOG00000032195	0.59
ENSRNOG00000032202	0.07
ENSRNOG00000032203	0
ENSRNOG00000032204	24.96
ENSRNOG00000032206	1
ENSRNOG00000032208	1.66
ENSRNOG00000032213	0
ENSRNOG00000032215	5.7
ENSRNOG00000032219	0
ENSRNOG00000032224	0.65
ENSRNOG00000032226	0
ENSRNOG00000032231	0.21
ENSRNOG00000032232	5.06
ENSRNOG00000032238	6.32
ENSRNOG00000032240	1.2
ENSRNOG00000032241	0
ENSRNOG00000032246	1.14
ENSRNOG00000032247	0.03
ENSRNOG00000032248	0
ENSRNOG00000032254	12.29
ENSRNOG00000032258	4.57
ENSRNOG00000032261	11.91
ENSRNOG00000032273	0
ENSRNOG00000032274	7.47
ENSRNOG00000032289	0.66
ENSRNOG00000032290	0
ENSRNOG00000032293	11.34
ENSRNOG00000032297	57.72
ENSRNOG00000032300	0
ENSRNOG00000032303	5.74
ENSRNOG00000032304	0
ENSRNOG00000032306	0
ENSRNOG00000032307	2.67
ENSRNOG00000032310	0.14
ENSRNOG00000032311	1.8
ENSRNOG00000032317	0
ENSRNOG00000032320	0
ENSRNOG00000032321	0
ENSRNOG00000032325	0
ENSRNOG00000032327	2
ENSRNOG00000032328	67.67
ENSRNOG00000032329	1.44
ENSRNOG00000032332	0
ENSRNOG00000032335	0
ENSRNOG00000032339	5.94
ENSRNOG00000032348	0.2
ENSRNOG00000032350	33.77
ENSRNOG00000032352	0
ENSRNOG00000032353	0
ENSRNOG00000032361	0.36
ENSRNOG00000032364	10.02
ENSRNOG00000032365	0
ENSRNOG00000032368	0.02
ENSRNOG00000032371	0
ENSRNOG00000032374	6.71
ENSRNOG00000032375	0.02
ENSRNOG00000032376	2.14
ENSRNOG00000032378	0.09
ENSRNOG00000032381	4.77
ENSRNOG00000032383	0
ENSRNOG00000032386	0
ENSRNOG00000032390	0
ENSRNOG00000032391	24.05
ENSRNOG00000032394	13.19
ENSRNOG00000032395	5.92
ENSRNOG00000032396	0.28
ENSRNOG00000032398	18.46
ENSRNOG00000032401	99.94
ENSRNOG00000032408	0
ENSRNOG00000032410	4.12
ENSRNOG00000032412	0
ENSRNOG00000032414	18.17
ENSRNOG00000032417	0.33
ENSRNOG00000032418	0
ENSRNOG00000032419	0
ENSRNOG00000032420	1.21
ENSRNOG00000032424	0
ENSRNOG00000032426	0.99
ENSRNOG00000032427	0
ENSRNOG00000032428	0
ENSRNOG00000032429	0.63
ENSRNOG00000032432	0
ENSRNOG00000032434	0
ENSRNOG00000032436	14.23
ENSRNOG00000032437	10.42
ENSRNOG00000032439	0.4
ENSRNOG00000032441	10.85
ENSRNOG00000032442	0.28
ENSRNOG00000032443	0.19
ENSRNOG00000032446	0.56
ENSRNOG00000032447	2.89
ENSRNOG00000032448	0
ENSRNOG00000032454	0
ENSRNOG00000032461	0
ENSRNOG00000032463	36.39
ENSRNOG00000032471	8.65
ENSRNOG00000032472	2.15
ENSRNOG00000032473	0.03
ENSRNOG00000032482	0
ENSRNOG00000032487	11.71
ENSRNOG00000032490	5.36
ENSRNOG00000032492	76.29
ENSRNOG00000032495	0
ENSRNOG00000032508	0.1
ENSRNOG00000032512	0
ENSRNOG00000032513	0
ENSRNOG00000032516	0
ENSRNOG00000032517	3.97
ENSRNOG00000032518	0
ENSRNOG00000032521	0
ENSRNOG00000032522	6.97
ENSRNOG00000032523	0
ENSRNOG00000032529	0
ENSRNOG00000032530	0
ENSRNOG00000032531	0.82
ENSRNOG00000032535	0
ENSRNOG00000032539	2.38
ENSRNOG00000032542	4.52
ENSRNOG00000032545	0
ENSRNOG00000032546	15.24
ENSRNOG00000032548	0
ENSRNOG00000032550	0.21
ENSRNOG00000032552	6.17
ENSRNOG00000032554	0
ENSRNOG00000032558	0
ENSRNOG00000032560	0
ENSRNOG00000032561	2.94
ENSRNOG00000032569	14.55
ENSRNOG00000032570	0.02
ENSRNOG00000032574	25.61
ENSRNOG00000032575	10.85
ENSRNOG00000032576	12.52
ENSRNOG00000032578	2.15
ENSRNOG00000032579	0.3
ENSRNOG00000032580	0
ENSRNOG00000032585	0.09
ENSRNOG00000032590	2.1
ENSRNOG00000032596	0.4
ENSRNOG00000032597	0
ENSRNOG00000032600	0
ENSRNOG00000032602	0
ENSRNOG00000032605	16.76
ENSRNOG00000032609	16.11
ENSRNOG00000032618	0.3
ENSRNOG00000032625	4.37
ENSRNOG00000032626	0
ENSRNOG00000032629	0
ENSRNOG00000032630	9.75
ENSRNOG00000032635	20.6
ENSRNOG00000032639	3.39
ENSRNOG00000032642	0
ENSRNOG00000032647	0
ENSRNOG00000032656	17.74
ENSRNOG00000032657	0
ENSRNOG00000032659	29.51
ENSRNOG00000032660	16.79
ENSRNOG00000032664	0.33
ENSRNOG00000032666	0
ENSRNOG00000032668	3.32
ENSRNOG00000032669	0.37
ENSRNOG00000032671	0
ENSRNOG00000032672	0
ENSRNOG00000032677	14.33
ENSRNOG00000032682	0
ENSRNOG00000032684	0.05
ENSRNOG00000032690	32.18
ENSRNOG00000032693	0
ENSRNOG00000032699	210.2
ENSRNOG00000032700	5.95
ENSRNOG00000032703	15.58
ENSRNOG00000032705	22.16
ENSRNOG00000032706	0.29
ENSRNOG00000032708	0.19
ENSRNOG00000032712	0
ENSRNOG00000032715	3.18
ENSRNOG00000032716	0
ENSRNOG00000032720	2.41
ENSRNOG00000032722	0
ENSRNOG00000032723	4.35
ENSRNOG00000032724	0
ENSRNOG00000032728	0.09
ENSRNOG00000032729	97.71
ENSRNOG00000032730	0
ENSRNOG00000032733	0
ENSRNOG00000032735	29.48
ENSRNOG00000032737	0
ENSRNOG00000032738	0
ENSRNOG00000032739	0.81
ENSRNOG00000032740	44.57
ENSRNOG00000032745	0
ENSRNOG00000032759	0
ENSRNOG00000032765	0
ENSRNOG00000032768	3.15
ENSRNOG00000032769	0
ENSRNOG00000032771	0.41
ENSRNOG00000032776	24.16
ENSRNOG00000032777	1.47
ENSRNOG00000032778	0.39
ENSRNOG00000032780	22.96
ENSRNOG00000032788	0.96
ENSRNOG00000032797	0
ENSRNOG00000032798	20.96
ENSRNOG00000032799	2.36
ENSRNOG00000032803	12.45
ENSRNOG00000032805	0.03
ENSRNOG00000032807	0
ENSRNOG00000032812	0
ENSRNOG00000032813	4.53
ENSRNOG00000032817	0
ENSRNOG00000032819	0
ENSRNOG00000032820	0.05
ENSRNOG00000032822	0
ENSRNOG00000032825	106.66
ENSRNOG00000032827	2.83
ENSRNOG00000032828	62.82
ENSRNOG00000032832	0.04
ENSRNOG00000032835	0
ENSRNOG00000032839	0
ENSRNOG00000032840	67.17
ENSRNOG00000032844	0.31
ENSRNOG00000032845	0
ENSRNOG00000032846	4.88
ENSRNOG00000032847	0
ENSRNOG00000032856	0.05
ENSRNOG00000032857	0
ENSRNOG00000032858	0.02
ENSRNOG00000032859	0
ENSRNOG00000032860	0.15
ENSRNOG00000032866	0
ENSRNOG00000032869	0
ENSRNOG00000032871	110.19
ENSRNOG00000032873	0
ENSRNOG00000032877	0.16
ENSRNOG00000032878	29.19
ENSRNOG00000032882	52.3
ENSRNOG00000032884	0.03
ENSRNOG00000032885	0
ENSRNOG00000032889	0.09
ENSRNOG00000032890	0.07
ENSRNOG00000032891	0
ENSRNOG00000032895	1.37
ENSRNOG00000032900	3.58
ENSRNOG00000032902	2.67
ENSRNOG00000032908	20.34
ENSRNOG00000032913	0.05
ENSRNOG00000032916	0
ENSRNOG00000032917	8.03
ENSRNOG00000032919	4.56
ENSRNOG00000032922	37.99
ENSRNOG00000032924	0
ENSRNOG00000032925	0
ENSRNOG00000032926	0
ENSRNOG00000032929	3.4
ENSRNOG00000032930	6.72
ENSRNOG00000032940	0
ENSRNOG00000032941	0.22
ENSRNOG00000032942	11.95
ENSRNOG00000032944	0
ENSRNOG00000032946	5.01
ENSRNOG00000032947	0.34
ENSRNOG00000032948	7.57
ENSRNOG00000032951	0.11
ENSRNOG00000032959	0.03
ENSRNOG00000032964	1.33
ENSRNOG00000032967	0
ENSRNOG00000032970	0.35
ENSRNOG00000032973	0
ENSRNOG00000032977	0.08
ENSRNOG00000032984	0
ENSRNOG00000032989	0
ENSRNOG00000032990	0.11
ENSRNOG00000032991	0.05
ENSRNOG00000032994	0.42
ENSRNOG00000032995	0.67
ENSRNOG00000032996	0
ENSRNOG00000032997	2.8
ENSRNOG00000032999	0
ENSRNOG00000033000	0
ENSRNOG00000033009	0
ENSRNOG00000033010	0
ENSRNOG00000033014	0
ENSRNOG00000033015	1.41
ENSRNOG00000033017	0
ENSRNOG00000033020	0
ENSRNOG00000033021	0
ENSRNOG00000033022	0
ENSRNOG00000033024	12.77
ENSRNOG00000033025	0
ENSRNOG00000033026	8.44
ENSRNOG00000033028	0.09
ENSRNOG00000033030	0.22
ENSRNOG00000033032	0
ENSRNOG00000033038	0.15
ENSRNOG00000033045	5.07
ENSRNOG00000033051	13.35
ENSRNOG00000033056	5.39
ENSRNOG00000033057	31.96
ENSRNOG00000033058	0.39
ENSRNOG00000033059	20.25
ENSRNOG00000033060	0
ENSRNOG00000033061	0
ENSRNOG00000033064	103.51
ENSRNOG00000033065	7.12
ENSRNOG00000033073	0
ENSRNOG00000033076	5.38
ENSRNOG00000033087	0.55
ENSRNOG00000033088	0
ENSRNOG00000033090	0.53
ENSRNOG00000033097	1.72
ENSRNOG00000033099	4.72
ENSRNOG00000033100	1.77
ENSRNOG00000033101	33.92
ENSRNOG00000033109	0
ENSRNOG00000033110	0.36
ENSRNOG00000033115	0.13
ENSRNOG00000033119	36.87
ENSRNOG00000033123	1.51
ENSRNOG00000033125	0
ENSRNOG00000033130	0
ENSRNOG00000033133	13.62
ENSRNOG00000033134	21.09
ENSRNOG00000033136	0.06
ENSRNOG00000033141	0.11
ENSRNOG00000033143	0.22
ENSRNOG00000033146	0.28
ENSRNOG00000033147	0.34
ENSRNOG00000033150	0
ENSRNOG00000033152	54.7
ENSRNOG00000033153	0.35
ENSRNOG00000033156	0
ENSRNOG00000033161	0.59
ENSRNOG00000033162	0.03
ENSRNOG00000033164	0
ENSRNOG00000033165	0
ENSRNOG00000033169	35.73
ENSRNOG00000033173	0
ENSRNOG00000033176	8.58
ENSRNOG00000033177	0
ENSRNOG00000033186	0
ENSRNOG00000033192	0.69
ENSRNOG00000033195	0
ENSRNOG00000033196	8.1
ENSRNOG00000033197	0
ENSRNOG00000033199	6.98
ENSRNOG00000033200	0
ENSRNOG00000033202	13.56
ENSRNOG00000033206	10.67
ENSRNOG00000033207	0.22
ENSRNOG00000033209	0.27
ENSRNOG00000033214	0
ENSRNOG00000033215	0.2
ENSRNOG00000033217	10.43
ENSRNOG00000033220	1.13
ENSRNOG00000033224	0
ENSRNOG00000033226	1.23
ENSRNOG00000033231	0
ENSRNOG00000033234	0.13
ENSRNOG00000033235	1.42
ENSRNOG00000033244	0
ENSRNOG00000033245	0
ENSRNOG00000033251	0.38
ENSRNOG00000033256	1.24
ENSRNOG00000033261	92.54
ENSRNOG00000033262	8.89
ENSRNOG00000033263	0
ENSRNOG00000033265	0.19
ENSRNOG00000033266	0.23
ENSRNOG00000033267	0
ENSRNOG00000033271	0.13
ENSRNOG00000033274	0.14
ENSRNOG00000033278	0
ENSRNOG00000033280	44.84
ENSRNOG00000033299	4351.02
ENSRNOG00000033316	17.64
ENSRNOG00000033318	6.97
ENSRNOG00000033321	0.51
ENSRNOG00000033330	1.7
ENSRNOG00000033335	0.72
ENSRNOG00000033338	1.91
ENSRNOG00000033341	6.03
ENSRNOG00000033343	0.42
ENSRNOG00000033344	0
ENSRNOG00000033345	0
ENSRNOG00000033346	0.08
ENSRNOG00000033348	0.09
ENSRNOG00000033350	0
ENSRNOG00000033351	12.06
ENSRNOG00000033352	0
ENSRNOG00000033358	0
ENSRNOG00000033361	5.01
ENSRNOG00000033366	0
ENSRNOG00000033368	0
ENSRNOG00000033369	0
ENSRNOG00000033372	33.55
ENSRNOG00000033376	0
ENSRNOG00000033378	30.4
ENSRNOG00000033386	0
ENSRNOG00000033387	0
ENSRNOG00000033389	6.72
ENSRNOG00000033391	0
ENSRNOG00000033395	0
ENSRNOG00000033397	5.23
ENSRNOG00000033400	0
ENSRNOG00000033402	7.34
ENSRNOG00000033403	0
ENSRNOG00000033407	0
ENSRNOG00000033411	12.4
ENSRNOG00000033413	0
ENSRNOG00000033414	0
ENSRNOG00000033415	0
ENSRNOG00000033422	0
ENSRNOG00000033423	0
ENSRNOG00000033426	47.7
ENSRNOG00000033429	0.52
ENSRNOG00000033433	1.61
ENSRNOG00000033434	0.66
ENSRNOG00000033439	0.28
ENSRNOG00000033441	0
ENSRNOG00000033444	0.34
ENSRNOG00000033445	1.68
ENSRNOG00000033449	0
ENSRNOG00000033451	0
ENSRNOG00000033458	0.06
ENSRNOG00000033466	0.05
ENSRNOG00000033473	115.92
ENSRNOG00000033479	1.35
ENSRNOG00000033483	0
ENSRNOG00000033484	0
ENSRNOG00000033487	0
ENSRNOG00000033490	0.66
ENSRNOG00000033492	0
ENSRNOG00000033494	0
ENSRNOG00000033496	19.77
ENSRNOG00000033498	13.71
ENSRNOG00000033499	0
ENSRNOG00000033502	0.14
ENSRNOG00000033503	0.15
ENSRNOG00000033505	0
ENSRNOG00000033507	0
ENSRNOG00000033508	102.9
ENSRNOG00000033512	0
ENSRNOG00000033515	0.16
ENSRNOG00000033517	0.12
ENSRNOG00000033520	0.29
ENSRNOG00000033522	13.09
ENSRNOG00000033524	0
ENSRNOG00000033527	0.56
ENSRNOG00000033528	0.68
ENSRNOG00000033529	0.12
ENSRNOG00000033531	15.56
ENSRNOG00000033538	0
ENSRNOG00000033540	0
ENSRNOG00000033543	0
ENSRNOG00000033545	0
ENSRNOG00000033556	8.53
ENSRNOG00000033559	0.2
ENSRNOG00000033560	8.88
ENSRNOG00000033564	1.57
ENSRNOG00000033567	0.09
ENSRNOG00000033568	111.37
ENSRNOG00000033570	0
ENSRNOG00000033572	0.14
ENSRNOG00000033573	5.15
ENSRNOG00000033575	8.45
ENSRNOG00000033579	2.2
ENSRNOG00000033581	4.53
ENSRNOG00000033583	2.89
ENSRNOG00000033584	0
ENSRNOG00000033585	0
ENSRNOG00000033588	0.31
ENSRNOG00000033593	30.44
ENSRNOG00000033600	0
ENSRNOG00000033602	0
ENSRNOG00000033603	1.11
ENSRNOG00000033608	2.75
ENSRNOG00000033609	1.9
ENSRNOG00000033611	40.94
ENSRNOG00000033613	3.67
ENSRNOG00000033615	2783.01
ENSRNOG00000033617	5.82
ENSRNOG00000033618	0.11
ENSRNOG00000033619	0
ENSRNOG00000033623	13.7
ENSRNOG00000033624	6.8
ENSRNOG00000033625	0.19
ENSRNOG00000033628	0
ENSRNOG00000033638	0
ENSRNOG00000033639	9.96
ENSRNOG00000033640	0
ENSRNOG00000033642	0
ENSRNOG00000033652	0.24
ENSRNOG00000033653	15.3
ENSRNOG00000033654	5.37
ENSRNOG00000033655	0
ENSRNOG00000033658	0.82
ENSRNOG00000033659	0
ENSRNOG00000033663	6.78
ENSRNOG00000033665	0.16
ENSRNOG00000033672	0.16
ENSRNOG00000033673	0
ENSRNOG00000033679	0
ENSRNOG00000033680	0
ENSRNOG00000033682	0
ENSRNOG00000033685	0
ENSRNOG00000033686	0
ENSRNOG00000033688	36.49
ENSRNOG00000033690	0
ENSRNOG00000033693	1.02
ENSRNOG00000033694	17.83
ENSRNOG00000033695	1.37
ENSRNOG00000033697	2.74
ENSRNOG00000033700	9.16
ENSRNOG00000033703	0
ENSRNOG00000033704	0
ENSRNOG00000033706	0
ENSRNOG00000033714	0
ENSRNOG00000033719	1.11
ENSRNOG00000033722	4.99
ENSRNOG00000033729	5.12
ENSRNOG00000033733	2.31
ENSRNOG00000033734	0.11
ENSRNOG00000033736	0.97
ENSRNOG00000033740	4.67
ENSRNOG00000033741	18.5
ENSRNOG00000033744	1.39
ENSRNOG00000033747	3.11
ENSRNOG00000033748	0
ENSRNOG00000033755	0
ENSRNOG00000033761	0
ENSRNOG00000033763	0.29
ENSRNOG00000033765	195.47
ENSRNOG00000033772	10.02
ENSRNOG00000033775	0
ENSRNOG00000033776	0
ENSRNOG00000033787	3
ENSRNOG00000033790	121.98
ENSRNOG00000033791	25.8
ENSRNOG00000033792	2.13
ENSRNOG00000033796	1.53
ENSRNOG00000033799	0
ENSRNOG00000033801	0
ENSRNOG00000033803	4.75
ENSRNOG00000033805	0
ENSRNOG00000033808	0
ENSRNOG00000033809	4.14
ENSRNOG00000033813	0
ENSRNOG00000033815	0.15
ENSRNOG00000033819	0
ENSRNOG00000033823	0.23
ENSRNOG00000033824	9.68
ENSRNOG00000033830	0.07
ENSRNOG00000033835	244.77
ENSRNOG00000033837	4.29
ENSRNOG00000033839	0
ENSRNOG00000033843	0.24
ENSRNOG00000033844	35.54
ENSRNOG00000033855	0.13
ENSRNOG00000033862	0.07
ENSRNOG00000033863	21.22
ENSRNOG00000033874	0
ENSRNOG00000033881	1.91
ENSRNOG00000033883	1.97
ENSRNOG00000033891	0.47
ENSRNOG00000033893	14.32
ENSRNOG00000033894	9.06
ENSRNOG00000033896	0
ENSRNOG00000033901	0
ENSRNOG00000033906	2.92
ENSRNOG00000033910	0
ENSRNOG00000033912	51.92
ENSRNOG00000033913	0.97
ENSRNOG00000033915	16.48
ENSRNOG00000033916	54.68
ENSRNOG00000033921	2.75
ENSRNOG00000033923	0.01
ENSRNOG00000033924	0
ENSRNOG00000033928	0
ENSRNOG00000033929	0
ENSRNOG00000033932	8.41
ENSRNOG00000033933	0
ENSRNOG00000033938	0
ENSRNOG00000033940	4.37
ENSRNOG00000033942	11.03
ENSRNOG00000033952	0
ENSRNOG00000033953	0.38
ENSRNOG00000033956	0.98
ENSRNOG00000033957	2.84
ENSRNOG00000033970	3.53
ENSRNOG00000033972	0
ENSRNOG00000033973	1.83
ENSRNOG00000033979	0
ENSRNOG00000033980	2.29
ENSRNOG00000033981	0.59
ENSRNOG00000033983	0.18
ENSRNOG00000033984	0.57
ENSRNOG00000033993	0.14
ENSRNOG00000033994	0
ENSRNOG00000034000	0
ENSRNOG00000034007	7.35
ENSRNOG00000034011	0
ENSRNOG00000034012	0
ENSRNOG00000034013	17.19
ENSRNOG00000034015	33.49
ENSRNOG00000034016	0.04
ENSRNOG00000034022	10.06
ENSRNOG00000034025	18.86
ENSRNOG00000034026	4.76
ENSRNOG00000034028	0
ENSRNOG00000034030	2.28
ENSRNOG00000034031	62.11
ENSRNOG00000034037	24.42
ENSRNOG00000034038	0.04
ENSRNOG00000034039	0
ENSRNOG00000034040	0
ENSRNOG00000034047	0
ENSRNOG00000034052	0
ENSRNOG00000034060	0
ENSRNOG00000034061	0
ENSRNOG00000034066	382.35
ENSRNOG00000034071	59.47
ENSRNOG00000034073	0
ENSRNOG00000034075	30.44
ENSRNOG00000034078	33.14
ENSRNOG00000034083	0
ENSRNOG00000034084	11.49
ENSRNOG00000034087	0
ENSRNOG00000034088	0
ENSRNOG00000034089	1.08
ENSRNOG00000034090	0.17
ENSRNOG00000034093	15.83
ENSRNOG00000034101	0
ENSRNOG00000034102	5.82
ENSRNOG00000034106	0
ENSRNOG00000034107	8.86
ENSRNOG00000034110	0
ENSRNOG00000034115	0
ENSRNOG00000034116	4.48
ENSRNOG00000034119	0
ENSRNOG00000034120	0
ENSRNOG00000034126	4.14
ENSRNOG00000034128	0
ENSRNOG00000034129	0
ENSRNOG00000034130	0.1
ENSRNOG00000034134	16.31
ENSRNOG00000034139	0.41
ENSRNOG00000034150	0
ENSRNOG00000034161	61.48
ENSRNOG00000034164	0.53
ENSRNOG00000034168	2.58
ENSRNOG00000034169	0
ENSRNOG00000034174	0.95
ENSRNOG00000034177	6.77
ENSRNOG00000034180	40.86
ENSRNOG00000034182	5.58
ENSRNOG00000034183	0
ENSRNOG00000034184	2.05
ENSRNOG00000034190	0.28
ENSRNOG00000034191	2.3
ENSRNOG00000034195	0
ENSRNOG00000034198	47.2
ENSRNOG00000034200	37.32
ENSRNOG00000034203	0
ENSRNOG00000034206	0.23
ENSRNOG00000034215	0
ENSRNOG00000034221	10.97
ENSRNOG00000034226	0.83
ENSRNOG00000034227	0
ENSRNOG00000034228	0.13
ENSRNOG00000034229	0
ENSRNOG00000034230	0.06
ENSRNOG00000034233	43.24
ENSRNOG00000034234	18833.14
ENSRNOG00000034236	0.13
ENSRNOG00000034237	144.8
ENSRNOG00000034240	4.63
ENSRNOG00000034241	5.95
ENSRNOG00000034242	106.7
ENSRNOG00000034246	46.47
ENSRNOG00000034254	890.04
ENSRNOG00000034258	0.01
ENSRNOG00000034266	0.04
ENSRNOG00000034269	5.24
ENSRNOG00000034272	12.61
ENSRNOG00000034275	0
ENSRNOG00000034283	0
ENSRNOG00000034287	5.96
ENSRNOG00000034289	0.33
ENSRNOG00000034290	0.08
ENSRNOG00000034300	0.28
ENSRNOG00000034316	0.56
ENSRNOG00000034350	0
ENSRNOG00000034354	0
ENSRNOG00000034366	0.61
ENSRNOG00000034413	0
ENSRNOG00000034421	0
ENSRNOG00000034458	0
ENSRNOG00000034498	0
ENSRNOG00000034503	0
ENSRNOG00000034513	0
ENSRNOG00000034530	0
ENSRNOG00000034535	0
ENSRNOG00000034597	0
ENSRNOG00000034612	0
ENSRNOG00000034695	0
ENSRNOG00000034753	0
ENSRNOG00000034772	0
ENSRNOG00000034781	0
ENSRNOG00000034790	0
ENSRNOG00000034799	0
ENSRNOG00000034905	0
ENSRNOG00000034920	0
ENSRNOG00000034938	0
ENSRNOG00000035046	0
ENSRNOG00000035079	0
ENSRNOG00000035103	0
ENSRNOG00000035114	0
ENSRNOG00000035148	0
ENSRNOG00000035171	0
ENSRNOG00000035238	0
ENSRNOG00000035243	0
ENSRNOG00000035293	0
ENSRNOG00000035312	0
ENSRNOG00000035323	0
ENSRNOG00000035357	0
ENSRNOG00000035409	0.85
ENSRNOG00000035416	0
ENSRNOG00000035437	1.07
ENSRNOG00000035451	0
ENSRNOG00000035452	9.02
ENSRNOG00000035453	0.55
ENSRNOG00000035454	0
ENSRNOG00000035455	0
ENSRNOG00000035456	0.54
ENSRNOG00000035457	0
ENSRNOG00000035458	0
ENSRNOG00000035459	3.36
ENSRNOG00000035461	2.71
ENSRNOG00000035462	0
ENSRNOG00000035463	0
ENSRNOG00000035464	0
ENSRNOG00000035465	13.14
ENSRNOG00000035466	0
ENSRNOG00000035467	6.64
ENSRNOG00000035470	0
ENSRNOG00000035471	2.27
ENSRNOG00000035472	0
ENSRNOG00000035473	0
ENSRNOG00000035474	1.46
ENSRNOG00000035476	1.16
ENSRNOG00000035477	0
ENSRNOG00000035478	0
ENSRNOG00000035479	1.34
ENSRNOG00000035480	5.6
ENSRNOG00000035481	0
ENSRNOG00000035482	0.78
ENSRNOG00000035483	0
ENSRNOG00000035484	0
ENSRNOG00000035485	0.74
ENSRNOG00000035486	0
ENSRNOG00000035487	0
ENSRNOG00000035489	0
ENSRNOG00000035490	0
ENSRNOG00000035491	0
ENSRNOG00000035493	0.6
ENSRNOG00000035494	0
ENSRNOG00000035496	1.5
ENSRNOG00000035497	3.3
ENSRNOG00000035498	0
ENSRNOG00000035499	3.55
ENSRNOG00000035500	0
ENSRNOG00000035501	1.19
ENSRNOG00000035502	3.22
ENSRNOG00000035503	0
ENSRNOG00000035504	0
ENSRNOG00000035505	0
ENSRNOG00000035506	0
ENSRNOG00000035507	0.55
ENSRNOG00000035508	0
ENSRNOG00000035509	0
ENSRNOG00000035510	0
ENSRNOG00000035512	0
ENSRNOG00000035513	0
ENSRNOG00000035514	0
ENSRNOG00000035515	0
ENSRNOG00000035516	2.55
ENSRNOG00000035517	1.71
ENSRNOG00000035518	0
ENSRNOG00000035519	0.72
ENSRNOG00000035520	0
ENSRNOG00000035521	0
ENSRNOG00000035522	0
ENSRNOG00000035523	0
ENSRNOG00000035524	0
ENSRNOG00000035525	0
ENSRNOG00000035526	0
ENSRNOG00000035527	0.66
ENSRNOG00000035528	0
ENSRNOG00000035529	0
ENSRNOG00000035530	0
ENSRNOG00000035531	2.3
ENSRNOG00000035532	0
ENSRNOG00000035534	1.57
ENSRNOG00000035535	0
ENSRNOG00000035536	0
ENSRNOG00000035537	0
ENSRNOG00000035538	0
ENSRNOG00000035539	0
ENSRNOG00000035540	0
ENSRNOG00000035541	0
ENSRNOG00000035542	0
ENSRNOG00000035543	6.04
ENSRNOG00000035544	0
ENSRNOG00000035546	8.16
ENSRNOG00000035547	0
ENSRNOG00000035548	0
ENSRNOG00000035549	0
ENSRNOG00000035550	0
ENSRNOG00000035551	4.77
ENSRNOG00000035553	0
ENSRNOG00000035554	0
ENSRNOG00000035555	0.73
ENSRNOG00000035556	0
ENSRNOG00000035557	20.69
ENSRNOG00000035560	0
ENSRNOG00000035561	0
ENSRNOG00000035562	0
ENSRNOG00000035563	0.73
ENSRNOG00000035565	0.66
ENSRNOG00000035566	0
ENSRNOG00000035567	0.72
ENSRNOG00000035568	12.12
ENSRNOG00000035569	1.22
ENSRNOG00000035570	0
ENSRNOG00000035571	0
ENSRNOG00000035572	0
ENSRNOG00000035573	4.83
ENSRNOG00000035574	0
ENSRNOG00000035576	9.3
ENSRNOG00000035577	0
ENSRNOG00000035578	0
ENSRNOG00000035579	0
ENSRNOG00000035580	0
ENSRNOG00000035581	0
ENSRNOG00000035582	1.43
ENSRNOG00000035583	21.67
ENSRNOG00000035585	0.81
ENSRNOG00000035586	0.64
ENSRNOG00000035587	0
ENSRNOG00000035588	0.76
ENSRNOG00000035589	0
ENSRNOG00000035590	0
ENSRNOG00000035591	1.64
ENSRNOG00000035592	0
ENSRNOG00000035593	0
ENSRNOG00000035594	5.26
ENSRNOG00000035595	0
ENSRNOG00000035596	4.96
ENSRNOG00000035597	0
ENSRNOG00000035598	1.79
ENSRNOG00000035599	3.11
ENSRNOG00000035600	4.6
ENSRNOG00000035601	0
ENSRNOG00000035602	0
ENSRNOG00000035603	1.23
ENSRNOG00000035605	0
ENSRNOG00000035606	3.28
ENSRNOG00000035607	0
ENSRNOG00000035608	0
ENSRNOG00000035609	0
ENSRNOG00000035610	10.1
ENSRNOG00000035611	0.79
ENSRNOG00000035612	1.3
ENSRNOG00000035613	6.64
ENSRNOG00000035614	0
ENSRNOG00000035615	0.82
ENSRNOG00000035616	0
ENSRNOG00000035617	21.73
ENSRNOG00000035618	0.67
ENSRNOG00000035619	0
ENSRNOG00000035620	33.24
ENSRNOG00000035621	0
ENSRNOG00000035622	0
ENSRNOG00000035623	0
ENSRNOG00000035624	0
ENSRNOG00000035625	1.11
ENSRNOG00000035626	1.88
ENSRNOG00000035627	0.66
ENSRNOG00000035628	6.01
ENSRNOG00000035629	0
ENSRNOG00000035630	0
ENSRNOG00000035631	0
ENSRNOG00000035632	0
ENSRNOG00000035633	0
ENSRNOG00000035634	0
ENSRNOG00000035635	0
ENSRNOG00000035636	5.31
ENSRNOG00000035637	0
ENSRNOG00000035638	0
ENSRNOG00000035639	0.74
ENSRNOG00000035640	0
ENSRNOG00000035641	0.65
ENSRNOG00000035642	0.72
ENSRNOG00000035643	17.29
ENSRNOG00000035644	0
ENSRNOG00000035645	0
ENSRNOG00000035646	0
ENSRNOG00000035647	0
ENSRNOG00000035648	0
ENSRNOG00000035649	0.83
ENSRNOG00000035650	0
ENSRNOG00000035651	0
ENSRNOG00000035652	0
ENSRNOG00000035653	1.17
ENSRNOG00000035654	0
ENSRNOG00000035655	0
ENSRNOG00000035656	0
ENSRNOG00000035657	0
ENSRNOG00000035658	0
ENSRNOG00000035686	0
ENSRNOG00000035837	0.63
ENSRNOG00000035854	0
ENSRNOG00000035926	0
ENSRNOG00000035957	0.54
ENSRNOG00000035961	0
ENSRNOG00000035975	0
ENSRNOG00000036044	0
ENSRNOG00000036071	0
ENSRNOG00000036145	0
ENSRNOG00000036163	0
ENSRNOG00000036194	0
ENSRNOG00000036200	0
ENSRNOG00000036241	0
ENSRNOG00000036243	0.77
ENSRNOG00000036244	0
ENSRNOG00000036245	0
ENSRNOG00000036246	0
ENSRNOG00000036249	2.45
ENSRNOG00000036251	0.98
ENSRNOG00000036258	0
ENSRNOG00000036260	0
ENSRNOG00000036262	0
ENSRNOG00000036263	0
ENSRNOG00000036264	0
ENSRNOG00000036265	0
ENSRNOG00000036266	0
ENSRNOG00000036267	6.71
ENSRNOG00000036268	0
ENSRNOG00000036269	0
ENSRNOG00000036271	0
ENSRNOG00000036272	0
ENSRNOG00000036273	0
ENSRNOG00000036287	0
ENSRNOG00000036288	0
ENSRNOG00000036293	0
ENSRNOG00000036296	0
ENSRNOG00000036300	0
ENSRNOG00000036301	0.61
ENSRNOG00000036303	3.46
ENSRNOG00000036304	0
ENSRNOG00000036310	0
ENSRNOG00000036318	0
ENSRNOG00000036327	0
ENSRNOG00000036328	0
ENSRNOG00000036332	0
ENSRNOG00000036334	0
ENSRNOG00000036337	0.58
ENSRNOG00000036338	0
ENSRNOG00000036339	0
ENSRNOG00000036362	0
ENSRNOG00000036364	0
ENSRNOG00000036366	0
ENSRNOG00000036368	0
ENSRNOG00000036370	0
ENSRNOG00000036371	0
ENSRNOG00000036373	0
ENSRNOG00000036375	2.85
ENSRNOG00000036377	0
ENSRNOG00000036381	0.59
ENSRNOG00000036382	0
ENSRNOG00000036384	0
ENSRNOG00000036386	0
ENSRNOG00000036388	0
ENSRNOG00000036397	0
ENSRNOG00000036399	0
ENSRNOG00000036402	0
ENSRNOG00000036404	0
ENSRNOG00000036405	0
ENSRNOG00000036406	0
ENSRNOG00000036410	0
ENSRNOG00000036413	0
ENSRNOG00000036416	0
ENSRNOG00000036417	0
ENSRNOG00000036418	0
ENSRNOG00000036420	0
ENSRNOG00000036421	0.67
ENSRNOG00000036422	0
ENSRNOG00000036423	3.11
ENSRNOG00000036425	1.5
ENSRNOG00000036429	0
ENSRNOG00000036430	0
ENSRNOG00000036432	0
ENSRNOG00000036434	0
ENSRNOG00000036435	0
ENSRNOG00000036436	0
ENSRNOG00000036439	0
ENSRNOG00000036441	0
ENSRNOG00000036443	0
ENSRNOG00000036445	0
ENSRNOG00000036451	4.64
ENSRNOG00000036452	1.95
ENSRNOG00000036453	0
ENSRNOG00000036454	0
ENSRNOG00000036459	0
ENSRNOG00000036461	0
ENSRNOG00000036462	0
ENSRNOG00000036463	0
ENSRNOG00000036470	0
ENSRNOG00000036471	0
ENSRNOG00000036473	0
ENSRNOG00000036475	0
ENSRNOG00000036481	0.71
ENSRNOG00000036482	0
ENSRNOG00000036483	0.63
ENSRNOG00000036484	14.87
ENSRNOG00000036485	0
ENSRNOG00000036486	2.86
ENSRNOG00000036487	0
ENSRNOG00000036488	0
ENSRNOG00000036489	0.79
ENSRNOG00000036490	0
ENSRNOG00000036491	0
ENSRNOG00000036492	0
ENSRNOG00000036493	0
ENSRNOG00000036496	0
ENSRNOG00000036497	0
ENSRNOG00000036498	0
ENSRNOG00000036499	1.53
ENSRNOG00000036500	0
ENSRNOG00000036501	0
ENSRNOG00000036502	6.63
ENSRNOG00000036504	0
ENSRNOG00000036511	0
ENSRNOG00000036514	0
ENSRNOG00000036515	0
ENSRNOG00000036516	0
ENSRNOG00000036519	0
ENSRNOG00000036522	0
ENSRNOG00000036526	0
ENSRNOG00000036530	0
ENSRNOG00000036531	0
ENSRNOG00000036543	0.61
ENSRNOG00000036549	0
ENSRNOG00000036558	0
ENSRNOG00000036562	7.58
ENSRNOG00000036563	0
ENSRNOG00000036567	0
ENSRNOG00000036568	0
ENSRNOG00000036569	0
ENSRNOG00000036571	0.04
ENSRNOG00000036572	8.09
ENSRNOG00000036576	13.87
ENSRNOG00000036585	1.91
ENSRNOG00000036588	0
ENSRNOG00000036592	3.2
ENSRNOG00000036598	3.92
ENSRNOG00000036601	7.47
ENSRNOG00000036603	0.92
ENSRNOG00000036604	3.86
ENSRNOG00000036608	0.04
ENSRNOG00000036615	0.22
ENSRNOG00000036622	0
ENSRNOG00000036624	0.52
ENSRNOG00000036625	0
ENSRNOG00000036631	0.68
ENSRNOG00000036633	0
ENSRNOG00000036641	1.01
ENSRNOG00000036645	2.91
ENSRNOG00000036647	0.1
ENSRNOG00000036648	1.12
ENSRNOG00000036649	7.14
ENSRNOG00000036653	0
ENSRNOG00000036658	19.59
ENSRNOG00000036659	21.55
ENSRNOG00000036660	20.79
ENSRNOG00000036661	18.11
ENSRNOG00000036662	23.37
ENSRNOG00000036663	16.66
ENSRNOG00000036664	16.85
ENSRNOG00000036665	0
ENSRNOG00000036666	10.87
ENSRNOG00000036667	8.9
ENSRNOG00000036668	4.17
ENSRNOG00000036669	0
ENSRNOG00000036670	0
ENSRNOG00000036671	0
ENSRNOG00000036672	0.24
ENSRNOG00000036673	0.11
ENSRNOG00000036674	0.57
ENSRNOG00000036675	0.1
ENSRNOG00000036676	36.5
ENSRNOG00000036677	0.6
ENSRNOG00000036678	17.21
ENSRNOG00000036680	2.78
ENSRNOG00000036681	4.67
ENSRNOG00000036682	3.24
ENSRNOG00000036683	10.89
ENSRNOG00000036684	37.93
ENSRNOG00000036685	0.9
ENSRNOG00000036686	11.25
ENSRNOG00000036687	20.47
ENSRNOG00000036688	141.61
ENSRNOG00000036689	60.43
ENSRNOG00000036690	0
ENSRNOG00000036691	41.02
ENSRNOG00000036692	0.07
ENSRNOG00000036693	18.23
ENSRNOG00000036695	25.44
ENSRNOG00000036696	29.87
ENSRNOG00000036697	17.57
ENSRNOG00000036698	21.87
ENSRNOG00000036699	3.4
ENSRNOG00000036700	0.94
ENSRNOG00000036701	195.45
ENSRNOG00000036703	0.08
ENSRNOG00000036711	0.57
ENSRNOG00000036713	0
ENSRNOG00000036719	7.03
ENSRNOG00000036726	1.08
ENSRNOG00000036728	0.13
ENSRNOG00000036742	121.4
ENSRNOG00000036743	0
ENSRNOG00000036745	14.78
ENSRNOG00000036747	0.92
ENSRNOG00000036758	4.4
ENSRNOG00000036760	2.65
ENSRNOG00000036762	0.71
ENSRNOG00000036777	0
ENSRNOG00000036782	0
ENSRNOG00000036784	0
ENSRNOG00000036787	0
ENSRNOG00000036794	1.33
ENSRNOG00000036796	0
ENSRNOG00000036798	118.8
ENSRNOG00000036802	162.91
ENSRNOG00000036807	0
ENSRNOG00000036811	0
ENSRNOG00000036813	88.71
ENSRNOG00000036814	113
ENSRNOG00000036816	18.31
ENSRNOG00000036817	0.77
ENSRNOG00000036819	0
ENSRNOG00000036825	0.14
ENSRNOG00000036826	0
ENSRNOG00000036827	48.09
ENSRNOG00000036828	205.87
ENSRNOG00000036829	4.61
ENSRNOG00000036830	0
ENSRNOG00000036831	0
ENSRNOG00000036833	51.8
ENSRNOG00000036834	3.45
ENSRNOG00000036835	36.63
ENSRNOG00000036836	0.4
ENSRNOG00000036837	0.08
ENSRNOG00000036838	0
ENSRNOG00000036839	113.28
ENSRNOG00000036841	19.67
ENSRNOG00000036842	4.64
ENSRNOG00000036852	107.13
ENSRNOG00000036856	1.91
ENSRNOG00000036859	19.46
ENSRNOG00000036864	0.31
ENSRNOG00000036865	0.37
ENSRNOG00000036866	10.02
ENSRNOG00000036869	57.6
ENSRNOG00000036870	0
ENSRNOG00000036871	0
ENSRNOG00000036872	0
ENSRNOG00000036876	8.28
ENSRNOG00000036877	0.25
ENSRNOG00000036880	1.78
ENSRNOG00000036882	0.1
ENSRNOG00000036885	0
ENSRNOG00000036888	0
ENSRNOG00000036894	8.85
ENSRNOG00000036895	0
ENSRNOG00000036896	0.4
ENSRNOG00000036897	0
ENSRNOG00000036898	0
ENSRNOG00000036900	0
ENSRNOG00000036910	0.28
ENSRNOG00000036911	6.88
ENSRNOG00000036912	0
ENSRNOG00000036913	5.41
ENSRNOG00000036917	10.15
ENSRNOG00000036918	1.69
ENSRNOG00000036921	0
ENSRNOG00000036925	0.25
ENSRNOG00000036934	88.73
ENSRNOG00000036942	1.17
ENSRNOG00000036951	0
ENSRNOG00000036952	0
ENSRNOG00000036958	0
ENSRNOG00000036959	0.07
ENSRNOG00000036960	6.48
ENSRNOG00000036964	3.91
ENSRNOG00000036971	14.37
ENSRNOG00000036980	0.75
ENSRNOG00000036981	0.46
ENSRNOG00000036984	0
ENSRNOG00000037025	0
ENSRNOG00000037027	0
ENSRNOG00000037030	0
ENSRNOG00000037035	0
ENSRNOG00000037036	0
ENSRNOG00000037039	0
ENSRNOG00000037060	1.87
ENSRNOG00000037076	0.67
ENSRNOG00000037079	0
ENSRNOG00000037080	1.02
ENSRNOG00000037081	0
ENSRNOG00000037082	0.08
ENSRNOG00000037085	0.22
ENSRNOG00000037087	27.95
ENSRNOG00000037091	3.02
ENSRNOG00000037097	0
ENSRNOG00000037100	0.07
ENSRNOG00000037113	5.31
ENSRNOG00000037114	0.15
ENSRNOG00000037115	0
ENSRNOG00000037118	0.15
ENSRNOG00000037124	0.57
ENSRNOG00000037129	0.51
ENSRNOG00000037133	0
ENSRNOG00000037134	3.03
ENSRNOG00000037137	50.57
ENSRNOG00000037146	10.21
ENSRNOG00000037148	3.57
ENSRNOG00000037149	0.53
ENSRNOG00000037155	0
ENSRNOG00000037156	0
ENSRNOG00000037159	0
ENSRNOG00000037160	4.83
ENSRNOG00000037162	10.94
ENSRNOG00000037165	26.46
ENSRNOG00000037167	0.16
ENSRNOG00000037171	0
ENSRNOG00000037172	0.58
ENSRNOG00000037175	0.62
ENSRNOG00000037178	0
ENSRNOG00000037185	0
ENSRNOG00000037188	0
ENSRNOG00000037190	0.83
ENSRNOG00000037191	0.07
ENSRNOG00000037196	0.31
ENSRNOG00000037198	2.98
ENSRNOG00000037199	0.15
ENSRNOG00000037203	0.24
ENSRNOG00000037204	6.96
ENSRNOG00000037206	2.04
ENSRNOG00000037207	14.28
ENSRNOG00000037211	0.05
ENSRNOG00000037214	20.74
ENSRNOG00000037217	0.87
ENSRNOG00000037219	0.02
ENSRNOG00000037220	1.95
ENSRNOG00000037221	3.34
ENSRNOG00000037223	0
ENSRNOG00000037225	6.36
ENSRNOG00000037227	6.18
ENSRNOG00000037229	5.73
ENSRNOG00000037230	3.73
ENSRNOG00000037231	0
ENSRNOG00000037238	5.39
ENSRNOG00000037247	7.33
ENSRNOG00000037251	5.05
ENSRNOG00000037266	0
ENSRNOG00000037275	2.86
ENSRNOG00000037285	0
ENSRNOG00000037289	0
ENSRNOG00000037295	2.28
ENSRNOG00000037298	6.21
ENSRNOG00000037299	0.04
ENSRNOG00000037302	0.86
ENSRNOG00000037305	0
ENSRNOG00000037307	0.25
ENSRNOG00000037310	1.3
ENSRNOG00000037315	0.08
ENSRNOG00000037327	15.78
ENSRNOG00000037331	7.41
ENSRNOG00000037333	0
ENSRNOG00000037339	0.04
ENSRNOG00000037340	9.38
ENSRNOG00000037341	0
ENSRNOG00000037348	0.17
ENSRNOG00000037352	3.21
ENSRNOG00000037356	6.71
ENSRNOG00000037360	0.58
ENSRNOG00000037364	5.81
ENSRNOG00000037366	0
ENSRNOG00000037368	0.93
ENSRNOG00000037371	2.68
ENSRNOG00000037374	0.07
ENSRNOG00000037375	0
ENSRNOG00000037376	8.58
ENSRNOG00000037380	0
ENSRNOG00000037381	0
ENSRNOG00000037393	0.1
ENSRNOG00000037399	0
ENSRNOG00000037401	0
ENSRNOG00000037402	58.48
ENSRNOG00000037404	0
ENSRNOG00000037406	4.46
ENSRNOG00000037409	0.06
ENSRNOG00000037415	0.55
ENSRNOG00000037418	0.95
ENSRNOG00000037421	0
ENSRNOG00000037426	0
ENSRNOG00000037428	8.2
ENSRNOG00000037430	12.68
ENSRNOG00000037432	2.72
ENSRNOG00000037435	5.29
ENSRNOG00000037436	0.09
ENSRNOG00000037437	5.85
ENSRNOG00000037443	14.75
ENSRNOG00000037446	10.59
ENSRNOG00000037449	0.81
ENSRNOG00000037452	1.5
ENSRNOG00000037455	0
ENSRNOG00000037456	0.37
ENSRNOG00000037462	2.21
ENSRNOG00000037466	0.08
ENSRNOG00000037467	0
ENSRNOG00000037476	14.56
ENSRNOG00000037478	11.71
ENSRNOG00000037480	7.01
ENSRNOG00000037481	0
ENSRNOG00000037483	13.7
ENSRNOG00000037485	0
ENSRNOG00000037486	0.88
ENSRNOG00000037495	0
ENSRNOG00000037500	8.2
ENSRNOG00000037505	17.78
ENSRNOG00000037506	0
ENSRNOG00000037508	6.42
ENSRNOG00000037509	4.62
ENSRNOG00000037514	4.3
ENSRNOG00000037518	0.99
ENSRNOG00000037522	2.33
ENSRNOG00000037524	0
ENSRNOG00000037540	25.04
ENSRNOG00000037541	0
ENSRNOG00000037549	0
ENSRNOG00000037552	0
ENSRNOG00000037556	4.43
ENSRNOG00000037562	1.36
ENSRNOG00000037563	2.18
ENSRNOG00000037566	47.38
ENSRNOG00000037567	14.74
ENSRNOG00000037580	38.74
ENSRNOG00000037595	10.18
ENSRNOG00000037600	0.13
ENSRNOG00000037604	5.11
ENSRNOG00000037607	0
ENSRNOG00000037610	0
ENSRNOG00000037611	0
ENSRNOG00000037613	9.88
ENSRNOG00000037618	0
ENSRNOG00000037620	1.66
ENSRNOG00000037621	0
ENSRNOG00000037627	49.35
ENSRNOG00000037628	0.59
ENSRNOG00000037632	0.19
ENSRNOG00000037638	22.37
ENSRNOG00000037645	0.13
ENSRNOG00000037647	31.22
ENSRNOG00000037655	12.96
ENSRNOG00000037658	47.23
ENSRNOG00000037659	11.37
ENSRNOG00000037661	12.64
ENSRNOG00000037668	0.98
ENSRNOG00000037672	0
ENSRNOG00000037673	2.78
ENSRNOG00000037680	0
ENSRNOG00000037684	0.03
ENSRNOG00000037687	0.2
ENSRNOG00000037688	0.78
ENSRNOG00000037690	2.01
ENSRNOG00000037695	20.29
ENSRNOG00000037698	0
ENSRNOG00000037707	9.82
ENSRNOG00000037709	0.07
ENSRNOG00000037710	2.54
ENSRNOG00000037711	0
ENSRNOG00000037712	0.06
ENSRNOG00000037715	8.65
ENSRNOG00000037718	2.02
ENSRNOG00000037720	12.21
ENSRNOG00000037736	0
ENSRNOG00000037743	0
ENSRNOG00000037744	0
ENSRNOG00000037753	0
ENSRNOG00000037757	0.05
ENSRNOG00000037762	0
ENSRNOG00000037765	8.63
ENSRNOG00000037768	3.42
ENSRNOG00000037770	3.16
ENSRNOG00000037782	0.11
ENSRNOG00000037793	95.9
ENSRNOG00000037795	2.11
ENSRNOG00000037798	0.34
ENSRNOG00000037799	0.86
ENSRNOG00000037801	0.19
ENSRNOG00000037814	0.16
ENSRNOG00000037815	6.07
ENSRNOG00000037827	0
ENSRNOG00000037833	0
ENSRNOG00000037834	0
ENSRNOG00000037835	2
ENSRNOG00000037837	0
ENSRNOG00000037838	0.54
ENSRNOG00000037839	0
ENSRNOG00000037845	0.43
ENSRNOG00000037850	19.08
ENSRNOG00000037851	2.01
ENSRNOG00000037852	0.2
ENSRNOG00000037853	5.55
ENSRNOG00000037863	0
ENSRNOG00000037865	0
ENSRNOG00000037871	87.92
ENSRNOG00000037884	0
ENSRNOG00000037886	10.44
ENSRNOG00000037891	0.31
ENSRNOG00000037894	0.16
ENSRNOG00000037897	4.4
ENSRNOG00000037898	0
ENSRNOG00000037908	0
ENSRNOG00000037909	24.24
ENSRNOG00000037911	2.74
ENSRNOG00000037919	3.2
ENSRNOG00000037923	0.03
ENSRNOG00000037928	0.19
ENSRNOG00000037931	0.25
ENSRNOG00000037951	6.47
ENSRNOG00000037957	27.22
ENSRNOG00000037960	27.68
ENSRNOG00000037967	7.5
ENSRNOG00000037974	0.06
ENSRNOG00000037977	0
ENSRNOG00000037978	0.19
ENSRNOG00000037982	0
ENSRNOG00000037983	0
ENSRNOG00000037984	0.1
ENSRNOG00000037997	0.04
ENSRNOG00000037998	17.87
ENSRNOG00000038001	23.6
ENSRNOG00000038002	5.7
ENSRNOG00000038004	7.78
ENSRNOG00000038008	0
ENSRNOG00000038012	21.69
ENSRNOG00000038024	0.16
ENSRNOG00000038025	4.32
ENSRNOG00000038033	0
ENSRNOG00000038035	0.41
ENSRNOG00000038041	0.16
ENSRNOG00000038044	6.08
ENSRNOG00000038045	24.45
ENSRNOG00000038046	0.05
ENSRNOG00000038047	9.77
ENSRNOG00000038050	0
ENSRNOG00000038055	0.45
ENSRNOG00000038057	0
ENSRNOG00000038066	3.43
ENSRNOG00000038068	39.62
ENSRNOG00000038074	93.12
ENSRNOG00000038076	0
ENSRNOG00000038078	0
ENSRNOG00000038083	0.03
ENSRNOG00000038085	9.18
ENSRNOG00000038087	0
ENSRNOG00000038088	0.09
ENSRNOG00000038091	0
ENSRNOG00000038095	0
ENSRNOG00000038099	0
ENSRNOG00000038101	0.01
ENSRNOG00000038102	5.74
ENSRNOG00000038106	84.82
ENSRNOG00000038113	0.55
ENSRNOG00000038115	0
ENSRNOG00000038118	0.4
ENSRNOG00000038119	1.25
ENSRNOG00000038122	0
ENSRNOG00000038126	0
ENSRNOG00000038128	0
ENSRNOG00000038129	0
ENSRNOG00000038130	0
ENSRNOG00000038132	0
ENSRNOG00000038133	0
ENSRNOG00000038135	1.1
ENSRNOG00000038140	10.34
ENSRNOG00000038147	0
ENSRNOG00000038148	0
ENSRNOG00000038149	0
ENSRNOG00000038150	16.47
ENSRNOG00000038151	0
ENSRNOG00000038155	0
ENSRNOG00000038157	0
ENSRNOG00000038160	14.98
ENSRNOG00000038165	0.06
ENSRNOG00000038166	22.55
ENSRNOG00000038169	0.68
ENSRNOG00000038174	0
ENSRNOG00000038176	11.6
ENSRNOG00000038181	0.39
ENSRNOG00000038183	0.18
ENSRNOG00000038184	62.55
ENSRNOG00000038190	13.6
ENSRNOG00000038193	0.14
ENSRNOG00000038197	0.06
ENSRNOG00000038200	1.04
ENSRNOG00000038202	1.01
ENSRNOG00000038205	0.31
ENSRNOG00000038211	1.51
ENSRNOG00000038212	9.85
ENSRNOG00000038215	0.11
ENSRNOG00000038218	53.54
ENSRNOG00000038225	2.28
ENSRNOG00000038228	24.7
ENSRNOG00000038230	0
ENSRNOG00000038231	0
ENSRNOG00000038235	0
ENSRNOG00000038239	11.64
ENSRNOG00000038241	0.25
ENSRNOG00000038242	0
ENSRNOG00000038251	0
ENSRNOG00000038254	0
ENSRNOG00000038257	0
ENSRNOG00000038258	1.14
ENSRNOG00000038259	0.1
ENSRNOG00000038267	0
ENSRNOG00000038269	0
ENSRNOG00000038274	0
ENSRNOG00000038275	1.98
ENSRNOG00000038276	0
ENSRNOG00000038286	0.03
ENSRNOG00000038291	0.57
ENSRNOG00000038297	10.26
ENSRNOG00000038299	0.51
ENSRNOG00000038300	0.07
ENSRNOG00000038308	0
ENSRNOG00000038319	4.61
ENSRNOG00000038322	1.03
ENSRNOG00000038328	94.79
ENSRNOG00000038330	3.68
ENSRNOG00000038331	0
ENSRNOG00000038335	0
ENSRNOG00000038336	0
ENSRNOG00000038337	0
ENSRNOG00000038347	18.81
ENSRNOG00000038355	0.37
ENSRNOG00000038361	0
ENSRNOG00000038365	2.33
ENSRNOG00000038366	5.83
ENSRNOG00000038369	0.72
ENSRNOG00000038370	0.07
ENSRNOG00000038372	140.88
ENSRNOG00000038375	45.87
ENSRNOG00000038376	0
ENSRNOG00000038383	0.18
ENSRNOG00000038396	0
ENSRNOG00000038397	0
ENSRNOG00000038398	0
ENSRNOG00000038406	13.65
ENSRNOG00000038412	0
ENSRNOG00000038413	0
ENSRNOG00000038422	0
ENSRNOG00000038427	7.35
ENSRNOG00000038432	0.18
ENSRNOG00000038436	20.17
ENSRNOG00000038437	0
ENSRNOG00000038445	0.73
ENSRNOG00000038449	9.7
ENSRNOG00000038458	0
ENSRNOG00000038459	6.52
ENSRNOG00000038471	0
ENSRNOG00000038473	0.09
ENSRNOG00000038474	0
ENSRNOG00000038477	0.79
ENSRNOG00000038478	0.81
ENSRNOG00000038479	0
ENSRNOG00000038480	6.76
ENSRNOG00000038481	0
ENSRNOG00000038483	0.43
ENSRNOG00000038489	50.11
ENSRNOG00000038490	0
ENSRNOG00000038495	0
ENSRNOG00000038496	0.19
ENSRNOG00000038497	0
ENSRNOG00000038499	0
ENSRNOG00000038505	0.05
ENSRNOG00000038512	0
ENSRNOG00000038520	0
ENSRNOG00000038539	0
ENSRNOG00000038540	0.15
ENSRNOG00000038552	1.64
ENSRNOG00000038559	0
ENSRNOG00000038569	0
ENSRNOG00000038572	0.79
ENSRNOG00000038574	2.07
ENSRNOG00000038592	0.53
ENSRNOG00000038597	47.64
ENSRNOG00000038598	0
ENSRNOG00000038600	1.52
ENSRNOG00000038607	2.45
ENSRNOG00000038610	2.19
ENSRNOG00000038616	1.78
ENSRNOG00000038619	0
ENSRNOG00000038622	3.56
ENSRNOG00000038625	0.03
ENSRNOG00000038644	0
ENSRNOG00000038647	0
ENSRNOG00000038654	0
ENSRNOG00000038671	0
ENSRNOG00000038674	0
ENSRNOG00000038678	0.64
ENSRNOG00000038686	15.68
ENSRNOG00000038697	0
ENSRNOG00000038720	4.87
ENSRNOG00000038721	0
ENSRNOG00000038722	0.19
ENSRNOG00000038735	0.16
ENSRNOG00000038738	45.15
ENSRNOG00000038740	1.17
ENSRNOG00000038741	0
ENSRNOG00000038743	0
ENSRNOG00000038744	0.13
ENSRNOG00000038746	0.97
ENSRNOG00000038752	2.03
ENSRNOG00000038757	0
ENSRNOG00000038758	0
ENSRNOG00000038759	0
ENSRNOG00000038760	0
ENSRNOG00000038761	21.48
ENSRNOG00000038762	0
ENSRNOG00000038766	9.51
ENSRNOG00000038771	0.67
ENSRNOG00000038784	0.08
ENSRNOG00000038786	0.31
ENSRNOG00000038789	1.58
ENSRNOG00000038793	0.1
ENSRNOG00000038807	0
ENSRNOG00000038819	0.86
ENSRNOG00000038825	0
ENSRNOG00000038832	0
ENSRNOG00000038835	1.35
ENSRNOG00000038864	4.3
ENSRNOG00000038867	0
ENSRNOG00000038868	7.48
ENSRNOG00000038872	0
ENSRNOG00000038877	5.7
ENSRNOG00000038881	2.94
ENSRNOG00000038883	90.2
ENSRNOG00000038891	2.03
ENSRNOG00000038894	0
ENSRNOG00000038896	0
ENSRNOG00000038902	18.93
ENSRNOG00000038905	6.32
ENSRNOG00000038909	24.66
ENSRNOG00000038911	16.67
ENSRNOG00000038916	0.68
ENSRNOG00000038917	0
ENSRNOG00000038921	0.07
ENSRNOG00000038933	24.14
ENSRNOG00000038943	0.25
ENSRNOG00000038948	0.27
ENSRNOG00000038951	58.8
ENSRNOG00000038955	0.27
ENSRNOG00000038957	0
ENSRNOG00000038960	0
ENSRNOG00000038965	0
ENSRNOG00000038970	2.08
ENSRNOG00000038973	0
ENSRNOG00000038976	9.07
ENSRNOG00000038979	0.13
ENSRNOG00000038980	0.92
ENSRNOG00000038987	0.33
ENSRNOG00000038990	0
ENSRNOG00000038999	4.76
ENSRNOG00000039001	0
ENSRNOG00000039017	6.94
ENSRNOG00000039019	0
ENSRNOG00000039024	2.99
ENSRNOG00000039025	38.08
ENSRNOG00000039048	0.28
ENSRNOG00000039050	10.81
ENSRNOG00000039057	1.69
ENSRNOG00000039058	0
ENSRNOG00000039060	0.27
ENSRNOG00000039063	1.69
ENSRNOG00000039075	0
ENSRNOG00000039076	10.37
ENSRNOG00000039079	0.1
ENSRNOG00000039086	2.87
ENSRNOG00000039091	62.62
ENSRNOG00000039107	1.7
ENSRNOG00000039110	0
ENSRNOG00000039113	0
ENSRNOG00000039120	0
ENSRNOG00000039136	0
ENSRNOG00000039141	0
ENSRNOG00000039142	0
ENSRNOG00000039152	0.53
ENSRNOG00000039183	0.14
ENSRNOG00000039191	2.74
ENSRNOG00000039192	0
ENSRNOG00000039197	0
ENSRNOG00000039200	9.65
ENSRNOG00000039203	0.33
ENSRNOG00000039204	2.86
ENSRNOG00000039207	3.86
ENSRNOG00000039210	0
ENSRNOG00000039214	7.5
ENSRNOG00000039216	0.04
ENSRNOG00000039233	0
ENSRNOG00000039234	6.74
ENSRNOG00000039236	0
ENSRNOG00000039238	0
ENSRNOG00000039239	0
ENSRNOG00000039241	5.52
ENSRNOG00000039244	0
ENSRNOG00000039249	15.74
ENSRNOG00000039250	0
ENSRNOG00000039251	0
ENSRNOG00000039252	1.23
ENSRNOG00000039255	0.47
ENSRNOG00000039260	0
ENSRNOG00000039265	20.36
ENSRNOG00000039278	11.14
ENSRNOG00000039279	0.47
ENSRNOG00000039282	0
ENSRNOG00000039284	2.45
ENSRNOG00000039287	0
ENSRNOG00000039296	0.1
ENSRNOG00000039297	23.97
ENSRNOG00000039300	24.81
ENSRNOG00000039305	0
ENSRNOG00000039315	3.44
ENSRNOG00000039323	0.34
ENSRNOG00000039325	0.06
ENSRNOG00000039326	0
ENSRNOG00000039331	0
ENSRNOG00000039332	0
ENSRNOG00000039336	2.61
ENSRNOG00000039339	0.34
ENSRNOG00000039350	1.46
ENSRNOG00000039357	0.51
ENSRNOG00000039379	0.33
ENSRNOG00000039383	0
ENSRNOG00000039388	2.33
ENSRNOG00000039390	0.75
ENSRNOG00000039396	0.12
ENSRNOG00000039398	0
ENSRNOG00000039404	0
ENSRNOG00000039405	0
ENSRNOG00000039415	2.25
ENSRNOG00000039417	29.2
ENSRNOG00000039432	0
ENSRNOG00000039434	0
ENSRNOG00000039435	0.07
ENSRNOG00000039439	0.52
ENSRNOG00000039445	0
ENSRNOG00000039447	0
ENSRNOG00000039448	0
ENSRNOG00000039449	0
ENSRNOG00000039454	5.3
ENSRNOG00000039455	6
ENSRNOG00000039457	4.44
ENSRNOG00000039459	1.84
ENSRNOG00000039461	1.68
ENSRNOG00000039463	0.69
ENSRNOG00000039464	39.91
ENSRNOG00000039466	0
ENSRNOG00000039469	4.98
ENSRNOG00000039470	4.64
ENSRNOG00000039471	2.18
ENSRNOG00000039472	1.39
ENSRNOG00000039473	29.99
ENSRNOG00000039476	0.67
ENSRNOG00000039481	0
ENSRNOG00000039487	0
ENSRNOG00000039489	2.21
ENSRNOG00000039494	2.25
ENSRNOG00000039496	2.48
ENSRNOG00000039500	0.84
ENSRNOG00000039504	0.14
ENSRNOG00000039505	1.23
ENSRNOG00000039517	0
ENSRNOG00000039528	39
ENSRNOG00000039530	12.36
ENSRNOG00000039543	0.04
ENSRNOG00000039544	5.38
ENSRNOG00000039548	0
ENSRNOG00000039551	8.19
ENSRNOG00000039559	70.64
ENSRNOG00000039560	0
ENSRNOG00000039562	0.32
ENSRNOG00000039567	6.29
ENSRNOG00000039568	0.11
ENSRNOG00000039571	0.37
ENSRNOG00000039574	0
ENSRNOG00000039576	3.88
ENSRNOG00000039581	0.23
ENSRNOG00000039582	0.42
ENSRNOG00000039587	41.66
ENSRNOG00000039588	0
ENSRNOG00000039591	0.13
ENSRNOG00000039592	0.06
ENSRNOG00000039593	1.27
ENSRNOG00000039596	1.3
ENSRNOG00000039601	0
ENSRNOG00000039615	0.04
ENSRNOG00000039624	0
ENSRNOG00000039626	0
ENSRNOG00000039627	0.72
ENSRNOG00000039640	0
ENSRNOG00000039649	1.4
ENSRNOG00000039650	0
ENSRNOG00000039651	0
ENSRNOG00000039656	0.13
ENSRNOG00000039658	6.52
ENSRNOG00000039663	0
ENSRNOG00000039666	1.09
ENSRNOG00000039668	0.92
ENSRNOG00000039674	1.97
ENSRNOG00000039678	0
ENSRNOG00000039680	0.63
ENSRNOG00000039689	0
ENSRNOG00000039698	0.15
ENSRNOG00000039704	0
ENSRNOG00000039714	0
ENSRNOG00000039716	0
ENSRNOG00000039717	11.68
ENSRNOG00000039721	0.89
ENSRNOG00000039725	0
ENSRNOG00000039726	0
ENSRNOG00000039730	5.34
ENSRNOG00000039740	1.1
ENSRNOG00000039743	0.04
ENSRNOG00000039744	2.81
ENSRNOG00000039745	0.35
ENSRNOG00000039749	0.71
ENSRNOG00000039754	3.32
ENSRNOG00000039759	14.78
ENSRNOG00000039760	0
ENSRNOG00000039761	0
ENSRNOG00000039762	0
ENSRNOG00000039773	0.07
ENSRNOG00000039776	22
ENSRNOG00000039777	4.06
ENSRNOG00000039782	0
ENSRNOG00000039783	21.78
ENSRNOG00000039786	0
ENSRNOG00000039788	0.47
ENSRNOG00000039790	6.34
ENSRNOG00000039807	25.45
ENSRNOG00000039808	0
ENSRNOG00000039815	14.5
ENSRNOG00000039819	15.29
ENSRNOG00000039829	16.71
ENSRNOG00000039832	10.36
ENSRNOG00000039837	1.45
ENSRNOG00000039841	0
ENSRNOG00000039848	5.03
ENSRNOG00000039850	22.81
ENSRNOG00000039852	7.2
ENSRNOG00000039856	16.63
ENSRNOG00000039858	14.04
ENSRNOG00000039859	7.58
ENSRNOG00000039860	0
ENSRNOG00000039861	25.3
ENSRNOG00000039862	17.95
ENSRNOG00000039863	0.65
ENSRNOG00000039865	0
ENSRNOG00000039869	0
ENSRNOG00000039871	24.26
ENSRNOG00000039872	0
ENSRNOG00000039876	63.73
ENSRNOG00000039877	14.98
ENSRNOG00000039890	3.11
ENSRNOG00000039891	0.12
ENSRNOG00000039892	0
ENSRNOG00000039902	17.22
ENSRNOG00000039906	0
ENSRNOG00000039919	0
ENSRNOG00000039922	0
ENSRNOG00000039924	4.97
ENSRNOG00000039928	3.8
ENSRNOG00000039931	0
ENSRNOG00000039933	0
ENSRNOG00000039949	0.43
ENSRNOG00000039954	0
ENSRNOG00000039955	0
ENSRNOG00000039966	0
ENSRNOG00000039969	0.01
ENSRNOG00000039971	1.08
ENSRNOG00000039975	0
ENSRNOG00000039976	6.65
ENSRNOG00000039980	182.6
ENSRNOG00000039985	26.45
ENSRNOG00000039989	0.14
ENSRNOG00000039990	0
ENSRNOG00000039994	13.57
ENSRNOG00000039997	0.09
ENSRNOG00000040000	0
ENSRNOG00000040005	0.91
ENSRNOG00000040007	0
ENSRNOG00000040008	0
ENSRNOG00000040010	0
ENSRNOG00000040013	0
ENSRNOG00000040020	0
ENSRNOG00000040024	23.32
ENSRNOG00000040026	0
ENSRNOG00000040033	0
ENSRNOG00000040039	0
ENSRNOG00000040040	7.44
ENSRNOG00000040045	1.11
ENSRNOG00000040050	0
ENSRNOG00000040052	0.55
ENSRNOG00000040054	0
ENSRNOG00000040057	0
ENSRNOG00000040058	0
ENSRNOG00000040060	0
ENSRNOG00000040063	0
ENSRNOG00000040064	0
ENSRNOG00000040068	0
ENSRNOG00000040076	10.69
ENSRNOG00000040095	0
ENSRNOG00000040101	0
ENSRNOG00000040105	0
ENSRNOG00000040108	0.04
ENSRNOG00000040109	0.52
ENSRNOG00000040110	9.31
ENSRNOG00000040116	0
ENSRNOG00000040120	0.13
ENSRNOG00000040121	0.21
ENSRNOG00000040122	0.05
ENSRNOG00000040128	0
ENSRNOG00000040136	0.65
ENSRNOG00000040151	0
ENSRNOG00000040153	0
ENSRNOG00000040166	12.22
ENSRNOG00000040183	0
ENSRNOG00000040188	0
ENSRNOG00000040189	0
ENSRNOG00000040195	0.02
ENSRNOG00000040198	0
ENSRNOG00000040201	14.12
ENSRNOG00000040205	47.81
ENSRNOG00000040208	0
ENSRNOG00000040210	0
ENSRNOG00000040213	8.06
ENSRNOG00000040214	5.82
ENSRNOG00000040215	0
ENSRNOG00000040219	0
ENSRNOG00000040242	4.57
ENSRNOG00000040249	7.3
ENSRNOG00000040257	24.27
ENSRNOG00000040266	2.67
ENSRNOG00000040273	10.31
ENSRNOG00000040275	0.61
ENSRNOG00000040279	3.08
ENSRNOG00000040281	6.99
ENSRNOG00000040284	0.41
ENSRNOG00000040287	0.32
ENSRNOG00000040289	0
ENSRNOG00000040297	8.09
ENSRNOG00000040300	0.05
ENSRNOG00000040301	0.21
ENSRNOG00000040303	13.26
ENSRNOG00000040314	3.21
ENSRNOG00000040316	0.03
ENSRNOG00000040333	0.08
ENSRNOG00000040346	0
ENSRNOG00000040350	0
ENSRNOG00000040351	0
ENSRNOG00000040354	0
ENSRNOG00000040355	0
ENSRNOG00000040357	0
ENSRNOG00000040358	0
ENSRNOG00000040372	0
ENSRNOG00000040376	0
ENSRNOG00000040381	0
ENSRNOG00000040383	0.69
ENSRNOG00000040384	423.69
ENSRNOG00000040385	10.47
ENSRNOG00000040386	0
ENSRNOG00000040387	0
ENSRNOG00000040393	0
ENSRNOG00000040395	0
ENSRNOG00000040402	0
ENSRNOG00000040404	0
ENSRNOG00000040406	4.08
ENSRNOG00000040416	0
ENSRNOG00000040422	0
ENSRNOG00000040424	0
ENSRNOG00000040427	0
ENSRNOG00000040429	1.67
ENSRNOG00000040434	0
ENSRNOG00000040436	0
ENSRNOG00000040438	0.96
ENSRNOG00000040440	0
ENSRNOG00000040443	2.17
ENSRNOG00000040445	0
ENSRNOG00000040447	0
ENSRNOG00000040448	0
ENSRNOG00000040458	0
ENSRNOG00000040462	0
ENSRNOG00000040532	0
ENSRNOG00000040595	8.34
ENSRNOG00000040652	0
ENSRNOG00000040715	7.34
ENSRNOG00000040749	0
ENSRNOG00000040821	0
ENSRNOG00000040834	0
ENSRNOG00000040878	0.54
ENSRNOG00000041010	0.56
ENSRNOG00000041036	0
ENSRNOG00000041053	0
ENSRNOG00000041170	8.29
ENSRNOG00000041197	5.44
ENSRNOG00000041199	0
ENSRNOG00000041209	0
ENSRNOG00000041210	0
ENSRNOG00000041219	0
ENSRNOG00000041223	0
ENSRNOG00000041228	0
ENSRNOG00000041236	0
ENSRNOG00000041243	0
ENSRNOG00000041245	0
ENSRNOG00000041249	0
ENSRNOG00000041256	0
ENSRNOG00000041258	0
ENSRNOG00000041260	0
ENSRNOG00000041270	0.69
ENSRNOG00000041287	0
ENSRNOG00000041288	0
ENSRNOG00000041291	12.61
ENSRNOG00000041292	0
ENSRNOG00000041296	0.66
ENSRNOG00000041297	0
ENSRNOG00000041299	0
ENSRNOG00000041300	0
ENSRNOG00000041302	0
ENSRNOG00000041305	0
ENSRNOG00000041307	0
ENSRNOG00000041308	0.72
ENSRNOG00000041315	0
ENSRNOG00000041319	0
ENSRNOG00000041320	0.82
ENSRNOG00000041321	0
ENSRNOG00000041322	0
ENSRNOG00000041327	0
ENSRNOG00000041330	2.17
ENSRNOG00000041331	6.86
ENSRNOG00000041334	0
ENSRNOG00000041336	0
ENSRNOG00000041347	0
ENSRNOG00000041348	0
ENSRNOG00000041356	0
ENSRNOG00000041361	0.7
ENSRNOG00000041366	0
ENSRNOG00000041369	0
ENSRNOG00000041381	0
ENSRNOG00000041393	0
ENSRNOG00000041395	6.93
ENSRNOG00000041411	12.76
ENSRNOG00000041423	0
ENSRNOG00000041433	1.43
ENSRNOG00000041434	7.23
ENSRNOG00000041435	11.67
ENSRNOG00000041437	1.22
ENSRNOG00000041438	0.57
ENSRNOG00000041441	4.67
ENSRNOG00000041443	0
ENSRNOG00000041444	0.55
ENSRNOG00000041447	0
ENSRNOG00000041449	28.64
ENSRNOG00000041450	0
ENSRNOG00000041453	0
ENSRNOG00000041456	0.56
ENSRNOG00000041461	0
ENSRNOG00000041466	0
ENSRNOG00000041468	19.65
ENSRNOG00000041469	1.61
ENSRNOG00000041470	0
ENSRNOG00000041471	0
ENSRNOG00000041473	0.57
ENSRNOG00000041475	0
ENSRNOG00000041485	0.88
ENSRNOG00000041490	0
ENSRNOG00000041492	17.72
ENSRNOG00000041503	0
ENSRNOG00000041504	31.25
ENSRNOG00000041506	1.43
ENSRNOG00000041515	0
ENSRNOG00000041518	0
ENSRNOG00000041520	0.58
ENSRNOG00000041521	0
ENSRNOG00000041523	0
ENSRNOG00000041525	1.94
ENSRNOG00000041530	0
ENSRNOG00000041535	0
ENSRNOG00000041538	0
ENSRNOG00000041539	0
ENSRNOG00000041541	0
ENSRNOG00000041542	0
ENSRNOG00000041549	0
ENSRNOG00000041552	0.55
ENSRNOG00000041554	0
ENSRNOG00000041560	0
ENSRNOG00000041563	0
ENSRNOG00000041566	0.72
ENSRNOG00000041572	0.56
ENSRNOG00000041575	0
ENSRNOG00000041577	0.69
ENSRNOG00000041579	0
ENSRNOG00000041583	1.02
ENSRNOG00000041589	0
ENSRNOG00000041600	0
ENSRNOG00000041601	0
ENSRNOG00000041603	8.48
ENSRNOG00000041604	0
ENSRNOG00000041606	0
ENSRNOG00000041608	17.87
ENSRNOG00000041609	1.16
ENSRNOG00000041610	1.07
ENSRNOG00000041612	4.22
ENSRNOG00000041613	17.63
ENSRNOG00000041621	0
ENSRNOG00000041622	5.43
ENSRNOG00000041624	2.74
ENSRNOG00000041626	0.69
ENSRNOG00000041628	0
ENSRNOG00000041637	0
ENSRNOG00000041639	2.2
ENSRNOG00000041641	0
ENSRNOG00000041648	0
ENSRNOG00000041652	0
ENSRNOG00000041670	0
ENSRNOG00000041673	0
ENSRNOG00000041675	0
ENSRNOG00000041679	0
ENSRNOG00000041705	0
ENSRNOG00000041708	0
ENSRNOG00000041717	0
ENSRNOG00000041720	1.14
ENSRNOG00000041721	0
ENSRNOG00000041723	0
ENSRNOG00000041725	0
ENSRNOG00000041728	0
ENSRNOG00000041730	0
ENSRNOG00000041735	0
ENSRNOG00000041737	0
ENSRNOG00000041744	957.82
ENSRNOG00000041746	10.56
ENSRNOG00000041749	0
ENSRNOG00000041758	0
ENSRNOG00000041762	0
ENSRNOG00000041764	0
ENSRNOG00000041777	0
ENSRNOG00000041787	0
ENSRNOG00000041792	0
ENSRNOG00000041822	0
ENSRNOG00000041826	37.86
ENSRNOG00000041834	0
ENSRNOG00000041845	0
ENSRNOG00000041847	0
ENSRNOG00000041851	0
ENSRNOG00000041852	0
ENSRNOG00000041857	0
ENSRNOG00000041864	0
ENSRNOG00000041865	0
ENSRNOG00000041867	0
ENSRNOG00000041870	10.09
ENSRNOG00000041875	0
ENSRNOG00000041877	0
ENSRNOG00000041881	0
ENSRNOG00000041892	0
ENSRNOG00000041894	0
ENSRNOG00000041897	0
ENSRNOG00000041898	0
ENSRNOG00000041899	0.82
ENSRNOG00000041913	0
ENSRNOG00000041930	0
ENSRNOG00000041942	0
ENSRNOG00000041962	0
ENSRNOG00000041964	0
ENSRNOG00000041968	0
ENSRNOG00000041970	0
ENSRNOG00000041974	0
ENSRNOG00000041989	323.86
ENSRNOG00000041998	0
ENSRNOG00000041999	0
ENSRNOG00000042007	0
ENSRNOG00000042010	0
ENSRNOG00000042015	0
ENSRNOG00000042018	0
ENSRNOG00000042023	0
ENSRNOG00000042025	0.15
ENSRNOG00000042026	0.58
ENSRNOG00000042029	4.3
ENSRNOG00000042030	0.08
ENSRNOG00000042032	0.59
ENSRNOG00000042034	0
ENSRNOG00000042036	1.15
ENSRNOG00000042037	46.5
ENSRNOG00000042041	16.69
ENSRNOG00000042044	25.16
ENSRNOG00000042047	0
ENSRNOG00000042054	0
ENSRNOG00000042056	0.37
ENSRNOG00000042059	2.49
ENSRNOG00000042061	0.69
ENSRNOG00000042062	12.74
ENSRNOG00000042065	0
ENSRNOG00000042068	34.49
ENSRNOG00000042070	0.99
ENSRNOG00000042078	0.53
ENSRNOG00000042080	0
ENSRNOG00000042083	0
ENSRNOG00000042084	0.03
ENSRNOG00000042086	11.47
ENSRNOG00000042090	0
ENSRNOG00000042094	32.3
ENSRNOG00000042099	0
ENSRNOG00000042101	0.83
ENSRNOG00000042103	0
ENSRNOG00000042105	0
ENSRNOG00000042111	0.02
ENSRNOG00000042112	0
ENSRNOG00000042114	6.13
ENSRNOG00000042118	6.51
ENSRNOG00000042119	0
ENSRNOG00000042120	0
ENSRNOG00000042126	13.15
ENSRNOG00000042133	0
ENSRNOG00000042137	1.52
ENSRNOG00000042139	1.15
ENSRNOG00000042140	0
ENSRNOG00000042147	0.17
ENSRNOG00000042149	2.13
ENSRNOG00000042152	0.82
ENSRNOG00000042156	0.38
ENSRNOG00000042158	0
ENSRNOG00000042160	18.61
ENSRNOG00000042162	0
ENSRNOG00000042163	4.87
ENSRNOG00000042164	0
ENSRNOG00000042165	0.63
ENSRNOG00000042166	0.95
ENSRNOG00000042179	25.34
ENSRNOG00000042181	0
ENSRNOG00000042182	0.54
ENSRNOG00000042186	0.94
ENSRNOG00000042189	26.03
ENSRNOG00000042193	0
ENSRNOG00000042195	80.64
ENSRNOG00000042197	0
ENSRNOG00000042201	2.16
ENSRNOG00000042206	0
ENSRNOG00000042208	0
ENSRNOG00000042211	26.91
ENSRNOG00000042213	4.7
ENSRNOG00000042216	0.57
ENSRNOG00000042220	0
ENSRNOG00000042222	0
ENSRNOG00000042224	10.44
ENSRNOG00000042226	0
ENSRNOG00000042227	0
ENSRNOG00000042228	0
ENSRNOG00000042229	0.42
ENSRNOG00000042230	0.24
ENSRNOG00000042232	0.11
ENSRNOG00000042233	452.43
ENSRNOG00000042235	2.34
ENSRNOG00000042237	0.41
ENSRNOG00000042245	25.27
ENSRNOG00000042246	0.28
ENSRNOG00000042248	0
ENSRNOG00000042250	0.02
ENSRNOG00000042251	0
ENSRNOG00000042252	0
ENSRNOG00000042253	6.87
ENSRNOG00000042255	0.05
ENSRNOG00000042258	1.62
ENSRNOG00000042259	0.35
ENSRNOG00000042261	42.94
ENSRNOG00000042262	0
ENSRNOG00000042264	0.6
ENSRNOG00000042265	0
ENSRNOG00000042266	0.28
ENSRNOG00000042267	0.12
ENSRNOG00000042269	0.11
ENSRNOG00000042271	928.67
ENSRNOG00000042274	24.18
ENSRNOG00000042276	28.64
ENSRNOG00000042277	0
ENSRNOG00000042281	0.87
ENSRNOG00000042283	6.42
ENSRNOG00000042286	1.03
ENSRNOG00000042287	0
ENSRNOG00000042289	9.47
ENSRNOG00000042292	0
ENSRNOG00000042296	0
ENSRNOG00000042305	0
ENSRNOG00000042308	0.78
ENSRNOG00000042309	29.68
ENSRNOG00000042312	0
ENSRNOG00000042317	0.13
ENSRNOG00000042318	0
ENSRNOG00000042319	0
ENSRNOG00000042320	24.1
ENSRNOG00000042321	12.65
ENSRNOG00000042322	3.49
ENSRNOG00000042326	2.07
ENSRNOG00000042327	0
ENSRNOG00000042329	0.07
ENSRNOG00000042330	0
ENSRNOG00000042332	2.58
ENSRNOG00000042333	17.59
ENSRNOG00000042335	0.2
ENSRNOG00000042340	2.29
ENSRNOG00000042344	0.4
ENSRNOG00000042347	3.22
ENSRNOG00000042352	2.23
ENSRNOG00000042353	1.02
ENSRNOG00000042355	13.69
ENSRNOG00000042359	21.99
ENSRNOG00000042360	0
ENSRNOG00000042367	0.03
ENSRNOG00000042369	0
ENSRNOG00000042370	0.83
ENSRNOG00000042372	3.69
ENSRNOG00000042373	0
ENSRNOG00000042374	0.74
ENSRNOG00000042376	5.79
ENSRNOG00000042380	2.05
ENSRNOG00000042383	0
ENSRNOG00000042384	6.94
ENSRNOG00000042387	0.07
ENSRNOG00000042389	10
ENSRNOG00000042391	0
ENSRNOG00000042394	0.11
ENSRNOG00000042397	0
ENSRNOG00000042404	0.34
ENSRNOG00000042407	0
ENSRNOG00000042410	2.1
ENSRNOG00000042411	9.61
ENSRNOG00000042414	14.09
ENSRNOG00000042419	25.18
ENSRNOG00000042421	48.68
ENSRNOG00000042424	0
ENSRNOG00000042426	5.82
ENSRNOG00000042427	15.3
ENSRNOG00000042432	0.49
ENSRNOG00000042441	0
ENSRNOG00000042445	2.42
ENSRNOG00000042446	13.85
ENSRNOG00000042449	42.37
ENSRNOG00000042451	5.04
ENSRNOG00000042455	0.01
ENSRNOG00000042458	42.04
ENSRNOG00000042460	0
ENSRNOG00000042462	0
ENSRNOG00000042464	28.52
ENSRNOG00000042465	0.03
ENSRNOG00000042467	10.04
ENSRNOG00000042468	0
ENSRNOG00000042470	0
ENSRNOG00000042471	22.42
ENSRNOG00000042473	0
ENSRNOG00000042474	0
ENSRNOG00000042477	0.96
ENSRNOG00000042478	24
ENSRNOG00000042480	0
ENSRNOG00000042482	15.62
ENSRNOG00000042486	0
ENSRNOG00000042492	16.33
ENSRNOG00000042494	0
ENSRNOG00000042496	2.67
ENSRNOG00000042497	0
ENSRNOG00000042499	99.94
ENSRNOG00000042501	21.02
ENSRNOG00000042502	10.29
ENSRNOG00000042503	117.22
ENSRNOG00000042504	3.51
ENSRNOG00000042507	0
ENSRNOG00000042516	0.1
ENSRNOG00000042517	0
ENSRNOG00000042519	7.58
ENSRNOG00000042522	0.07
ENSRNOG00000042523	99.25
ENSRNOG00000042524	0.8
ENSRNOG00000042526	3.51
ENSRNOG00000042528	0.47
ENSRNOG00000042530	0
ENSRNOG00000042531	0
ENSRNOG00000042533	0.03
ENSRNOG00000042535	0.13
ENSRNOG00000042536	12.67
ENSRNOG00000042542	0
ENSRNOG00000042543	0
ENSRNOG00000042547	0.12
ENSRNOG00000042552	0
ENSRNOG00000042555	0
ENSRNOG00000042556	31.12
ENSRNOG00000042560	13.54
ENSRNOG00000042561	2.41
ENSRNOG00000042569	0
ENSRNOG00000042570	0.12
ENSRNOG00000042576	20.08
ENSRNOG00000042579	1.37
ENSRNOG00000042580	2.41
ENSRNOG00000042581	0
ENSRNOG00000042588	0
ENSRNOG00000042592	31.19
ENSRNOG00000042596	0
ENSRNOG00000042598	0
ENSRNOG00000042601	0.24
ENSRNOG00000042602	11.33
ENSRNOG00000042603	13.73
ENSRNOG00000042605	0.14
ENSRNOG00000042607	7.45
ENSRNOG00000042609	0.08
ENSRNOG00000042612	0.15
ENSRNOG00000042620	2.21
ENSRNOG00000042623	0.25
ENSRNOG00000042627	8.17
ENSRNOG00000042628	0.9
ENSRNOG00000042630	0.69
ENSRNOG00000042634	0
ENSRNOG00000042646	0
ENSRNOG00000042648	0
ENSRNOG00000042649	0
ENSRNOG00000042653	25.47
ENSRNOG00000042658	0.99
ENSRNOG00000042660	0.21
ENSRNOG00000042665	2.69
ENSRNOG00000042667	0
ENSRNOG00000042668	3.54
ENSRNOG00000042679	2.74
ENSRNOG00000042680	0
ENSRNOG00000042682	5.12
ENSRNOG00000042686	3.49
ENSRNOG00000042687	0
ENSRNOG00000042690	19.77
ENSRNOG00000042691	3.83
ENSRNOG00000042692	0
ENSRNOG00000042696	78.1
ENSRNOG00000042697	0
ENSRNOG00000042701	0
ENSRNOG00000042702	35.81
ENSRNOG00000042705	0
ENSRNOG00000042706	0
ENSRNOG00000042711	0.46
ENSRNOG00000042714	0.2
ENSRNOG00000042716	0.33
ENSRNOG00000042717	6.86
ENSRNOG00000042719	0
ENSRNOG00000042720	28.48
ENSRNOG00000042721	0
ENSRNOG00000042726	0.76
ENSRNOG00000042727	1.63
ENSRNOG00000042728	20.38
ENSRNOG00000042729	1.6
ENSRNOG00000042731	16.41
ENSRNOG00000042732	11.05
ENSRNOG00000042736	0
ENSRNOG00000042740	29.1
ENSRNOG00000042741	2.73
ENSRNOG00000042747	2.09
ENSRNOG00000042748	0
ENSRNOG00000042749	0
ENSRNOG00000042751	0
ENSRNOG00000042752	0.16
ENSRNOG00000042753	26.53
ENSRNOG00000042758	8.23
ENSRNOG00000042771	2.48
ENSRNOG00000042772	0
ENSRNOG00000042776	1.16
ENSRNOG00000042777	3.37
ENSRNOG00000042779	0.11
ENSRNOG00000042781	0.69
ENSRNOG00000042782	0
ENSRNOG00000042785	4.45
ENSRNOG00000042786	7.85
ENSRNOG00000042787	0.8
ENSRNOG00000042788	0.53
ENSRNOG00000042795	0
ENSRNOG00000042797	0
ENSRNOG00000042804	0
ENSRNOG00000042807	0
ENSRNOG00000042808	0
ENSRNOG00000042814	1.06
ENSRNOG00000042820	0
ENSRNOG00000042821	76.95
ENSRNOG00000042823	0
ENSRNOG00000042825	0.62
ENSRNOG00000042826	2.49
ENSRNOG00000042833	11.46
ENSRNOG00000042838	12
ENSRNOG00000042840	0.12
ENSRNOG00000042846	0
ENSRNOG00000042847	0.56
ENSRNOG00000042848	18.42
ENSRNOG00000042851	3.66
ENSRNOG00000042852	0
ENSRNOG00000042855	9.13
ENSRNOG00000042860	0.09
ENSRNOG00000042867	1.95
ENSRNOG00000042868	0
ENSRNOG00000042869	85.16
ENSRNOG00000042878	8.9
ENSRNOG00000042879	4
ENSRNOG00000042884	0
ENSRNOG00000042886	112.16
ENSRNOG00000042888	3.02
ENSRNOG00000042889	1.47
ENSRNOG00000042897	0.49
ENSRNOG00000042899	0
ENSRNOG00000042901	0
ENSRNOG00000042903	172.3
ENSRNOG00000042905	11.72
ENSRNOG00000042912	1.97
ENSRNOG00000042915	13.79
ENSRNOG00000042916	13.44
ENSRNOG00000042918	0.06
ENSRNOG00000042925	0
ENSRNOG00000042927	0
ENSRNOG00000042929	11.96
ENSRNOG00000042932	7.24
ENSRNOG00000042939	24.11
ENSRNOG00000042940	0
ENSRNOG00000042944	0.44
ENSRNOG00000042948	0
ENSRNOG00000042950	0
ENSRNOG00000042951	5.19
ENSRNOG00000042954	0.05
ENSRNOG00000042956	0
ENSRNOG00000042960	21.14
ENSRNOG00000042961	4.37
ENSRNOG00000042962	7.74
ENSRNOG00000042967	0
ENSRNOG00000042970	0
ENSRNOG00000042971	11.81
ENSRNOG00000042975	0.08
ENSRNOG00000042977	22.84
ENSRNOG00000042978	95.42
ENSRNOG00000042980	5.07
ENSRNOG00000042983	21.9
ENSRNOG00000042985	1.23
ENSRNOG00000042990	0
ENSRNOG00000042991	0
ENSRNOG00000042995	0
ENSRNOG00000042996	0
ENSRNOG00000043002	1.73
ENSRNOG00000043006	42.17
ENSRNOG00000043007	3.89
ENSRNOG00000043014	0
ENSRNOG00000043017	0
ENSRNOG00000043019	0.05
ENSRNOG00000043023	24.18
ENSRNOG00000043026	0.17
ENSRNOG00000043031	3.66
ENSRNOG00000043032	0
ENSRNOG00000043033	6.15
ENSRNOG00000043035	0.53
ENSRNOG00000043037	4.89
ENSRNOG00000043039	0.06
ENSRNOG00000043043	0
ENSRNOG00000043044	4.39
ENSRNOG00000043048	0
ENSRNOG00000043053	9.86
ENSRNOG00000043056	0
ENSRNOG00000043057	0
ENSRNOG00000043059	4.15
ENSRNOG00000043060	17.94
ENSRNOG00000043061	3.83
ENSRNOG00000043068	2.82
ENSRNOG00000043069	8.32
ENSRNOG00000043071	0.47
ENSRNOG00000043076	0.24
ENSRNOG00000043077	3.92
ENSRNOG00000043083	0
ENSRNOG00000043085	16.86
ENSRNOG00000043088	0
ENSRNOG00000043089	0
ENSRNOG00000043093	0.1
ENSRNOG00000043094	75.76
ENSRNOG00000043095	5.46
ENSRNOG00000043098	16.03
ENSRNOG00000043099	9.55
ENSRNOG00000043100	0
ENSRNOG00000043102	4.03
ENSRNOG00000043103	35.58
ENSRNOG00000043105	9.41
ENSRNOG00000043106	0
ENSRNOG00000043107	0.14
ENSRNOG00000043109	0
ENSRNOG00000043111	0
ENSRNOG00000043113	10.06
ENSRNOG00000043114	80.39
ENSRNOG00000043116	0.03
ENSRNOG00000043120	0.57
ENSRNOG00000043124	0.94
ENSRNOG00000043125	0
ENSRNOG00000043128	8.43
ENSRNOG00000043130	0.05
ENSRNOG00000043131	0
ENSRNOG00000043137	0.37
ENSRNOG00000043141	28.21
ENSRNOG00000043143	79.31
ENSRNOG00000043145	2.39
ENSRNOG00000043148	0
ENSRNOG00000043149	0
ENSRNOG00000043150	28.72
ENSRNOG00000043151	3.42
ENSRNOG00000043154	0.05
ENSRNOG00000043155	0
ENSRNOG00000043158	0
ENSRNOG00000043159	0
ENSRNOG00000043164	0
ENSRNOG00000043167	1.89
ENSRNOG00000043170	0.13
ENSRNOG00000043171	10.92
ENSRNOG00000043176	0
ENSRNOG00000043179	0
ENSRNOG00000043180	1.11
ENSRNOG00000043182	28.11
ENSRNOG00000043185	3.59
ENSRNOG00000043186	4.29
ENSRNOG00000043188	3.79
ENSRNOG00000043189	25.88
ENSRNOG00000043192	7.87
ENSRNOG00000043193	7.4
ENSRNOG00000043194	0
ENSRNOG00000043197	41.11
ENSRNOG00000043199	0.83
ENSRNOG00000043201	14.31
ENSRNOG00000043203	1.21
ENSRNOG00000043204	2.66
ENSRNOG00000043210	104.62
ENSRNOG00000043212	34
ENSRNOG00000043215	1.75
ENSRNOG00000043219	0.43
ENSRNOG00000043223	4.91
ENSRNOG00000043225	33.71
ENSRNOG00000043229	0
ENSRNOG00000043233	5.69
ENSRNOG00000043237	0
ENSRNOG00000043249	0
ENSRNOG00000043250	0.13
ENSRNOG00000043258	0
ENSRNOG00000043259	0.15
ENSRNOG00000043261	0
ENSRNOG00000043262	1.68
ENSRNOG00000043267	4.74
ENSRNOG00000043280	0
ENSRNOG00000043286	4.39
ENSRNOG00000043288	40.79
ENSRNOG00000043289	0
ENSRNOG00000043292	0
ENSRNOG00000043293	0
ENSRNOG00000043295	6.23
ENSRNOG00000043296	0.01
ENSRNOG00000043299	0
ENSRNOG00000043300	41.97
ENSRNOG00000043302	0.07
ENSRNOG00000043303	0
ENSRNOG00000043304	7.78
ENSRNOG00000043306	0.05
ENSRNOG00000043311	5.11
ENSRNOG00000043313	0
ENSRNOG00000043320	0
ENSRNOG00000043323	0
ENSRNOG00000043324	0.31
ENSRNOG00000043325	0
ENSRNOG00000043328	51.51
ENSRNOG00000043329	8.79
ENSRNOG00000043331	0.05
ENSRNOG00000043332	0.88
ENSRNOG00000043334	0
ENSRNOG00000043341	3.05
ENSRNOG00000043342	0
ENSRNOG00000043344	0
ENSRNOG00000043345	7.78
ENSRNOG00000043348	38.33
ENSRNOG00000043350	34.04
ENSRNOG00000043357	3.29
ENSRNOG00000043358	0.4
ENSRNOG00000043364	11.64
ENSRNOG00000043366	4.51
ENSRNOG00000043367	0
ENSRNOG00000043370	20.96
ENSRNOG00000043374	7.95
ENSRNOG00000043375	0.04
ENSRNOG00000043377	51.07
ENSRNOG00000043378	1.15
ENSRNOG00000043381	25.89
ENSRNOG00000043382	0
ENSRNOG00000043383	0.15
ENSRNOG00000043384	0
ENSRNOG00000043386	6.17
ENSRNOG00000043387	651.1
ENSRNOG00000043388	32.22
ENSRNOG00000043390	14.75
ENSRNOG00000043392	0
ENSRNOG00000043400	0
ENSRNOG00000043402	0
ENSRNOG00000043404	0
ENSRNOG00000043410	2.45
ENSRNOG00000043412	0.65
ENSRNOG00000043413	0
ENSRNOG00000043414	0
ENSRNOG00000043416	0.65
ENSRNOG00000043417	10.29
ENSRNOG00000043419	14.93
ENSRNOG00000043422	0.17
ENSRNOG00000043425	0
ENSRNOG00000043426	7.88
ENSRNOG00000043436	67.65
ENSRNOG00000043438	0
ENSRNOG00000043439	0.91
ENSRNOG00000043441	18.41
ENSRNOG00000043445	0.32
ENSRNOG00000043451	5.77
ENSRNOG00000043455	0
ENSRNOG00000043459	0
ENSRNOG00000043460	0
ENSRNOG00000043465	13.93
ENSRNOG00000043466	6.46
ENSRNOG00000043471	0
ENSRNOG00000043478	0
ENSRNOG00000043480	0.47
ENSRNOG00000043481	0
ENSRNOG00000043486	0.4
ENSRNOG00000043487	2.75
ENSRNOG00000043492	0
ENSRNOG00000043494	0
ENSRNOG00000043498	14.84
ENSRNOG00000043502	0.41
ENSRNOG00000043503	18.36
ENSRNOG00000043507	0
ENSRNOG00000043508	0
ENSRNOG00000043511	0
ENSRNOG00000043512	0.21
ENSRNOG00000043513	10.44
ENSRNOG00000043531	0
ENSRNOG00000043539	5.37
ENSRNOG00000043550	6.24
ENSRNOG00000043551	4.3
ENSRNOG00000043562	3.07
ENSRNOG00000043567	0
ENSRNOG00000043588	0
ENSRNOG00000043596	0
ENSRNOG00000043615	0.63
ENSRNOG00000043616	1.86
ENSRNOG00000043645	0
ENSRNOG00000043655	0
ENSRNOG00000043668	0
ENSRNOG00000043690	1.29
ENSRNOG00000043707	0
ENSRNOG00000043726	0.72
ENSRNOG00000043733	0.62
ENSRNOG00000043738	0
ENSRNOG00000043745	0.91
ENSRNOG00000043746	0
ENSRNOG00000043755	0
ENSRNOG00000043772	0
ENSRNOG00000043813	0
ENSRNOG00000043814	0.66
ENSRNOG00000043819	0.61
ENSRNOG00000043820	0
ENSRNOG00000043826	0
ENSRNOG00000043828	0
ENSRNOG00000043837	0
ENSRNOG00000043842	0
ENSRNOG00000043845	0
ENSRNOG00000043854	0
ENSRNOG00000043856	9.28
ENSRNOG00000043857	0
ENSRNOG00000043866	2499.71
ENSRNOG00000043884	0
ENSRNOG00000043886	0
ENSRNOG00000043915	1.3
ENSRNOG00000043926	0
ENSRNOG00000043952	3.22
ENSRNOG00000043969	0
ENSRNOG00000043975	0
ENSRNOG00000043978	0
ENSRNOG00000043983	0
ENSRNOG00000044003	0
ENSRNOG00000044036	0
ENSRNOG00000044047	0
ENSRNOG00000044076	0
ENSRNOG00000044078	0
ENSRNOG00000044082	0
ENSRNOG00000044087	0
ENSRNOG00000044095	0
ENSRNOG00000044126	0
ENSRNOG00000044128	0
ENSRNOG00000044170	0
ENSRNOG00000044193	0
ENSRNOG00000044194	0
ENSRNOG00000044200	0
ENSRNOG00000044214	0
ENSRNOG00000044264	0
ENSRNOG00000044267	0
ENSRNOG00000044282	0
ENSRNOG00000044284	0
ENSRNOG00000044300	0
ENSRNOG00000044303	0
ENSRNOG00000044314	0
ENSRNOG00000044330	0
ENSRNOG00000044338	0
ENSRNOG00000044353	0
ENSRNOG00000044385	0
ENSRNOG00000044386	0
ENSRNOG00000044394	1.11
ENSRNOG00000044405	0
ENSRNOG00000044409	0
ENSRNOG00000044415	0
ENSRNOG00000044429	0
ENSRNOG00000044437	0.49
ENSRNOG00000044438	0
ENSRNOG00000044448	0
ENSRNOG00000044463	0
ENSRNOG00000044494	0
ENSRNOG00000044501	0
ENSRNOG00000044504	0
ENSRNOG00000044505	0
ENSRNOG00000044512	40.28
ENSRNOG00000044524	0
ENSRNOG00000044555	0
ENSRNOG00000044566	0
ENSRNOG00000044574	1.17
ENSRNOG00000044576	0
ENSRNOG00000044590	0
ENSRNOG00000044599	0
ENSRNOG00000044601	0
ENSRNOG00000044605	0
ENSRNOG00000044610	14.5
ENSRNOG00000044615	1.99
ENSRNOG00000044626	0
ENSRNOG00000044629	0
ENSRNOG00000044631	0
ENSRNOG00000044636	0
ENSRNOG00000044644	0
ENSRNOG00000044645	0
ENSRNOG00000044660	0
ENSRNOG00000044661	0
ENSRNOG00000044699	0
ENSRNOG00000044703	0
ENSRNOG00000044715	0
ENSRNOG00000044719	0
ENSRNOG00000044722	0
ENSRNOG00000044762	0
ENSRNOG00000044767	0
ENSRNOG00000044771	0
ENSRNOG00000044773	0
ENSRNOG00000044784	0
ENSRNOG00000044786	0
ENSRNOG00000044820	0
ENSRNOG00000044833	0
ENSRNOG00000044838	0
ENSRNOG00000044850	0
ENSRNOG00000044867	0
ENSRNOG00000044880	0
ENSRNOG00000044889	0
ENSRNOG00000044894	0
ENSRNOG00000044895	0
ENSRNOG00000044905	0
ENSRNOG00000044930	0
ENSRNOG00000044937	0
ENSRNOG00000044940	0
ENSRNOG00000044954	0
ENSRNOG00000044968	0
ENSRNOG00000044990	0.58
ENSRNOG00000044997	0
ENSRNOG00000045002	0
ENSRNOG00000045006	0
ENSRNOG00000045014	0
ENSRNOG00000045015	0
ENSRNOG00000045032	0
ENSRNOG00000045036	0
ENSRNOG00000045043	0
ENSRNOG00000045061	0
ENSRNOG00000045070	0
ENSRNOG00000045084	0
ENSRNOG00000045087	0
ENSRNOG00000045100	0
ENSRNOG00000045106	0
ENSRNOG00000045148	0
ENSRNOG00000045162	0
ENSRNOG00000045168	1.22
ENSRNOG00000045172	0
ENSRNOG00000045175	0
ENSRNOG00000045182	0
ENSRNOG00000045187	0
ENSRNOG00000045206	0
ENSRNOG00000045211	0
ENSRNOG00000045233	0
ENSRNOG00000045242	0
ENSRNOG00000045251	0.47
ENSRNOG00000045261	0
ENSRNOG00000045263	0
ENSRNOG00000045293	0
ENSRNOG00000045298	0.58
ENSRNOG00000045322	0
ENSRNOG00000045327	0
ENSRNOG00000045356	0.7
ENSRNOG00000045363	0
ENSRNOG00000045369	0
ENSRNOG00000045370	0
ENSRNOG00000045387	0
ENSRNOG00000045399	0
ENSRNOG00000045403	0
ENSRNOG00000045463	0
ENSRNOG00000045491	0
ENSRNOG00000045493	0
ENSRNOG00000045510	0
ENSRNOG00000045524	13.82
ENSRNOG00000045525	0
ENSRNOG00000045527	0
ENSRNOG00000045530	0
ENSRNOG00000045532	0
ENSRNOG00000045533	0
ENSRNOG00000045535	67
ENSRNOG00000045536	0
ENSRNOG00000045537	4.03
ENSRNOG00000045539	1.16
ENSRNOG00000045540	0
ENSRNOG00000045541	1.6
ENSRNOG00000045542	0
ENSRNOG00000045543	4.18
ENSRNOG00000045544	0
ENSRNOG00000045545	5.55
ENSRNOG00000045546	0
ENSRNOG00000045548	0
ENSRNOG00000045549	0
ENSRNOG00000045552	0
ENSRNOG00000045553	1.62
ENSRNOG00000045554	0.69
ENSRNOG00000045555	14.84
ENSRNOG00000045556	0
ENSRNOG00000045557	5.94
ENSRNOG00000045558	4.9
ENSRNOG00000045560	0.09
ENSRNOG00000045561	20.55
ENSRNOG00000045562	0
ENSRNOG00000045563	0
ENSRNOG00000045565	0
ENSRNOG00000045568	9.47
ENSRNOG00000045569	0.02
ENSRNOG00000045570	1.53
ENSRNOG00000045572	0
ENSRNOG00000045574	2.01
ENSRNOG00000045575	0
ENSRNOG00000045576	0
ENSRNOG00000045577	0
ENSRNOG00000045578	0.03
ENSRNOG00000045580	1.16
ENSRNOG00000045581	0
ENSRNOG00000045582	0
ENSRNOG00000045583	1.1
ENSRNOG00000045585	0.17
ENSRNOG00000045586	0
ENSRNOG00000045587	0.05
ENSRNOG00000045591	0
ENSRNOG00000045593	0
ENSRNOG00000045595	0.74
ENSRNOG00000045596	0
ENSRNOG00000045597	9.46
ENSRNOG00000045599	0
ENSRNOG00000045602	0
ENSRNOG00000045604	3.08
ENSRNOG00000045605	14.7
ENSRNOG00000045607	7.07
ENSRNOG00000045609	0
ENSRNOG00000045610	0
ENSRNOG00000045611	0.22
ENSRNOG00000045612	0
ENSRNOG00000045614	0
ENSRNOG00000045615	2.04
ENSRNOG00000045616	0
ENSRNOG00000045617	0
ENSRNOG00000045618	0
ENSRNOG00000045619	1.84
ENSRNOG00000045620	0.13
ENSRNOG00000045621	0.56
ENSRNOG00000045622	2.68
ENSRNOG00000045623	14
ENSRNOG00000045624	0
ENSRNOG00000045625	0
ENSRNOG00000045626	0.1
ENSRNOG00000045627	0
ENSRNOG00000045628	0
ENSRNOG00000045629	3.52
ENSRNOG00000045630	0
ENSRNOG00000045631	0
ENSRNOG00000045632	0
ENSRNOG00000045634	0
ENSRNOG00000045635	0
ENSRNOG00000045636	53.11
ENSRNOG00000045637	167.56
ENSRNOG00000045638	9.97
ENSRNOG00000045639	2.82
ENSRNOG00000045641	0
ENSRNOG00000045643	0
ENSRNOG00000045644	0.16
ENSRNOG00000045646	0
ENSRNOG00000045647	21.89
ENSRNOG00000045648	0
ENSRNOG00000045649	22.12
ENSRNOG00000045650	0
ENSRNOG00000045653	0.02
ENSRNOG00000045654	0
ENSRNOG00000045655	1.04
ENSRNOG00000045656	0
ENSRNOG00000045658	0
ENSRNOG00000045662	0
ENSRNOG00000045663	0
ENSRNOG00000045665	25.18
ENSRNOG00000045666	0
ENSRNOG00000045668	6.9
ENSRNOG00000045669	0
ENSRNOG00000045670	7.84
ENSRNOG00000045672	0
ENSRNOG00000045673	0
ENSRNOG00000045674	0
ENSRNOG00000045676	0
ENSRNOG00000045677	0
ENSRNOG00000045678	0
ENSRNOG00000045679	1.01
ENSRNOG00000045680	0
ENSRNOG00000045681	0
ENSRNOG00000045682	0
ENSRNOG00000045683	0
ENSRNOG00000045684	0
ENSRNOG00000045685	0
ENSRNOG00000045686	12.77
ENSRNOG00000045688	0
ENSRNOG00000045689	0.29
ENSRNOG00000045690	0
ENSRNOG00000045691	2.15
ENSRNOG00000045692	0
ENSRNOG00000045693	0
ENSRNOG00000045694	0
ENSRNOG00000045695	0
ENSRNOG00000045696	2.29
ENSRNOG00000045697	0
ENSRNOG00000045698	22.27
ENSRNOG00000045701	0
ENSRNOG00000045702	0
ENSRNOG00000045706	0
ENSRNOG00000045707	0
ENSRNOG00000045711	0
ENSRNOG00000045713	0
ENSRNOG00000045715	0
ENSRNOG00000045719	0
ENSRNOG00000045720	0
ENSRNOG00000045721	0
ENSRNOG00000045722	0.96
ENSRNOG00000045723	0
ENSRNOG00000045726	0
ENSRNOG00000045728	4
ENSRNOG00000045729	0
ENSRNOG00000045732	0
ENSRNOG00000045733	0.02
ENSRNOG00000045736	6.34
ENSRNOG00000045737	0
ENSRNOG00000045738	12.83
ENSRNOG00000045739	8.26
ENSRNOG00000045740	26.85
ENSRNOG00000045741	0.62
ENSRNOG00000045742	7.22
ENSRNOG00000045743	8.6
ENSRNOG00000045745	0
ENSRNOG00000045746	0
ENSRNOG00000045747	0
ENSRNOG00000045748	0
ENSRNOG00000045749	0
ENSRNOG00000045751	0
ENSRNOG00000045752	10.96
ENSRNOG00000045753	6.26
ENSRNOG00000045754	0
ENSRNOG00000045755	0
ENSRNOG00000045756	14.38
ENSRNOG00000045757	0
ENSRNOG00000045758	0
ENSRNOG00000045759	0
ENSRNOG00000045760	0.05
ENSRNOG00000045761	0
ENSRNOG00000045762	0
ENSRNOG00000045763	0
ENSRNOG00000045764	6.14
ENSRNOG00000045765	22.46
ENSRNOG00000045767	0.13
ENSRNOG00000045768	0
ENSRNOG00000045770	1.03
ENSRNOG00000045771	17.05
ENSRNOG00000045772	0
ENSRNOG00000045775	20.08
ENSRNOG00000045778	1.64
ENSRNOG00000045779	17.41
ENSRNOG00000045781	7.69
ENSRNOG00000045783	0
ENSRNOG00000045785	0.36
ENSRNOG00000045786	0
ENSRNOG00000045790	0.05
ENSRNOG00000045791	34.89
ENSRNOG00000045792	0
ENSRNOG00000045793	0
ENSRNOG00000045795	8.29
ENSRNOG00000045797	0
ENSRNOG00000045798	0
ENSRNOG00000045799	0
ENSRNOG00000045800	10.88
ENSRNOG00000045801	0
ENSRNOG00000045802	0
ENSRNOG00000045804	0
ENSRNOG00000045806	0
ENSRNOG00000045807	0
ENSRNOG00000045808	0
ENSRNOG00000045809	0
ENSRNOG00000045811	0
ENSRNOG00000045814	0
ENSRNOG00000045815	0
ENSRNOG00000045816	29.43
ENSRNOG00000045817	0
ENSRNOG00000045818	0
ENSRNOG00000045819	0
ENSRNOG00000045821	4.72
ENSRNOG00000045824	0
ENSRNOG00000045826	2.55
ENSRNOG00000045828	0
ENSRNOG00000045829	0.51
ENSRNOG00000045831	0.03
ENSRNOG00000045832	0
ENSRNOG00000045833	0
ENSRNOG00000045837	6.42
ENSRNOG00000045838	3.15
ENSRNOG00000045839	0.01
ENSRNOG00000045840	6.2
ENSRNOG00000045841	0
ENSRNOG00000045842	0
ENSRNOG00000045843	41.26
ENSRNOG00000045844	103.98
ENSRNOG00000045846	1.86
ENSRNOG00000045847	0
ENSRNOG00000045850	0
ENSRNOG00000045851	0.83
ENSRNOG00000045854	6.39
ENSRNOG00000045857	12.61
ENSRNOG00000045860	39.51
ENSRNOG00000045861	0
ENSRNOG00000045862	0
ENSRNOG00000045863	5.27
ENSRNOG00000045864	0
ENSRNOG00000045865	0
ENSRNOG00000045867	0
ENSRNOG00000045868	0
ENSRNOG00000045869	0
ENSRNOG00000045872	13.49
ENSRNOG00000045875	0.07
ENSRNOG00000045877	0.02
ENSRNOG00000045879	0
ENSRNOG00000045884	322.23
ENSRNOG00000045885	0.16
ENSRNOG00000045886	0
ENSRNOG00000045887	0
ENSRNOG00000045888	0.1
ENSRNOG00000045889	0
ENSRNOG00000045892	28.7
ENSRNOG00000045893	0
ENSRNOG00000045894	0.64
ENSRNOG00000045895	2.37
ENSRNOG00000045896	0
ENSRNOG00000045897	0
ENSRNOG00000045900	0
ENSRNOG00000045902	0
ENSRNOG00000045903	0
ENSRNOG00000045905	0
ENSRNOG00000045907	0
ENSRNOG00000045908	0
ENSRNOG00000045909	0
ENSRNOG00000045911	0
ENSRNOG00000045913	0.96
ENSRNOG00000045914	0
ENSRNOG00000045916	0
ENSRNOG00000045917	0
ENSRNOG00000045918	10.73
ENSRNOG00000045919	0.71
ENSRNOG00000045920	9.73
ENSRNOG00000045921	0
ENSRNOG00000045922	0
ENSRNOG00000045923	0.85
ENSRNOG00000045924	1.91
ENSRNOG00000045926	9.66
ENSRNOG00000045927	0
ENSRNOG00000045929	0.05
ENSRNOG00000045930	0
ENSRNOG00000045931	51.1
ENSRNOG00000045932	0
ENSRNOG00000045933	0
ENSRNOG00000045937	0
ENSRNOG00000045939	0
ENSRNOG00000045940	0
ENSRNOG00000045941	14.31
ENSRNOG00000045943	23.72
ENSRNOG00000045945	0
ENSRNOG00000045947	0.02
ENSRNOG00000045948	5.43
ENSRNOG00000045949	4.26
ENSRNOG00000045951	1.17
ENSRNOG00000045952	1.9
ENSRNOG00000045953	0
ENSRNOG00000045955	0
ENSRNOG00000045957	0
ENSRNOG00000045959	0
ENSRNOG00000045960	1.19
ENSRNOG00000045961	9.21
ENSRNOG00000045962	0.64
ENSRNOG00000045963	0
ENSRNOG00000045964	2.01
ENSRNOG00000045965	0.07
ENSRNOG00000045966	0
ENSRNOG00000045967	4.72
ENSRNOG00000045968	0
ENSRNOG00000045969	0
ENSRNOG00000045970	0.63
ENSRNOG00000045971	0
ENSRNOG00000045972	0
ENSRNOG00000045973	0
ENSRNOG00000045975	0
ENSRNOG00000045977	0
ENSRNOG00000045978	0
ENSRNOG00000045980	0
ENSRNOG00000045981	0
ENSRNOG00000045984	0
ENSRNOG00000045985	0
ENSRNOG00000045988	0
ENSRNOG00000045989	0
ENSRNOG00000045990	0
ENSRNOG00000045991	0
ENSRNOG00000045992	0.13
ENSRNOG00000045993	0
ENSRNOG00000045994	4.64
ENSRNOG00000045995	0
ENSRNOG00000045997	1.13
ENSRNOG00000045998	28.53
ENSRNOG00000045999	1.03
ENSRNOG00000046000	33.64
ENSRNOG00000046001	4.66
ENSRNOG00000046002	38.76
ENSRNOG00000046004	0
ENSRNOG00000046005	1153.44
ENSRNOG00000046006	0
ENSRNOG00000046007	0.13
ENSRNOG00000046010	0
ENSRNOG00000046011	0
ENSRNOG00000046012	0
ENSRNOG00000046016	1.28
ENSRNOG00000046017	0
ENSRNOG00000046020	0
ENSRNOG00000046021	88.12
ENSRNOG00000046022	0
ENSRNOG00000046023	14.88
ENSRNOG00000046024	0
ENSRNOG00000046025	0
ENSRNOG00000046027	0.5
ENSRNOG00000046028	2.19
ENSRNOG00000046029	0
ENSRNOG00000046031	0.02
ENSRNOG00000046032	0
ENSRNOG00000046036	0.31
ENSRNOG00000046037	0
ENSRNOG00000046038	0
ENSRNOG00000046040	0
ENSRNOG00000046041	0
ENSRNOG00000046042	0
ENSRNOG00000046043	0
ENSRNOG00000046044	0
ENSRNOG00000046046	0
ENSRNOG00000046047	1.32
ENSRNOG00000046048	0
ENSRNOG00000046049	13.36
ENSRNOG00000046050	4.37
ENSRNOG00000046051	0
ENSRNOG00000046052	0
ENSRNOG00000046053	8.16
ENSRNOG00000046057	0
ENSRNOG00000046058	0
ENSRNOG00000046060	0.67
ENSRNOG00000046061	0
ENSRNOG00000046062	19.33
ENSRNOG00000046063	0
ENSRNOG00000046064	0
ENSRNOG00000046067	0
ENSRNOG00000046068	0
ENSRNOG00000046069	0.66
ENSRNOG00000046071	0
ENSRNOG00000046072	0
ENSRNOG00000046074	0
ENSRNOG00000046075	0
ENSRNOG00000046076	0.06
ENSRNOG00000046078	0
ENSRNOG00000046079	0
ENSRNOG00000046080	0
ENSRNOG00000046081	0
ENSRNOG00000046083	0
ENSRNOG00000046085	3.27
ENSRNOG00000046086	0.41
ENSRNOG00000046088	0
ENSRNOG00000046089	0
ENSRNOG00000046092	0
ENSRNOG00000046094	0.12
ENSRNOG00000046095	0
ENSRNOG00000046097	0
ENSRNOG00000046099	0
ENSRNOG00000046100	0
ENSRNOG00000046102	0
ENSRNOG00000046104	0.3
ENSRNOG00000046105	0
ENSRNOG00000046106	0
ENSRNOG00000046109	29.97
ENSRNOG00000046110	0
ENSRNOG00000046112	9.15
ENSRNOG00000046113	2.41
ENSRNOG00000046115	0
ENSRNOG00000046120	0.28
ENSRNOG00000046121	0
ENSRNOG00000046122	0
ENSRNOG00000046123	0
ENSRNOG00000046124	0
ENSRNOG00000046126	0
ENSRNOG00000046128	20
ENSRNOG00000046129	0
ENSRNOG00000046131	0.54
ENSRNOG00000046132	1.48
ENSRNOG00000046133	0
ENSRNOG00000046134	0
ENSRNOG00000046136	0
ENSRNOG00000046137	2.89
ENSRNOG00000046139	6.47
ENSRNOG00000046140	0
ENSRNOG00000046142	0
ENSRNOG00000046143	3.42
ENSRNOG00000046144	0
ENSRNOG00000046145	0
ENSRNOG00000046147	3.93
ENSRNOG00000046150	0.21
ENSRNOG00000046151	0
ENSRNOG00000046153	1.04
ENSRNOG00000046154	0.61
ENSRNOG00000046155	0.82
ENSRNOG00000046156	0
ENSRNOG00000046157	0
ENSRNOG00000046159	16.99
ENSRNOG00000046160	7.76
ENSRNOG00000046162	0
ENSRNOG00000046163	0.26
ENSRNOG00000046165	0
ENSRNOG00000046168	21.11
ENSRNOG00000046171	2.66
ENSRNOG00000046172	33.44
ENSRNOG00000046174	0.16
ENSRNOG00000046176	0
ENSRNOG00000046177	0
ENSRNOG00000046180	0
ENSRNOG00000046181	0.64
ENSRNOG00000046182	0
ENSRNOG00000046183	0.15
ENSRNOG00000046184	0.11
ENSRNOG00000046185	0
ENSRNOG00000046186	0.27
ENSRNOG00000046187	0
ENSRNOG00000046188	0
ENSRNOG00000046189	0
ENSRNOG00000046190	0
ENSRNOG00000046191	0.21
ENSRNOG00000046192	0.17
ENSRNOG00000046194	16.74
ENSRNOG00000046195	3.17
ENSRNOG00000046196	0.61
ENSRNOG00000046197	0
ENSRNOG00000046198	0.03
ENSRNOG00000046199	0
ENSRNOG00000046202	3.1
ENSRNOG00000046203	0
ENSRNOG00000046204	25.66
ENSRNOG00000046207	26.21
ENSRNOG00000046209	0
ENSRNOG00000046211	18.89
ENSRNOG00000046212	0.99
ENSRNOG00000046214	0.03
ENSRNOG00000046216	0.32
ENSRNOG00000046217	0
ENSRNOG00000046219	0
ENSRNOG00000046222	0
ENSRNOG00000046223	0
ENSRNOG00000046224	0
ENSRNOG00000046225	0
ENSRNOG00000046226	0
ENSRNOG00000046227	72.19
ENSRNOG00000046228	0
ENSRNOG00000046229	0
ENSRNOG00000046230	0
ENSRNOG00000046231	0.05
ENSRNOG00000046234	0
ENSRNOG00000046235	0
ENSRNOG00000046236	0
ENSRNOG00000046239	0
ENSRNOG00000046240	0
ENSRNOG00000046241	0
ENSRNOG00000046242	8.9
ENSRNOG00000046243	0.22
ENSRNOG00000046245	11.67
ENSRNOG00000046246	0
ENSRNOG00000046250	0.18
ENSRNOG00000046252	7.16
ENSRNOG00000046254	4.46
ENSRNOG00000046256	24.07
ENSRNOG00000046257	8.21
ENSRNOG00000046258	0.02
ENSRNOG00000046260	0.09
ENSRNOG00000046261	1.83
ENSRNOG00000046262	1.08
ENSRNOG00000046263	1.53
ENSRNOG00000046264	1.74
ENSRNOG00000046265	0
ENSRNOG00000046267	0
ENSRNOG00000046268	0
ENSRNOG00000046271	1.59
ENSRNOG00000046272	0
ENSRNOG00000046275	0
ENSRNOG00000046276	0.06
ENSRNOG00000046279	0.07
ENSRNOG00000046280	18.49
ENSRNOG00000046282	0
ENSRNOG00000046283	31.04
ENSRNOG00000046284	0
ENSRNOG00000046286	0
ENSRNOG00000046288	1.9
ENSRNOG00000046289	0
ENSRNOG00000046292	0
ENSRNOG00000046294	0
ENSRNOG00000046295	0
ENSRNOG00000046297	0
ENSRNOG00000046298	3.35
ENSRNOG00000046299	0.12
ENSRNOG00000046301	0
ENSRNOG00000046302	0
ENSRNOG00000046305	0.12
ENSRNOG00000046306	0
ENSRNOG00000046307	2.8
ENSRNOG00000046308	0
ENSRNOG00000046309	4.68
ENSRNOG00000046310	0
ENSRNOG00000046311	0
ENSRNOG00000046312	0
ENSRNOG00000046313	86.28
ENSRNOG00000046314	0
ENSRNOG00000046315	0
ENSRNOG00000046316	167.27
ENSRNOG00000046317	0
ENSRNOG00000046318	6.3
ENSRNOG00000046319	0
ENSRNOG00000046320	0
ENSRNOG00000046322	0
ENSRNOG00000046323	0.2
ENSRNOG00000046324	0
ENSRNOG00000046325	0
ENSRNOG00000046326	0.09
ENSRNOG00000046327	12.59
ENSRNOG00000046328	0
ENSRNOG00000046330	77.94
ENSRNOG00000046332	2.23
ENSRNOG00000046333	22.4
ENSRNOG00000046334	0
ENSRNOG00000046335	0
ENSRNOG00000046336	0
ENSRNOG00000046338	3.07
ENSRNOG00000046339	0.03
ENSRNOG00000046340	0
ENSRNOG00000046342	0
ENSRNOG00000046343	4.56
ENSRNOG00000046345	87.7
ENSRNOG00000046346	0
ENSRNOG00000046347	0
ENSRNOG00000046348	0
ENSRNOG00000046349	0
ENSRNOG00000046350	0
ENSRNOG00000046353	3.85
ENSRNOG00000046355	0
ENSRNOG00000046356	0
ENSRNOG00000046357	8.45
ENSRNOG00000046358	6.99
ENSRNOG00000046359	0
ENSRNOG00000046361	0.03
ENSRNOG00000046362	0
ENSRNOG00000046363	0
ENSRNOG00000046364	0.21
ENSRNOG00000046365	0.03
ENSRNOG00000046366	4.81
ENSRNOG00000046368	0
ENSRNOG00000046369	0
ENSRNOG00000046372	0
ENSRNOG00000046375	0
ENSRNOG00000046377	0.08
ENSRNOG00000046379	0.05
ENSRNOG00000046380	0
ENSRNOG00000046382	0
ENSRNOG00000046383	0
ENSRNOG00000046384	0
ENSRNOG00000046386	0
ENSRNOG00000046390	27.82
ENSRNOG00000046391	21.07
ENSRNOG00000046392	0
ENSRNOG00000046393	0
ENSRNOG00000046395	0
ENSRNOG00000046397	6.44
ENSRNOG00000046401	0
ENSRNOG00000046403	0
ENSRNOG00000046404	0
ENSRNOG00000046405	0.26
ENSRNOG00000046407	0
ENSRNOG00000046410	3.35
ENSRNOG00000046411	0
ENSRNOG00000046413	0
ENSRNOG00000046414	0
ENSRNOG00000046417	0
ENSRNOG00000046418	0
ENSRNOG00000046419	0
ENSRNOG00000046420	9.95
ENSRNOG00000046421	0
ENSRNOG00000046424	31.07
ENSRNOG00000046425	0
ENSRNOG00000046426	1.34
ENSRNOG00000046427	0
ENSRNOG00000046428	6.8
ENSRNOG00000046430	13.43
ENSRNOG00000046431	0
ENSRNOG00000046433	0
ENSRNOG00000046434	0.47
ENSRNOG00000046438	0
ENSRNOG00000046439	8.12
ENSRNOG00000046440	0.8
ENSRNOG00000046441	0
ENSRNOG00000046443	4.18
ENSRNOG00000046444	0
ENSRNOG00000046445	6.2
ENSRNOG00000046447	0
ENSRNOG00000046448	0
ENSRNOG00000046449	0.11
ENSRNOG00000046450	8.73
ENSRNOG00000046452	2.2
ENSRNOG00000046453	0
ENSRNOG00000046454	5.78
ENSRNOG00000046455	0.07
ENSRNOG00000046456	0
ENSRNOG00000046457	0
ENSRNOG00000046458	0
ENSRNOG00000046460	9.93
ENSRNOG00000046466	0
ENSRNOG00000046468	0.19
ENSRNOG00000046469	1.14
ENSRNOG00000046472	10.31
ENSRNOG00000046473	0
ENSRNOG00000046475	0.66
ENSRNOG00000046476	0
ENSRNOG00000046477	0
ENSRNOG00000046478	0
ENSRNOG00000046479	3.93
ENSRNOG00000046480	1.4
ENSRNOG00000046482	0.03
ENSRNOG00000046484	1.13
ENSRNOG00000046487	0.05
ENSRNOG00000046489	0
ENSRNOG00000046492	2.49
ENSRNOG00000046493	31.78
ENSRNOG00000046494	1.67
ENSRNOG00000046497	15.19
ENSRNOG00000046498	0
ENSRNOG00000046500	15.06
ENSRNOG00000046501	0
ENSRNOG00000046502	37.4
ENSRNOG00000046504	0
ENSRNOG00000046505	0.89
ENSRNOG00000046510	0
ENSRNOG00000046512	0
ENSRNOG00000046515	1.4
ENSRNOG00000046516	0
ENSRNOG00000046517	0.16
ENSRNOG00000046519	10.25
ENSRNOG00000046520	5.16
ENSRNOG00000046521	0
ENSRNOG00000046524	0
ENSRNOG00000046526	0
ENSRNOG00000046527	11.25
ENSRNOG00000046529	0
ENSRNOG00000046530	9.75
ENSRNOG00000046532	9.64
ENSRNOG00000046533	7.07
ENSRNOG00000046535	4.57
ENSRNOG00000046536	37.5
ENSRNOG00000046538	0.08
ENSRNOG00000046539	0
ENSRNOG00000046540	0.07
ENSRNOG00000046544	21.3
ENSRNOG00000046546	0.05
ENSRNOG00000046547	2.37
ENSRNOG00000046548	0.3
ENSRNOG00000046549	0
ENSRNOG00000046553	0
ENSRNOG00000046554	0
ENSRNOG00000046556	0
ENSRNOG00000046558	0
ENSRNOG00000046559	0
ENSRNOG00000046560	124.64
ENSRNOG00000046565	18.71
ENSRNOG00000046566	23.61
ENSRNOG00000046567	0
ENSRNOG00000046568	0
ENSRNOG00000046569	0
ENSRNOG00000046570	0
ENSRNOG00000046572	0
ENSRNOG00000046573	0
ENSRNOG00000046576	0.33
ENSRNOG00000046577	0
ENSRNOG00000046579	0
ENSRNOG00000046581	2.8
ENSRNOG00000046582	0
ENSRNOG00000046583	0
ENSRNOG00000046585	47.51
ENSRNOG00000046586	0
ENSRNOG00000046587	0.78
ENSRNOG00000046589	0
ENSRNOG00000046591	1.36
ENSRNOG00000046592	0
ENSRNOG00000046593	0
ENSRNOG00000046594	0.03
ENSRNOG00000046595	5.71
ENSRNOG00000046596	0
ENSRNOG00000046598	0
ENSRNOG00000046599	5.22
ENSRNOG00000046600	0
ENSRNOG00000046601	0.03
ENSRNOG00000046602	0.45
ENSRNOG00000046607	4.55
ENSRNOG00000046609	0
ENSRNOG00000046611	0.19
ENSRNOG00000046615	0
ENSRNOG00000046617	3.66
ENSRNOG00000046619	0
ENSRNOG00000046620	0
ENSRNOG00000046621	4.77
ENSRNOG00000046622	0
ENSRNOG00000046623	0.71
ENSRNOG00000046624	0
ENSRNOG00000046625	0
ENSRNOG00000046628	0
ENSRNOG00000046629	1.23
ENSRNOG00000046630	0
ENSRNOG00000046632	0
ENSRNOG00000046634	0
ENSRNOG00000046635	0.57
ENSRNOG00000046636	0.62
ENSRNOG00000046638	0
ENSRNOG00000046639	1.16
ENSRNOG00000046641	1.57
ENSRNOG00000046642	0
ENSRNOG00000046643	7.46
ENSRNOG00000046644	36.61
ENSRNOG00000046646	0
ENSRNOG00000046647	27.08
ENSRNOG00000046648	0
ENSRNOG00000046649	0
ENSRNOG00000046651	0
ENSRNOG00000046652	0
ENSRNOG00000046653	0
ENSRNOG00000046655	0.48
ENSRNOG00000046657	0
ENSRNOG00000046658	0
ENSRNOG00000046660	1.91
ENSRNOG00000046661	0
ENSRNOG00000046662	13.53
ENSRNOG00000046663	1.01
ENSRNOG00000046665	0
ENSRNOG00000046666	1.76
ENSRNOG00000046667	1.34
ENSRNOG00000046669	0
ENSRNOG00000046670	0
ENSRNOG00000046674	0
ENSRNOG00000046675	4.53
ENSRNOG00000046676	0
ENSRNOG00000046677	0
ENSRNOG00000046679	0
ENSRNOG00000046681	0
ENSRNOG00000046683	0.48
ENSRNOG00000046684	0
ENSRNOG00000046685	0.6
ENSRNOG00000046686	0
ENSRNOG00000046688	0
ENSRNOG00000046689	0
ENSRNOG00000046691	1.28
ENSRNOG00000046692	0
ENSRNOG00000046694	0
ENSRNOG00000046695	0
ENSRNOG00000046696	0
ENSRNOG00000046698	54.08
ENSRNOG00000046699	0
ENSRNOG00000046700	5.33
ENSRNOG00000046702	0
ENSRNOG00000046703	0
ENSRNOG00000046704	0.5
ENSRNOG00000046705	139.24
ENSRNOG00000046707	266.83
ENSRNOG00000046708	0
ENSRNOG00000046711	0.97
ENSRNOG00000046712	0
ENSRNOG00000046713	0
ENSRNOG00000046714	0
ENSRNOG00000046717	0
ENSRNOG00000046718	0
ENSRNOG00000046719	0
ENSRNOG00000046720	0.23
ENSRNOG00000046724	0
ENSRNOG00000046725	0
ENSRNOG00000046727	0.75
ENSRNOG00000046729	0
ENSRNOG00000046733	0
ENSRNOG00000046734	0
ENSRNOG00000046735	0
ENSRNOG00000046736	0
ENSRNOG00000046737	0
ENSRNOG00000046738	0
ENSRNOG00000046739	0
ENSRNOG00000046740	0.11
ENSRNOG00000046741	19.48
ENSRNOG00000046744	10.49
ENSRNOG00000046745	1.45
ENSRNOG00000046746	0
ENSRNOG00000046748	0
ENSRNOG00000046751	1.88
ENSRNOG00000046752	0
ENSRNOG00000046753	0.53
ENSRNOG00000046756	1.4
ENSRNOG00000046758	0.23
ENSRNOG00000046759	0
ENSRNOG00000046761	0
ENSRNOG00000046762	0
ENSRNOG00000046763	1.4
ENSRNOG00000046764	0
ENSRNOG00000046767	0
ENSRNOG00000046768	0
ENSRNOG00000046769	10.71
ENSRNOG00000046771	0
ENSRNOG00000046772	0.08
ENSRNOG00000046773	0
ENSRNOG00000046774	0.17
ENSRNOG00000046776	0.06
ENSRNOG00000046777	0
ENSRNOG00000046778	0
ENSRNOG00000046779	0.07
ENSRNOG00000046780	0
ENSRNOG00000046782	0.07
ENSRNOG00000046783	0
ENSRNOG00000046785	0
ENSRNOG00000046786	0
ENSRNOG00000046787	0
ENSRNOG00000046788	0
ENSRNOG00000046790	0.21
ENSRNOG00000046791	2.2
ENSRNOG00000046792	0
ENSRNOG00000046794	43.23
ENSRNOG00000046796	0
ENSRNOG00000046797	0
ENSRNOG00000046799	32.06
ENSRNOG00000046800	0
ENSRNOG00000046801	0
ENSRNOG00000046802	0
ENSRNOG00000046803	0.13
ENSRNOG00000046806	0
ENSRNOG00000046807	0
ENSRNOG00000046810	0
ENSRNOG00000046811	0.6
ENSRNOG00000046812	0
ENSRNOG00000046816	0
ENSRNOG00000046822	0
ENSRNOG00000046827	0
ENSRNOG00000046829	4.75
ENSRNOG00000046832	2.97
ENSRNOG00000046834	6.87
ENSRNOG00000046835	0
ENSRNOG00000046836	0
ENSRNOG00000046838	0
ENSRNOG00000046839	0
ENSRNOG00000046840	0.19
ENSRNOG00000046841	0
ENSRNOG00000046843	0.7
ENSRNOG00000046844	0
ENSRNOG00000046845	1.1
ENSRNOG00000046846	0.6
ENSRNOG00000046847	0
ENSRNOG00000046848	1.67
ENSRNOG00000046849	0
ENSRNOG00000046850	0.23
ENSRNOG00000046851	3.94
ENSRNOG00000046852	9.43
ENSRNOG00000046854	0
ENSRNOG00000046855	0
ENSRNOG00000046858	24.37
ENSRNOG00000046862	2.46
ENSRNOG00000046863	4.96
ENSRNOG00000046864	1.52
ENSRNOG00000046865	10.58
ENSRNOG00000046866	0
ENSRNOG00000046867	0
ENSRNOG00000046869	0
ENSRNOG00000046871	7.66
ENSRNOG00000046873	0
ENSRNOG00000046874	8.9
ENSRNOG00000046876	0
ENSRNOG00000046877	8.32
ENSRNOG00000046880	0
ENSRNOG00000046881	0
ENSRNOG00000046882	0
ENSRNOG00000046883	51.12
ENSRNOG00000046886	0
ENSRNOG00000046888	0
ENSRNOG00000046889	42.22
ENSRNOG00000046890	0.21
ENSRNOG00000046891	88.45
ENSRNOG00000046892	0
ENSRNOG00000046896	0.29
ENSRNOG00000046897	0
ENSRNOG00000046899	0.28
ENSRNOG00000046902	0
ENSRNOG00000046903	0
ENSRNOG00000046904	0
ENSRNOG00000046905	12.03
ENSRNOG00000046907	0
ENSRNOG00000046909	0
ENSRNOG00000046912	28.98
ENSRNOG00000046913	0
ENSRNOG00000046914	0
ENSRNOG00000046915	1.18
ENSRNOG00000046917	0
ENSRNOG00000046918	24.33
ENSRNOG00000046919	0
ENSRNOG00000046920	0.03
ENSRNOG00000046921	0
ENSRNOG00000046922	2.97
ENSRNOG00000046923	0.96
ENSRNOG00000046924	0
ENSRNOG00000046925	0
ENSRNOG00000046926	0.17
ENSRNOG00000046927	0.43
ENSRNOG00000046930	0
ENSRNOG00000046931	0
ENSRNOG00000046933	0
ENSRNOG00000046934	0
ENSRNOG00000046936	0
ENSRNOG00000046937	0
ENSRNOG00000046938	0
ENSRNOG00000046940	0
ENSRNOG00000046941	0
ENSRNOG00000046942	0
ENSRNOG00000046943	0
ENSRNOG00000046944	4.68
ENSRNOG00000046945	0
ENSRNOG00000046946	0
ENSRNOG00000046947	61.52
ENSRNOG00000046949	13.69
ENSRNOG00000046950	0.44
ENSRNOG00000046955	68.63
ENSRNOG00000046956	0
ENSRNOG00000046957	0
ENSRNOG00000046958	3.25
ENSRNOG00000046959	0
ENSRNOG00000046960	0
ENSRNOG00000046961	0
ENSRNOG00000046962	0.49
ENSRNOG00000046963	0
ENSRNOG00000046964	0
ENSRNOG00000046966	0
ENSRNOG00000046967	0
ENSRNOG00000046968	0.31
ENSRNOG00000046969	4.68
ENSRNOG00000046971	1.87
ENSRNOG00000046972	9
ENSRNOG00000046973	0.63
ENSRNOG00000046975	145.87
ENSRNOG00000046976	0
ENSRNOG00000046978	0
ENSRNOG00000046980	15.76
ENSRNOG00000046981	0.34
ENSRNOG00000046982	0
ENSRNOG00000046983	6.02
ENSRNOG00000046984	31.42
ENSRNOG00000046990	0
ENSRNOG00000046991	0
ENSRNOG00000046993	0
ENSRNOG00000046995	0
ENSRNOG00000046996	298.84
ENSRNOG00000046997	0
ENSRNOG00000046999	0
ENSRNOG00000047000	0
ENSRNOG00000047001	0
ENSRNOG00000047002	3.21
ENSRNOG00000047003	6.01
ENSRNOG00000047004	0.9
ENSRNOG00000047005	0.28
ENSRNOG00000047006	12.3
ENSRNOG00000047007	0
ENSRNOG00000047011	0
ENSRNOG00000047013	0.76
ENSRNOG00000047014	16.07
ENSRNOG00000047015	0
ENSRNOG00000047017	0
ENSRNOG00000047018	0
ENSRNOG00000047019	30.14
ENSRNOG00000047023	12.15
ENSRNOG00000047024	0
ENSRNOG00000047026	0.05
ENSRNOG00000047027	0.14
ENSRNOG00000047028	18.37
ENSRNOG00000047029	0
ENSRNOG00000047030	0
ENSRNOG00000047035	1.94
ENSRNOG00000047036	0
ENSRNOG00000047039	33.44
ENSRNOG00000047040	1.08
ENSRNOG00000047041	0
ENSRNOG00000047042	0
ENSRNOG00000047045	19.1
ENSRNOG00000047046	0.68
ENSRNOG00000047051	0
ENSRNOG00000047052	18.33
ENSRNOG00000047053	31.43
ENSRNOG00000047055	4.6
ENSRNOG00000047056	0
ENSRNOG00000047057	6.82
ENSRNOG00000047060	0
ENSRNOG00000047061	0.65
ENSRNOG00000047062	0
ENSRNOG00000047065	0
ENSRNOG00000047066	23.02
ENSRNOG00000047067	2.86
ENSRNOG00000047069	0.53
ENSRNOG00000047072	0
ENSRNOG00000047073	0
ENSRNOG00000047074	0
ENSRNOG00000047075	0.94
ENSRNOG00000047076	0
ENSRNOG00000047077	0.09
ENSRNOG00000047078	0
ENSRNOG00000047079	0
ENSRNOG00000047080	12.1
ENSRNOG00000047081	0
ENSRNOG00000047082	0
ENSRNOG00000047084	0
ENSRNOG00000047085	18.07
ENSRNOG00000047088	81.17
ENSRNOG00000047089	10.93
ENSRNOG00000047090	0
ENSRNOG00000047091	0.21
ENSRNOG00000047092	0
ENSRNOG00000047094	0
ENSRNOG00000047095	0
ENSRNOG00000047098	0
ENSRNOG00000047100	0
ENSRNOG00000047101	0
ENSRNOG00000047102	0.13
ENSRNOG00000047103	0
ENSRNOG00000047104	0
ENSRNOG00000047105	0
ENSRNOG00000047106	8.07
ENSRNOG00000047107	0
ENSRNOG00000047108	0
ENSRNOG00000047110	0
ENSRNOG00000047112	0
ENSRNOG00000047113	0.52
ENSRNOG00000047114	0.03
ENSRNOG00000047115	11.05
ENSRNOG00000047116	0
ENSRNOG00000047117	4.75
ENSRNOG00000047118	13.51
ENSRNOG00000047120	0
ENSRNOG00000047123	11.06
ENSRNOG00000047124	3.09
ENSRNOG00000047125	0.06
ENSRNOG00000047126	0
ENSRNOG00000047128	0
ENSRNOG00000047131	0
ENSRNOG00000047132	7.88
ENSRNOG00000047133	2.85
ENSRNOG00000047134	33.78
ENSRNOG00000047135	1.3
ENSRNOG00000047136	0
ENSRNOG00000047137	31.43
ENSRNOG00000047138	0
ENSRNOG00000047140	0
ENSRNOG00000047142	0
ENSRNOG00000047143	12.85
ENSRNOG00000047145	7.64
ENSRNOG00000047146	0
ENSRNOG00000047148	0
ENSRNOG00000047150	0
ENSRNOG00000047151	0
ENSRNOG00000047152	0
ENSRNOG00000047153	0
ENSRNOG00000047155	0
ENSRNOG00000047158	0
ENSRNOG00000047162	0
ENSRNOG00000047164	0
ENSRNOG00000047165	0
ENSRNOG00000047167	0
ENSRNOG00000047169	0
ENSRNOG00000047171	15.88
ENSRNOG00000047173	0
ENSRNOG00000047174	1.43
ENSRNOG00000047175	0
ENSRNOG00000047176	0
ENSRNOG00000047177	0
ENSRNOG00000047179	184.69
ENSRNOG00000047180	0.73
ENSRNOG00000047185	25.62
ENSRNOG00000047186	0
ENSRNOG00000047187	0
ENSRNOG00000047188	0.17
ENSRNOG00000047191	0.11
ENSRNOG00000047193	0
ENSRNOG00000047194	6.34
ENSRNOG00000047196	0
ENSRNOG00000047198	10.3
ENSRNOG00000047204	0.18
ENSRNOG00000047205	0
ENSRNOG00000047206	0
ENSRNOG00000047208	0
ENSRNOG00000047211	9.54
ENSRNOG00000047212	2.53
ENSRNOG00000047213	9.7
ENSRNOG00000047214	0
ENSRNOG00000047215	0
ENSRNOG00000047216	0.77
ENSRNOG00000047218	3.3
ENSRNOG00000047219	20.07
ENSRNOG00000047221	0
ENSRNOG00000047223	0.57
ENSRNOG00000047224	0
ENSRNOG00000047225	120.1
ENSRNOG00000047226	0
ENSRNOG00000047227	0
ENSRNOG00000047229	4.06
ENSRNOG00000047230	2.65
ENSRNOG00000047231	0
ENSRNOG00000047233	0
ENSRNOG00000047234	5.86
ENSRNOG00000047235	32.4
ENSRNOG00000047236	21.82
ENSRNOG00000047238	0
ENSRNOG00000047240	0
ENSRNOG00000047241	0
ENSRNOG00000047242	0
ENSRNOG00000047243	0
ENSRNOG00000047244	11.01
ENSRNOG00000047246	17.15
ENSRNOG00000047247	72.38
ENSRNOG00000047250	108.81
ENSRNOG00000047251	0
ENSRNOG00000047252	0
ENSRNOG00000047253	0
ENSRNOG00000047254	0
ENSRNOG00000047257	17.56
ENSRNOG00000047258	1.36
ENSRNOG00000047259	0
ENSRNOG00000047260	0
ENSRNOG00000047261	0.44
ENSRNOG00000047264	0
ENSRNOG00000047265	0
ENSRNOG00000047266	0
ENSRNOG00000047267	0
ENSRNOG00000047268	0
ENSRNOG00000047270	0
ENSRNOG00000047271	0
ENSRNOG00000047272	0
ENSRNOG00000047274	0
ENSRNOG00000047275	0
ENSRNOG00000047276	85.26
ENSRNOG00000047277	0
ENSRNOG00000047278	1.16
ENSRNOG00000047279	0.05
ENSRNOG00000047280	0
ENSRNOG00000047281	0
ENSRNOG00000047286	0
ENSRNOG00000047287	30.88
ENSRNOG00000047288	0
ENSRNOG00000047289	3.47
ENSRNOG00000047291	0
ENSRNOG00000047293	0
ENSRNOG00000047294	0
ENSRNOG00000047295	0.82
ENSRNOG00000047296	13.65
ENSRNOG00000047298	0
ENSRNOG00000047300	0.56
ENSRNOG00000047301	0
ENSRNOG00000047302	4.6
ENSRNOG00000047303	8.57
ENSRNOG00000047304	0
ENSRNOG00000047306	2.03
ENSRNOG00000047307	35.68
ENSRNOG00000047308	0
ENSRNOG00000047309	87.84
ENSRNOG00000047310	0.69
ENSRNOG00000047312	0.3
ENSRNOG00000047313	0
ENSRNOG00000047314	1.66
ENSRNOG00000047319	5.19
ENSRNOG00000047320	0
ENSRNOG00000047321	56.46
ENSRNOG00000047322	1.13
ENSRNOG00000047324	0
ENSRNOG00000047325	0
ENSRNOG00000047326	0
ENSRNOG00000047327	1.09
ENSRNOG00000047328	0
ENSRNOG00000047329	7.69
ENSRNOG00000047331	0
ENSRNOG00000047332	0
ENSRNOG00000047334	0
ENSRNOG00000047335	0
ENSRNOG00000047336	0
ENSRNOG00000047337	0
ENSRNOG00000047338	0
ENSRNOG00000047339	89.99
ENSRNOG00000047340	0
ENSRNOG00000047341	0
ENSRNOG00000047343	0
ENSRNOG00000047344	0
ENSRNOG00000047347	0
ENSRNOG00000047349	0
ENSRNOG00000047350	0
ENSRNOG00000047351	4.52
ENSRNOG00000047356	8.1
ENSRNOG00000047357	0
ENSRNOG00000047358	0
ENSRNOG00000047359	0
ENSRNOG00000047361	0
ENSRNOG00000047363	3.58
ENSRNOG00000047364	0.53
ENSRNOG00000047365	0
ENSRNOG00000047367	2.11
ENSRNOG00000047368	0
ENSRNOG00000047369	0
ENSRNOG00000047370	0
ENSRNOG00000047373	0
ENSRNOG00000047374	157.53
ENSRNOG00000047376	0.11
ENSRNOG00000047377	0
ENSRNOG00000047379	0
ENSRNOG00000047380	0
ENSRNOG00000047381	0
ENSRNOG00000047382	0
ENSRNOG00000047384	0
ENSRNOG00000047385	0
ENSRNOG00000047386	13.65
ENSRNOG00000047387	0.04
ENSRNOG00000047388	0
ENSRNOG00000047389	0
ENSRNOG00000047391	0
ENSRNOG00000047392	0
ENSRNOG00000047393	1.08
ENSRNOG00000047394	27.7
ENSRNOG00000047395	1.9
ENSRNOG00000047396	0
ENSRNOG00000047398	0
ENSRNOG00000047401	0
ENSRNOG00000047402	0
ENSRNOG00000047403	0
ENSRNOG00000047406	2.64
ENSRNOG00000047407	0
ENSRNOG00000047410	0
ENSRNOG00000047413	0.12
ENSRNOG00000047414	0.09
ENSRNOG00000047415	0
ENSRNOG00000047419	0
ENSRNOG00000047422	0
ENSRNOG00000047425	0
ENSRNOG00000047426	0
ENSRNOG00000047427	6.67
ENSRNOG00000047429	0
ENSRNOG00000047430	3.63
ENSRNOG00000047431	0
ENSRNOG00000047434	2.39
ENSRNOG00000047435	3.97
ENSRNOG00000047436	1.89
ENSRNOG00000047437	0
ENSRNOG00000047439	4.09
ENSRNOG00000047443	0
ENSRNOG00000047444	0
ENSRNOG00000047445	0
ENSRNOG00000047446	0.12
ENSRNOG00000047447	20.39
ENSRNOG00000047449	0
ENSRNOG00000047450	30.25
ENSRNOG00000047452	0
ENSRNOG00000047453	16.72
ENSRNOG00000047454	0
ENSRNOG00000047455	0.36
ENSRNOG00000047456	12.53
ENSRNOG00000047457	0.7
ENSRNOG00000047458	0
ENSRNOG00000047459	0.1
ENSRNOG00000047460	0
ENSRNOG00000047461	0
ENSRNOG00000047464	0
ENSRNOG00000047466	0.4
ENSRNOG00000047468	0
ENSRNOG00000047471	0
ENSRNOG00000047473	0.55
ENSRNOG00000047474	0
ENSRNOG00000047476	54.91
ENSRNOG00000047477	0
ENSRNOG00000047478	0
ENSRNOG00000047479	0.07
ENSRNOG00000047480	0
ENSRNOG00000047481	0.07
ENSRNOG00000047483	0
ENSRNOG00000047484	0
ENSRNOG00000047487	0.19
ENSRNOG00000047489	0
ENSRNOG00000047490	0
ENSRNOG00000047491	22.54
ENSRNOG00000047492	0
ENSRNOG00000047493	23.22
ENSRNOG00000047495	2.93
ENSRNOG00000047496	0.13
ENSRNOG00000047497	0
ENSRNOG00000047498	0
ENSRNOG00000047499	3.31
ENSRNOG00000047502	0
ENSRNOG00000047503	0
ENSRNOG00000047505	1296.69
ENSRNOG00000047506	10.26
ENSRNOG00000047507	0
ENSRNOG00000047508	0
ENSRNOG00000047509	0
ENSRNOG00000047511	0
ENSRNOG00000047512	0
ENSRNOG00000047513	4.79
ENSRNOG00000047514	0
ENSRNOG00000047515	0
ENSRNOG00000047516	0
ENSRNOG00000047517	6.24
ENSRNOG00000047518	0
ENSRNOG00000047520	0
ENSRNOG00000047521	0.34
ENSRNOG00000047523	0
ENSRNOG00000047526	3.77
ENSRNOG00000047528	0
ENSRNOG00000047530	0
ENSRNOG00000047531	5.41
ENSRNOG00000047532	0.07
ENSRNOG00000047533	0
ENSRNOG00000047534	0
ENSRNOG00000047535	0
ENSRNOG00000047537	0.82
ENSRNOG00000047538	0
ENSRNOG00000047540	0
ENSRNOG00000047541	0
ENSRNOG00000047545	1.8
ENSRNOG00000047546	0.12
ENSRNOG00000047547	0
ENSRNOG00000047549	0
ENSRNOG00000047551	0
ENSRNOG00000047553	0
ENSRNOG00000047555	0
ENSRNOG00000047557	0.58
ENSRNOG00000047560	0
ENSRNOG00000047561	0
ENSRNOG00000047563	10.14
ENSRNOG00000047565	0.04
ENSRNOG00000047566	0
ENSRNOG00000047567	1.34
ENSRNOG00000047568	0
ENSRNOG00000047570	0
ENSRNOG00000047571	0
ENSRNOG00000047572	0
ENSRNOG00000047573	0.83
ENSRNOG00000047574	53.03
ENSRNOG00000047575	4.55
ENSRNOG00000047576	0
ENSRNOG00000047577	0
ENSRNOG00000047578	10.17
ENSRNOG00000047581	1.97
ENSRNOG00000047582	0
ENSRNOG00000047584	0
ENSRNOG00000047587	0
ENSRNOG00000047589	0
ENSRNOG00000047590	0.31
ENSRNOG00000047591	0
ENSRNOG00000047593	0
ENSRNOG00000047594	0.04
ENSRNOG00000047595	0
ENSRNOG00000047596	0
ENSRNOG00000047598	37.64
ENSRNOG00000047599	0
ENSRNOG00000047601	0
ENSRNOG00000047602	0
ENSRNOG00000047604	0.88
ENSRNOG00000047605	8.72
ENSRNOG00000047606	1.7
ENSRNOG00000047607	0
ENSRNOG00000047608	0
ENSRNOG00000047609	12.89
ENSRNOG00000047610	0
ENSRNOG00000047611	19.13
ENSRNOG00000047613	0
ENSRNOG00000047614	0
ENSRNOG00000047616	0
ENSRNOG00000047617	0
ENSRNOG00000047618	0.09
ENSRNOG00000047620	7.53
ENSRNOG00000047621	39.89
ENSRNOG00000047622	0
ENSRNOG00000047623	0
ENSRNOG00000047624	0
ENSRNOG00000047625	21.37
ENSRNOG00000047626	0
ENSRNOG00000047627	0
ENSRNOG00000047628	22.44
ENSRNOG00000047630	0.1
ENSRNOG00000047631	0.19
ENSRNOG00000047632	1.2
ENSRNOG00000047633	0
ENSRNOG00000047635	19.92
ENSRNOG00000047636	0
ENSRNOG00000047637	0.05
ENSRNOG00000047638	0
ENSRNOG00000047639	0
ENSRNOG00000047641	0
ENSRNOG00000047642	0
ENSRNOG00000047643	0
ENSRNOG00000047644	0.64
ENSRNOG00000047645	0
ENSRNOG00000047646	0.28
ENSRNOG00000047647	0.18
ENSRNOG00000047649	0
ENSRNOG00000047650	0
ENSRNOG00000047651	0
ENSRNOG00000047653	2.62
ENSRNOG00000047654	0
ENSRNOG00000047655	0
ENSRNOG00000047656	63.59
ENSRNOG00000047657	0.01
ENSRNOG00000047658	0
ENSRNOG00000047659	0
ENSRNOG00000047662	0
ENSRNOG00000047663	0
ENSRNOG00000047664	0
ENSRNOG00000047666	0
ENSRNOG00000047669	0
ENSRNOG00000047671	3.82
ENSRNOG00000047673	0.09
ENSRNOG00000047675	0
ENSRNOG00000047676	0
ENSRNOG00000047678	0
ENSRNOG00000047682	0.48
ENSRNOG00000047683	0
ENSRNOG00000047684	0
ENSRNOG00000047686	6.57
ENSRNOG00000047687	0
ENSRNOG00000047689	1.26
ENSRNOG00000047692	0.18
ENSRNOG00000047694	0
ENSRNOG00000047696	0
ENSRNOG00000047697	1.1
ENSRNOG00000047699	0.23
ENSRNOG00000047700	0
ENSRNOG00000047701	0
ENSRNOG00000047702	0
ENSRNOG00000047703	0
ENSRNOG00000047706	14.79
ENSRNOG00000047708	16.78
ENSRNOG00000047709	0.91
ENSRNOG00000047710	0
ENSRNOG00000047712	2.34
ENSRNOG00000047713	0
ENSRNOG00000047714	0.5
ENSRNOG00000047717	0
ENSRNOG00000047718	0
ENSRNOG00000047719	0.21
ENSRNOG00000047720	0
ENSRNOG00000047721	0
ENSRNOG00000047722	18.27
ENSRNOG00000047723	0
ENSRNOG00000047724	0
ENSRNOG00000047727	0
ENSRNOG00000047728	0
ENSRNOG00000047730	0
ENSRNOG00000047732	0
ENSRNOG00000047733	0
ENSRNOG00000047734	69.87
ENSRNOG00000047737	0
ENSRNOG00000047738	0
ENSRNOG00000047739	4.67
ENSRNOG00000047740	0.72
ENSRNOG00000047741	0.52
ENSRNOG00000047742	0
ENSRNOG00000047743	0.85
ENSRNOG00000047745	0
ENSRNOG00000047746	123.29
ENSRNOG00000047747	0.66
ENSRNOG00000047748	3.49
ENSRNOG00000047749	0
ENSRNOG00000047752	0.73
ENSRNOG00000047754	1.88
ENSRNOG00000047756	25.43
ENSRNOG00000047758	0
ENSRNOG00000047759	0
ENSRNOG00000047760	1.22
ENSRNOG00000047761	16.67
ENSRNOG00000047763	0
ENSRNOG00000047765	0.03
ENSRNOG00000047767	0
ENSRNOG00000047768	11.28
ENSRNOG00000047769	0.34
ENSRNOG00000047770	0
ENSRNOG00000047771	0
ENSRNOG00000047774	0
ENSRNOG00000047776	0.17
ENSRNOG00000047779	0
ENSRNOG00000047780	1.92
ENSRNOG00000047781	98.74
ENSRNOG00000047782	0.03
ENSRNOG00000047783	0.28
ENSRNOG00000047784	0
ENSRNOG00000047785	0
ENSRNOG00000047786	0
ENSRNOG00000047787	0
ENSRNOG00000047788	0
ENSRNOG00000047789	0
ENSRNOG00000047790	0.17
ENSRNOG00000047791	0
ENSRNOG00000047792	0
ENSRNOG00000047794	0
ENSRNOG00000047795	4.64
ENSRNOG00000047796	16.45
ENSRNOG00000047797	0
ENSRNOG00000047798	0
ENSRNOG00000047799	76.83
ENSRNOG00000047800	0.73
ENSRNOG00000047801	0
ENSRNOG00000047802	0
ENSRNOG00000047803	0
ENSRNOG00000047808	0
ENSRNOG00000047809	9.97
ENSRNOG00000047810	1.82
ENSRNOG00000047812	0
ENSRNOG00000047813	0
ENSRNOG00000047814	0
ENSRNOG00000047815	0
ENSRNOG00000047816	17.39
ENSRNOG00000047817	5.17
ENSRNOG00000047818	0
ENSRNOG00000047819	0
ENSRNOG00000047820	0
ENSRNOG00000047821	0
ENSRNOG00000047822	0
ENSRNOG00000047823	0
ENSRNOG00000047824	0
ENSRNOG00000047825	0
ENSRNOG00000047829	0
ENSRNOG00000047830	0
ENSRNOG00000047835	0.07
ENSRNOG00000047836	0
ENSRNOG00000047837	0
ENSRNOG00000047839	0
ENSRNOG00000047841	0
ENSRNOG00000047842	0
ENSRNOG00000047843	0
ENSRNOG00000047845	0.97
ENSRNOG00000047847	0
ENSRNOG00000047848	10.56
ENSRNOG00000047849	0
ENSRNOG00000047851	0
ENSRNOG00000047853	45.89
ENSRNOG00000047854	0.04
ENSRNOG00000047856	0
ENSRNOG00000047859	0
ENSRNOG00000047860	0.33
ENSRNOG00000047861	0
ENSRNOG00000047862	0
ENSRNOG00000047863	0
ENSRNOG00000047864	0
ENSRNOG00000047865	0
ENSRNOG00000047866	0.38
ENSRNOG00000047867	6.85
ENSRNOG00000047869	0
ENSRNOG00000047870	0
ENSRNOG00000047871	0
ENSRNOG00000047872	0
ENSRNOG00000047873	14.32
ENSRNOG00000047874	24.02
ENSRNOG00000047876	1.33
ENSRNOG00000047877	0
ENSRNOG00000047879	0
ENSRNOG00000047880	1.57
ENSRNOG00000047884	2.78
ENSRNOG00000047886	0
ENSRNOG00000047890	0
ENSRNOG00000047891	22.4
ENSRNOG00000047893	0.88
ENSRNOG00000047894	0.09
ENSRNOG00000047895	3.9
ENSRNOG00000047896	14.82
ENSRNOG00000047897	0
ENSRNOG00000047898	0.16
ENSRNOG00000047901	0.05
ENSRNOG00000047903	0
ENSRNOG00000047905	8.93
ENSRNOG00000047906	0
ENSRNOG00000047907	0.01
ENSRNOG00000047909	0
ENSRNOG00000047910	0
ENSRNOG00000047911	0
ENSRNOG00000047912	0
ENSRNOG00000047914	0
ENSRNOG00000047915	0
ENSRNOG00000047916	0
ENSRNOG00000047917	0.23
ENSRNOG00000047920	0
ENSRNOG00000047921	0
ENSRNOG00000047922	18.71
ENSRNOG00000047923	0
ENSRNOG00000047924	1.44
ENSRNOG00000047925	0
ENSRNOG00000047926	0
ENSRNOG00000047928	0.78
ENSRNOG00000047931	934.46
ENSRNOG00000047933	0
ENSRNOG00000047934	46.58
ENSRNOG00000047935	0
ENSRNOG00000047937	0
ENSRNOG00000047938	0
ENSRNOG00000047939	3.54
ENSRNOG00000047940	0
ENSRNOG00000047941	0.4
ENSRNOG00000047943	0.76
ENSRNOG00000047945	0
ENSRNOG00000047946	0.87
ENSRNOG00000047948	0.65
ENSRNOG00000047951	0
ENSRNOG00000047953	0
ENSRNOG00000047955	0
ENSRNOG00000047956	0
ENSRNOG00000047957	0.54
ENSRNOG00000047958	0
ENSRNOG00000047959	0
ENSRNOG00000047960	11.56
ENSRNOG00000047964	0
ENSRNOG00000047966	0.51
ENSRNOG00000047967	4.65
ENSRNOG00000047968	0
ENSRNOG00000047969	0.04
ENSRNOG00000047970	11.54
ENSRNOG00000047971	0
ENSRNOG00000047973	0
ENSRNOG00000047976	0
ENSRNOG00000047977	0.75
ENSRNOG00000047978	0
ENSRNOG00000047981	0
ENSRNOG00000047982	1.35
ENSRNOG00000047983	0
ENSRNOG00000047984	15.76
ENSRNOG00000047986	0
ENSRNOG00000047988	36.06
ENSRNOG00000047990	0
ENSRNOG00000047991	0
ENSRNOG00000047992	0
ENSRNOG00000047993	0
ENSRNOG00000047994	0
ENSRNOG00000047995	0
ENSRNOG00000047996	0
ENSRNOG00000047997	0
ENSRNOG00000047998	0.85
ENSRNOG00000048000	4.13
ENSRNOG00000048003	0
ENSRNOG00000048004	7
ENSRNOG00000048005	0
ENSRNOG00000048008	0
ENSRNOG00000048011	0
ENSRNOG00000048014	0
ENSRNOG00000048016	0
ENSRNOG00000048017	0
ENSRNOG00000048018	0
ENSRNOG00000048020	0
ENSRNOG00000048021	0
ENSRNOG00000048022	0
ENSRNOG00000048023	0
ENSRNOG00000048025	17.58
ENSRNOG00000048028	0.67
ENSRNOG00000048030	0
ENSRNOG00000048033	0
ENSRNOG00000048035	0.06
ENSRNOG00000048036	24.08
ENSRNOG00000048037	0
ENSRNOG00000048039	0.5
ENSRNOG00000048041	0
ENSRNOG00000048042	0.21
ENSRNOG00000048043	5.46
ENSRNOG00000048048	0
ENSRNOG00000048049	0
ENSRNOG00000048050	5.11
ENSRNOG00000048051	0
ENSRNOG00000048053	0.34
ENSRNOG00000048054	0
ENSRNOG00000048056	0.04
ENSRNOG00000048059	0
ENSRNOG00000048060	0
ENSRNOG00000048061	15.26
ENSRNOG00000048062	0
ENSRNOG00000048063	0
ENSRNOG00000048064	0
ENSRNOG00000048066	0
ENSRNOG00000048067	0
ENSRNOG00000048068	0
ENSRNOG00000048070	0
ENSRNOG00000048071	0.1
ENSRNOG00000048072	0
ENSRNOG00000048073	0
ENSRNOG00000048077	0
ENSRNOG00000048079	0
ENSRNOG00000048080	0.23
ENSRNOG00000048081	0
ENSRNOG00000048082	3.92
ENSRNOG00000048085	0
ENSRNOG00000048087	0
ENSRNOG00000048088	14.77
ENSRNOG00000048090	0
ENSRNOG00000048091	0
ENSRNOG00000048092	0
ENSRNOG00000048094	0
ENSRNOG00000048095	0.31
ENSRNOG00000048099	0
ENSRNOG00000048100	0
ENSRNOG00000048101	4.72
ENSRNOG00000048102	0
ENSRNOG00000048104	0
ENSRNOG00000048107	0
ENSRNOG00000048108	0
ENSRNOG00000048109	2.02
ENSRNOG00000048113	4.37
ENSRNOG00000048114	1.17
ENSRNOG00000048115	0
ENSRNOG00000048116	0
ENSRNOG00000048117	0
ENSRNOG00000048118	0.13
ENSRNOG00000048121	2.97
ENSRNOG00000048122	0.66
ENSRNOG00000048123	0
ENSRNOG00000048125	0
ENSRNOG00000048126	0
ENSRNOG00000048128	0
ENSRNOG00000048129	0.14
ENSRNOG00000048130	0
ENSRNOG00000048132	0
ENSRNOG00000048133	0
ENSRNOG00000048134	0
ENSRNOG00000048135	0
ENSRNOG00000048136	0
ENSRNOG00000048138	9
ENSRNOG00000048139	0
ENSRNOG00000048140	0.46
ENSRNOG00000048143	0
ENSRNOG00000048145	1.73
ENSRNOG00000048146	0
ENSRNOG00000048147	0
ENSRNOG00000048148	0
ENSRNOG00000048149	0
ENSRNOG00000048152	14.41
ENSRNOG00000048155	0
ENSRNOG00000048159	0
ENSRNOG00000048161	0.36
ENSRNOG00000048164	21.22
ENSRNOG00000048166	0.69
ENSRNOG00000048167	0
ENSRNOG00000048168	0
ENSRNOG00000048169	4.93
ENSRNOG00000048170	0.25
ENSRNOG00000048172	17.01
ENSRNOG00000048174	32.4
ENSRNOG00000048176	78.65
ENSRNOG00000048177	0
ENSRNOG00000048178	0
ENSRNOG00000048180	0.12
ENSRNOG00000048181	0
ENSRNOG00000048182	0
ENSRNOG00000048183	0
ENSRNOG00000048185	14.44
ENSRNOG00000048186	1.72
ENSRNOG00000048187	2.25
ENSRNOG00000048188	0
ENSRNOG00000048189	0
ENSRNOG00000048190	16.66
ENSRNOG00000048191	0
ENSRNOG00000048192	0
ENSRNOG00000048193	5.85
ENSRNOG00000048194	0
ENSRNOG00000048195	2.91
ENSRNOG00000048197	0
ENSRNOG00000048199	0
ENSRNOG00000048201	0
ENSRNOG00000048202	0
ENSRNOG00000048203	0
ENSRNOG00000048204	0.5
ENSRNOG00000048205	39.88
ENSRNOG00000048206	0
ENSRNOG00000048207	0
ENSRNOG00000048209	0
ENSRNOG00000048210	0
ENSRNOG00000048212	0
ENSRNOG00000048213	26.45
ENSRNOG00000048215	0
ENSRNOG00000048218	0
ENSRNOG00000048219	0
ENSRNOG00000048222	0.42
ENSRNOG00000048223	0
ENSRNOG00000048224	0
ENSRNOG00000048226	36.12
ENSRNOG00000048227	0
ENSRNOG00000048229	0
ENSRNOG00000048230	6.32
ENSRNOG00000048231	2.43
ENSRNOG00000048232	0
ENSRNOG00000048233	0
ENSRNOG00000048235	0
ENSRNOG00000048237	23.22
ENSRNOG00000048238	0
ENSRNOG00000048239	0.04
ENSRNOG00000048240	0
ENSRNOG00000048241	0
ENSRNOG00000048242	13.67
ENSRNOG00000048243	14.89
ENSRNOG00000048244	0
ENSRNOG00000048245	0
ENSRNOG00000048247	0
ENSRNOG00000048248	0.12
ENSRNOG00000048250	7.53
ENSRNOG00000048251	0
ENSRNOG00000048253	0
ENSRNOG00000048256	0.71
ENSRNOG00000048257	0
ENSRNOG00000048258	29.01
ENSRNOG00000048259	0
ENSRNOG00000048262	0
ENSRNOG00000048263	0
ENSRNOG00000048264	0.58
ENSRNOG00000048265	0
ENSRNOG00000048267	13.8
ENSRNOG00000048268	0
ENSRNOG00000048270	0
ENSRNOG00000048272	0
ENSRNOG00000048273	453.4
ENSRNOG00000048275	0.07
ENSRNOG00000048277	45.68
ENSRNOG00000048281	0
ENSRNOG00000048282	34.87
ENSRNOG00000048284	0
ENSRNOG00000048285	0
ENSRNOG00000048288	6.3
ENSRNOG00000048289	3.3
ENSRNOG00000048291	10.22
ENSRNOG00000048292	2.12
ENSRNOG00000048293	0
ENSRNOG00000048294	0.55
ENSRNOG00000048295	0.06
ENSRNOG00000048297	27.19
ENSRNOG00000048299	0
ENSRNOG00000048300	0
ENSRNOG00000048301	0
ENSRNOG00000048302	0
ENSRNOG00000048303	0.62
ENSRNOG00000048304	0
ENSRNOG00000048305	0
ENSRNOG00000048306	0
ENSRNOG00000048308	0
ENSRNOG00000048309	23.18
ENSRNOG00000048310	0.1
ENSRNOG00000048315	8.03
ENSRNOG00000048316	0.14
ENSRNOG00000048317	0.16
ENSRNOG00000048318	0
ENSRNOG00000048319	0.08
ENSRNOG00000048320	76.95
ENSRNOG00000048321	0.02
ENSRNOG00000048322	0
ENSRNOG00000048325	0
ENSRNOG00000048326	0
ENSRNOG00000048328	0
ENSRNOG00000048329	0
ENSRNOG00000048330	0.64
ENSRNOG00000048331	0
ENSRNOG00000048332	0.59
ENSRNOG00000048334	0.26
ENSRNOG00000048336	0.9
ENSRNOG00000048337	1.46
ENSRNOG00000048338	0.65
ENSRNOG00000048341	0
ENSRNOG00000048342	44.55
ENSRNOG00000048343	0
ENSRNOG00000048344	0
ENSRNOG00000048350	0.03
ENSRNOG00000048353	0
ENSRNOG00000048354	0
ENSRNOG00000048355	0
ENSRNOG00000048356	2.89
ENSRNOG00000048357	0.71
ENSRNOG00000048358	0
ENSRNOG00000048359	0
ENSRNOG00000048360	0
ENSRNOG00000048361	0
ENSRNOG00000048363	0.64
ENSRNOG00000048365	2.13
ENSRNOG00000048369	0
ENSRNOG00000048370	0
ENSRNOG00000048371	8.84
ENSRNOG00000048372	0
ENSRNOG00000048374	0
ENSRNOG00000048378	0.43
ENSRNOG00000048379	0
ENSRNOG00000048381	0
ENSRNOG00000048383	0
ENSRNOG00000048384	0
ENSRNOG00000048387	0
ENSRNOG00000048388	0
ENSRNOG00000048389	1.74
ENSRNOG00000048390	0.44
ENSRNOG00000048394	3.82
ENSRNOG00000048395	0
ENSRNOG00000048396	0
ENSRNOG00000048397	26.06
ENSRNOG00000048399	0
ENSRNOG00000048400	0
ENSRNOG00000048402	0.06
ENSRNOG00000048403	0
ENSRNOG00000048404	0
ENSRNOG00000048407	0
ENSRNOG00000048408	0
ENSRNOG00000048409	0
ENSRNOG00000048410	1.19
ENSRNOG00000048411	1.14
ENSRNOG00000048412	0.14
ENSRNOG00000048413	0
ENSRNOG00000048415	0
ENSRNOG00000048417	0
ENSRNOG00000048418	0
ENSRNOG00000048419	0
ENSRNOG00000048421	0
ENSRNOG00000048422	35.8
ENSRNOG00000048424	2.95
ENSRNOG00000048425	0
ENSRNOG00000048426	0
ENSRNOG00000048427	0
ENSRNOG00000048428	0
ENSRNOG00000048430	0.15
ENSRNOG00000048431	2.81
ENSRNOG00000048432	0
ENSRNOG00000048433	6.54
ENSRNOG00000048434	0
ENSRNOG00000048436	0
ENSRNOG00000048437	0
ENSRNOG00000048439	0
ENSRNOG00000048440	0
ENSRNOG00000048441	30.91
ENSRNOG00000048445	0
ENSRNOG00000048446	0
ENSRNOG00000048447	0
ENSRNOG00000048448	0
ENSRNOG00000048449	0.43
ENSRNOG00000048450	0.2
ENSRNOG00000048451	0
ENSRNOG00000048452	0
ENSRNOG00000048453	1.19
ENSRNOG00000048456	0
ENSRNOG00000048458	0
ENSRNOG00000048459	0
ENSRNOG00000048460	4.09
ENSRNOG00000048462	0.66
ENSRNOG00000048465	0
ENSRNOG00000048467	3.61
ENSRNOG00000048468	0
ENSRNOG00000048469	4.11
ENSRNOG00000048470	0.27
ENSRNOG00000048471	0
ENSRNOG00000048472	0.39
ENSRNOG00000048474	0
ENSRNOG00000048477	0
ENSRNOG00000048478	1.84
ENSRNOG00000048479	0.81
ENSRNOG00000048481	0
ENSRNOG00000048482	0
ENSRNOG00000048483	0
ENSRNOG00000048484	0
ENSRNOG00000048485	0
ENSRNOG00000048486	0.5
ENSRNOG00000048487	7.51
ENSRNOG00000048488	0
ENSRNOG00000048489	0
ENSRNOG00000048490	0
ENSRNOG00000048492	1.5
ENSRNOG00000048493	0.44
ENSRNOG00000048494	0
ENSRNOG00000048495	7.24
ENSRNOG00000048499	0
ENSRNOG00000048500	0
ENSRNOG00000048501	0
ENSRNOG00000048505	0
ENSRNOG00000048506	9.29
ENSRNOG00000048508	0
ENSRNOG00000048509	23.47
ENSRNOG00000048510	0
ENSRNOG00000048514	0
ENSRNOG00000048515	0
ENSRNOG00000048516	1.89
ENSRNOG00000048517	0.82
ENSRNOG00000048518	0.13
ENSRNOG00000048519	0
ENSRNOG00000048520	0
ENSRNOG00000048522	0
ENSRNOG00000048523	0
ENSRNOG00000048524	0
ENSRNOG00000048525	0
ENSRNOG00000048533	0
ENSRNOG00000048535	0
ENSRNOG00000048536	0
ENSRNOG00000048539	0
ENSRNOG00000048540	0
ENSRNOG00000048541	0
ENSRNOG00000048542	0
ENSRNOG00000048543	0
ENSRNOG00000048544	0
ENSRNOG00000048545	0
ENSRNOG00000048548	0
ENSRNOG00000048549	0
ENSRNOG00000048551	0.66
ENSRNOG00000048553	2.4
ENSRNOG00000048555	0
ENSRNOG00000048556	0
ENSRNOG00000048557	0.64
ENSRNOG00000048558	0
ENSRNOG00000048560	0
ENSRNOG00000048561	0
ENSRNOG00000048562	0
ENSRNOG00000048563	1.42
ENSRNOG00000048565	0.2
ENSRNOG00000048566	0
ENSRNOG00000048567	2.11
ENSRNOG00000048568	0
ENSRNOG00000048569	0
ENSRNOG00000048570	0
ENSRNOG00000048571	0
ENSRNOG00000048572	0
ENSRNOG00000048573	0.39
ENSRNOG00000048574	0.85
ENSRNOG00000048575	0
ENSRNOG00000048576	0
ENSRNOG00000048577	9.94
ENSRNOG00000048578	0.35
ENSRNOG00000048579	0.08
ENSRNOG00000048580	3.72
ENSRNOG00000048582	0
ENSRNOG00000048585	0.32
ENSRNOG00000048586	39.85
ENSRNOG00000048587	0
ENSRNOG00000048588	0
ENSRNOG00000048589	0
ENSRNOG00000048590	0
ENSRNOG00000048597	0.03
ENSRNOG00000048598	0
ENSRNOG00000048599	0
ENSRNOG00000048600	0
ENSRNOG00000048601	0
ENSRNOG00000048603	0
ENSRNOG00000048605	0
ENSRNOG00000048606	10.44
ENSRNOG00000048607	0.07
ENSRNOG00000048608	0
ENSRNOG00000048609	0
ENSRNOG00000048611	0
ENSRNOG00000048613	0
ENSRNOG00000048614	0
ENSRNOG00000048615	0
ENSRNOG00000048616	0
ENSRNOG00000048617	50.77
ENSRNOG00000048618	0.61
ENSRNOG00000048622	38.15
ENSRNOG00000048623	0
ENSRNOG00000048626	0
ENSRNOG00000048628	0
ENSRNOG00000048629	0
ENSRNOG00000048630	0
ENSRNOG00000048632	0
ENSRNOG00000048635	0
ENSRNOG00000048636	0.26
ENSRNOG00000048637	0
ENSRNOG00000048641	1.06
ENSRNOG00000048642	0
ENSRNOG00000048643	0
ENSRNOG00000048644	1.61
ENSRNOG00000048646	0
ENSRNOG00000048648	0
ENSRNOG00000048649	0
ENSRNOG00000048650	0
ENSRNOG00000048651	2.79
ENSRNOG00000048653	0
ENSRNOG00000048656	0.13
ENSRNOG00000048659	0.59
ENSRNOG00000048660	0.89
ENSRNOG00000048661	0
ENSRNOG00000048663	0
ENSRNOG00000048664	0
ENSRNOG00000048666	5.67
ENSRNOG00000048668	0
ENSRNOG00000048669	0
ENSRNOG00000048670	0
ENSRNOG00000048672	0.46
ENSRNOG00000048674	0.38
ENSRNOG00000048675	0
ENSRNOG00000048676	33.79
ENSRNOG00000048677	0
ENSRNOG00000048679	0
ENSRNOG00000048680	0
ENSRNOG00000048681	0
ENSRNOG00000048682	1053.97
ENSRNOG00000048684	0
ENSRNOG00000048685	0
ENSRNOG00000048686	30.08
ENSRNOG00000048688	0
ENSRNOG00000048689	0
ENSRNOG00000048690	0
ENSRNOG00000048692	19.44
ENSRNOG00000048693	0
ENSRNOG00000048696	0
ENSRNOG00000048697	0
ENSRNOG00000048698	2.62
ENSRNOG00000048699	5.36
ENSRNOG00000048701	0
ENSRNOG00000048702	0
ENSRNOG00000048703	0
ENSRNOG00000048704	0.39
ENSRNOG00000048706	0.18
ENSRNOG00000048707	0
ENSRNOG00000048708	16.55
ENSRNOG00000048710	0.34
ENSRNOG00000048711	0
ENSRNOG00000048712	5.08
ENSRNOG00000048713	0
ENSRNOG00000048714	0
ENSRNOG00000048715	0
ENSRNOG00000048716	0
ENSRNOG00000048718	13.05
ENSRNOG00000048719	21.42
ENSRNOG00000048722	0
ENSRNOG00000048723	3.66
ENSRNOG00000048725	8.38
ENSRNOG00000048726	0.18
ENSRNOG00000048733	17.83
ENSRNOG00000048734	0
ENSRNOG00000048735	0
ENSRNOG00000048736	17.02
ENSRNOG00000048738	3.22
ENSRNOG00000048739	0
ENSRNOG00000048741	0
ENSRNOG00000048743	0.15
ENSRNOG00000048744	0
ENSRNOG00000048747	25.72
ENSRNOG00000048748	0
ENSRNOG00000048750	0
ENSRNOG00000048751	0.51
ENSRNOG00000048753	0.13
ENSRNOG00000048754	0
ENSRNOG00000048755	0.3
ENSRNOG00000048758	0
ENSRNOG00000048760	0
ENSRNOG00000048761	0
ENSRNOG00000048762	4.04
ENSRNOG00000048764	0
ENSRNOG00000048765	1.83
ENSRNOG00000048769	1.43
ENSRNOG00000048770	0
ENSRNOG00000048771	0.18
ENSRNOG00000048775	0
ENSRNOG00000048776	1.07
ENSRNOG00000048778	0
ENSRNOG00000048779	5.37
ENSRNOG00000048782	6.14
ENSRNOG00000048783	0.03
ENSRNOG00000048787	0
ENSRNOG00000048790	0
ENSRNOG00000048793	0
ENSRNOG00000048794	0
ENSRNOG00000048795	21.14
ENSRNOG00000048796	0.97
ENSRNOG00000048799	26.72
ENSRNOG00000048800	18.26
ENSRNOG00000048801	0
ENSRNOG00000048802	0
ENSRNOG00000048805	0
ENSRNOG00000048807	0
ENSRNOG00000048808	0.83
ENSRNOG00000048809	0.79
ENSRNOG00000048810	0
ENSRNOG00000048812	54.7
ENSRNOG00000048817	4.48
ENSRNOG00000048818	1.6
ENSRNOG00000048819	0
ENSRNOG00000048820	0
ENSRNOG00000048822	0
ENSRNOG00000048823	0
ENSRNOG00000048824	7.29
ENSRNOG00000048828	0
ENSRNOG00000048831	2.02
ENSRNOG00000048832	0.07
ENSRNOG00000048834	1.61
ENSRNOG00000048835	0
ENSRNOG00000048836	0
ENSRNOG00000048837	0
ENSRNOG00000048838	3.15
ENSRNOG00000048839	0
ENSRNOG00000048840	0.14
ENSRNOG00000048841	0
ENSRNOG00000048843	12.16
ENSRNOG00000048847	4
ENSRNOG00000048848	38.79
ENSRNOG00000048849	6.2
ENSRNOG00000048850	0
ENSRNOG00000048851	0.84
ENSRNOG00000048852	0.07
ENSRNOG00000048853	0.14
ENSRNOG00000048854	0
ENSRNOG00000048856	0
ENSRNOG00000048857	0
ENSRNOG00000048858	0
ENSRNOG00000048860	0
ENSRNOG00000048861	8.32
ENSRNOG00000048864	0
ENSRNOG00000048866	0
ENSRNOG00000048867	0
ENSRNOG00000048870	9.93
ENSRNOG00000048871	0
ENSRNOG00000048874	0.36
ENSRNOG00000048875	0.33
ENSRNOG00000048876	2.67
ENSRNOG00000048878	0
ENSRNOG00000048880	0.51
ENSRNOG00000048881	1.95
ENSRNOG00000048882	0
ENSRNOG00000048885	0
ENSRNOG00000048886	0
ENSRNOG00000048888	0
ENSRNOG00000048889	0
ENSRNOG00000048891	11.18
ENSRNOG00000048892	0
ENSRNOG00000048893	0
ENSRNOG00000048894	0
ENSRNOG00000048896	1.34
ENSRNOG00000048897	6.99
ENSRNOG00000048898	59.7
ENSRNOG00000048901	0
ENSRNOG00000048904	5.78
ENSRNOG00000048907	3.19
ENSRNOG00000048909	0
ENSRNOG00000048910	0.78
ENSRNOG00000048912	0
ENSRNOG00000048913	0
ENSRNOG00000048914	0.71
ENSRNOG00000048915	13.16
ENSRNOG00000048916	0
ENSRNOG00000048917	0.02
ENSRNOG00000048918	0
ENSRNOG00000048919	0
ENSRNOG00000048921	0
ENSRNOG00000048922	0.36
ENSRNOG00000048924	0.71
ENSRNOG00000048925	0
ENSRNOG00000048926	0
ENSRNOG00000048927	0
ENSRNOG00000048929	5.18
ENSRNOG00000048930	0
ENSRNOG00000048931	0
ENSRNOG00000048932	0.47
ENSRNOG00000048933	0
ENSRNOG00000048934	0
ENSRNOG00000048935	0
ENSRNOG00000048938	0
ENSRNOG00000048940	0
ENSRNOG00000048941	0
ENSRNOG00000048942	0
ENSRNOG00000048944	0
ENSRNOG00000048946	0
ENSRNOG00000048948	0.12
ENSRNOG00000048949	12.94
ENSRNOG00000048951	0.39
ENSRNOG00000048952	0
ENSRNOG00000048953	0
ENSRNOG00000048956	0
ENSRNOG00000048958	0.44
ENSRNOG00000048961	36.7
ENSRNOG00000048963	0
ENSRNOG00000048966	1.26
ENSRNOG00000048967	0
ENSRNOG00000048969	10.4
ENSRNOG00000048970	0
ENSRNOG00000048971	0
ENSRNOG00000048973	0.03
ENSRNOG00000048974	0
ENSRNOG00000048975	0
ENSRNOG00000048976	4.92
ENSRNOG00000048978	1.45
ENSRNOG00000048979	0
ENSRNOG00000048980	33.39
ENSRNOG00000048981	68.2
ENSRNOG00000048982	0.23
ENSRNOG00000048984	0
ENSRNOG00000048985	0
ENSRNOG00000048986	7.93
ENSRNOG00000048987	0
ENSRNOG00000048988	0
ENSRNOG00000048989	13.31
ENSRNOG00000048990	0.96
ENSRNOG00000048993	0
ENSRNOG00000048996	0.22
ENSRNOG00000048997	0
ENSRNOG00000048998	0
ENSRNOG00000048999	0
ENSRNOG00000049000	0
ENSRNOG00000049002	0
ENSRNOG00000049004	0
ENSRNOG00000049006	0
ENSRNOG00000049007	0
ENSRNOG00000049009	0
ENSRNOG00000049010	0.15
ENSRNOG00000049011	0
ENSRNOG00000049012	0
ENSRNOG00000049013	0
ENSRNOG00000049014	0
ENSRNOG00000049016	0
ENSRNOG00000049017	0
ENSRNOG00000049019	2.68
ENSRNOG00000049020	22.88
ENSRNOG00000049021	0
ENSRNOG00000049022	0
ENSRNOG00000049024	0
ENSRNOG00000049025	0
ENSRNOG00000049028	0.86
ENSRNOG00000049030	0
ENSRNOG00000049032	19.98
ENSRNOG00000049033	1.62
ENSRNOG00000049034	7.1
ENSRNOG00000049035	0
ENSRNOG00000049037	0
ENSRNOG00000049038	0
ENSRNOG00000049044	0
ENSRNOG00000049045	0.19
ENSRNOG00000049047	0
ENSRNOG00000049049	0
ENSRNOG00000049050	6.7
ENSRNOG00000049051	0
ENSRNOG00000049052	21.48
ENSRNOG00000049053	0.03
ENSRNOG00000049054	77.84
ENSRNOG00000049056	40.66
ENSRNOG00000049057	5.31
ENSRNOG00000049058	0.64
ENSRNOG00000049059	0
ENSRNOG00000049062	6.22
ENSRNOG00000049063	0.94
ENSRNOG00000049064	0
ENSRNOG00000049065	0
ENSRNOG00000049067	60.47
ENSRNOG00000049068	0
ENSRNOG00000049069	0.27
ENSRNOG00000049070	0.06
ENSRNOG00000049071	1.72
ENSRNOG00000049074	0
ENSRNOG00000049075	45.46
ENSRNOG00000049076	3.54
ENSRNOG00000049077	211.28
ENSRNOG00000049078	0.59
ENSRNOG00000049083	38.63
ENSRNOG00000049084	0
ENSRNOG00000049085	0.31
ENSRNOG00000049088	3.07
ENSRNOG00000049090	0
ENSRNOG00000049092	0.08
ENSRNOG00000049093	0
ENSRNOG00000049096	0
ENSRNOG00000049097	0
ENSRNOG00000049098	0
ENSRNOG00000049099	0
ENSRNOG00000049100	0
ENSRNOG00000049101	6.98
ENSRNOG00000049102	0
ENSRNOG00000049104	0.72
ENSRNOG00000049105	0
ENSRNOG00000049107	0
ENSRNOG00000049108	0
ENSRNOG00000049110	25.1
ENSRNOG00000049112	0
ENSRNOG00000049114	0
ENSRNOG00000049115	5.42
ENSRNOG00000049116	0
ENSRNOG00000049118	0
ENSRNOG00000049119	0
ENSRNOG00000049121	10.91
ENSRNOG00000049123	0.49
ENSRNOG00000049124	0
ENSRNOG00000049125	0
ENSRNOG00000049126	0.12
ENSRNOG00000049127	28.48
ENSRNOG00000049128	28.45
ENSRNOG00000049129	0
ENSRNOG00000049130	0
ENSRNOG00000049132	0
ENSRNOG00000049135	2.27
ENSRNOG00000049136	0
ENSRNOG00000049137	6.95
ENSRNOG00000049140	0.01
ENSRNOG00000049142	31.92
ENSRNOG00000049147	1.9
ENSRNOG00000049150	4.71
ENSRNOG00000049151	0
ENSRNOG00000049154	0
ENSRNOG00000049157	0
ENSRNOG00000049158	0
ENSRNOG00000049159	0
ENSRNOG00000049160	0
ENSRNOG00000049161	0
ENSRNOG00000049162	0
ENSRNOG00000049164	0
ENSRNOG00000049167	0
ENSRNOG00000049171	4.1
ENSRNOG00000049172	0
ENSRNOG00000049173	0
ENSRNOG00000049174	0
ENSRNOG00000049175	0.54
ENSRNOG00000049176	0
ENSRNOG00000049177	1.25
ENSRNOG00000049178	0.29
ENSRNOG00000049179	0.21
ENSRNOG00000049181	24.57
ENSRNOG00000049182	0
ENSRNOG00000049183	0
ENSRNOG00000049185	0
ENSRNOG00000049187	0
ENSRNOG00000049188	0
ENSRNOG00000049190	0
ENSRNOG00000049191	0
ENSRNOG00000049192	0.03
ENSRNOG00000049193	0
ENSRNOG00000049194	1.65
ENSRNOG00000049196	0
ENSRNOG00000049197	0
ENSRNOG00000049198	1.72
ENSRNOG00000049200	0
ENSRNOG00000049201	0
ENSRNOG00000049202	0
ENSRNOG00000049203	0.37
ENSRNOG00000049204	0
ENSRNOG00000049207	0.64
ENSRNOG00000049208	0.51
ENSRNOG00000049211	0
ENSRNOG00000049212	0
ENSRNOG00000049213	1.57
ENSRNOG00000049215	0.88
ENSRNOG00000049216	0
ENSRNOG00000049217	0
ENSRNOG00000049218	0.18
ENSRNOG00000049219	195.42
ENSRNOG00000049220	0
ENSRNOG00000049221	15.91
ENSRNOG00000049222	1.9
ENSRNOG00000049223	23.7
ENSRNOG00000049225	0
ENSRNOG00000049227	0
ENSRNOG00000049229	0.44
ENSRNOG00000049232	31.63
ENSRNOG00000049234	0
ENSRNOG00000049235	24.99
ENSRNOG00000049236	0.52
ENSRNOG00000049237	0
ENSRNOG00000049238	0
ENSRNOG00000049239	0
ENSRNOG00000049240	7.44
ENSRNOG00000049242	0
ENSRNOG00000049243	0
ENSRNOG00000049244	6.27
ENSRNOG00000049248	0.13
ENSRNOG00000049252	0
ENSRNOG00000049253	0
ENSRNOG00000049255	0.04
ENSRNOG00000049256	0
ENSRNOG00000049257	0
ENSRNOG00000049258	0
ENSRNOG00000049259	3.84
ENSRNOG00000049260	0
ENSRNOG00000049261	0
ENSRNOG00000049262	0
ENSRNOG00000049264	0
ENSRNOG00000049268	0
ENSRNOG00000049269	12.45
ENSRNOG00000049270	6.39
ENSRNOG00000049271	0
ENSRNOG00000049272	0
ENSRNOG00000049274	0
ENSRNOG00000049276	0
ENSRNOG00000049277	0
ENSRNOG00000049278	0
ENSRNOG00000049279	0
ENSRNOG00000049280	0
ENSRNOG00000049281	29.07
ENSRNOG00000049282	0.35
ENSRNOG00000049283	0
ENSRNOG00000049285	0
ENSRNOG00000049287	0
ENSRNOG00000049289	0
ENSRNOG00000049292	0
ENSRNOG00000049293	0
ENSRNOG00000049295	0
ENSRNOG00000049296	1.46
ENSRNOG00000049297	0.18
ENSRNOG00000049298	0
ENSRNOG00000049299	0
ENSRNOG00000049302	9.98
ENSRNOG00000049303	0
ENSRNOG00000049308	0.22
ENSRNOG00000049309	0
ENSRNOG00000049310	0
ENSRNOG00000049311	0
ENSRNOG00000049312	0.17
ENSRNOG00000049314	0.01
ENSRNOG00000049315	0
ENSRNOG00000049317	0
ENSRNOG00000049320	0
ENSRNOG00000049321	0
ENSRNOG00000049324	2.44
ENSRNOG00000049325	0.67
ENSRNOG00000049326	10.01
ENSRNOG00000049330	0.75
ENSRNOG00000049331	0.06
ENSRNOG00000049332	0
ENSRNOG00000049333	0
ENSRNOG00000049334	0.21
ENSRNOG00000049335	0.23
ENSRNOG00000049336	18.43
ENSRNOG00000049340	2.15
ENSRNOG00000049341	1.67
ENSRNOG00000049342	0
ENSRNOG00000049345	0.03
ENSRNOG00000049347	0
ENSRNOG00000049349	39.96
ENSRNOG00000049351	106.45
ENSRNOG00000049352	0
ENSRNOG00000049355	4.04
ENSRNOG00000049356	0
ENSRNOG00000049361	39.8
ENSRNOG00000049362	0.92
ENSRNOG00000049365	0
ENSRNOG00000049369	0
ENSRNOG00000049370	2.31
ENSRNOG00000049372	0
ENSRNOG00000049373	0
ENSRNOG00000049375	0
ENSRNOG00000049377	0.36
ENSRNOG00000049378	15.64
ENSRNOG00000049379	0
ENSRNOG00000049380	2.11
ENSRNOG00000049382	0.55
ENSRNOG00000049383	0
ENSRNOG00000049385	1.48
ENSRNOG00000049387	0
ENSRNOG00000049388	0.59
ENSRNOG00000049389	0
ENSRNOG00000049392	0.04
ENSRNOG00000049394	0.1
ENSRNOG00000049396	0
ENSRNOG00000049397	0
ENSRNOG00000049398	0
ENSRNOG00000049399	0
ENSRNOG00000049400	0
ENSRNOG00000049402	32.82
ENSRNOG00000049403	0.73
ENSRNOG00000049405	0
ENSRNOG00000049407	0.82
ENSRNOG00000049410	4.46
ENSRNOG00000049412	0
ENSRNOG00000049415	3.37
ENSRNOG00000049416	0
ENSRNOG00000049420	0
ENSRNOG00000049421	0
ENSRNOG00000049422	0.03
ENSRNOG00000049423	3.07
ENSRNOG00000049425	0
ENSRNOG00000049426	4.33
ENSRNOG00000049427	0
ENSRNOG00000049429	0
ENSRNOG00000049430	25.42
ENSRNOG00000049431	0
ENSRNOG00000049433	0.6
ENSRNOG00000049434	18.79
ENSRNOG00000049435	0.87
ENSRNOG00000049437	45.63
ENSRNOG00000049438	0
ENSRNOG00000049439	0
ENSRNOG00000049442	1.23
ENSRNOG00000049443	0.03
ENSRNOG00000049445	0
ENSRNOG00000049446	0
ENSRNOG00000049448	0
ENSRNOG00000049449	0
ENSRNOG00000049451	0
ENSRNOG00000049452	9.4
ENSRNOG00000049454	0
ENSRNOG00000049455	0
ENSRNOG00000049456	14.61
ENSRNOG00000049459	0
ENSRNOG00000049460	0
ENSRNOG00000049464	0.04
ENSRNOG00000049467	0
ENSRNOG00000049468	2.88
ENSRNOG00000049469	5.6
ENSRNOG00000049470	0.17
ENSRNOG00000049471	2.08
ENSRNOG00000049472	3.67
ENSRNOG00000049473	0
ENSRNOG00000049477	0
ENSRNOG00000049480	0.74
ENSRNOG00000049481	1.83
ENSRNOG00000049482	0
ENSRNOG00000049483	0
ENSRNOG00000049484	159.94
ENSRNOG00000049485	0
ENSRNOG00000049486	0.33
ENSRNOG00000049489	0.58
ENSRNOG00000049491	0.04
ENSRNOG00000049493	0
ENSRNOG00000049494	0
ENSRNOG00000049495	3.26
ENSRNOG00000049496	7.81
ENSRNOG00000049497	34.99
ENSRNOG00000049498	0.23
ENSRNOG00000049499	0
ENSRNOG00000049501	0
ENSRNOG00000049502	0
ENSRNOG00000049503	0
ENSRNOG00000049504	0
ENSRNOG00000049505	4.75
ENSRNOG00000049507	4.3
ENSRNOG00000049508	0
ENSRNOG00000049509	0
ENSRNOG00000049511	46.06
ENSRNOG00000049512	0
ENSRNOG00000049513	0
ENSRNOG00000049515	0
ENSRNOG00000049516	0
ENSRNOG00000049517	2.45
ENSRNOG00000049518	0
ENSRNOG00000049519	0.69
ENSRNOG00000049520	0
ENSRNOG00000049523	0.12
ENSRNOG00000049525	0
ENSRNOG00000049526	0
ENSRNOG00000049527	0
ENSRNOG00000049529	0
ENSRNOG00000049530	26.3
ENSRNOG00000049531	25.84
ENSRNOG00000049532	17.29
ENSRNOG00000049535	0
ENSRNOG00000049536	0.77
ENSRNOG00000049537	1.18
ENSRNOG00000049538	0
ENSRNOG00000049542	0
ENSRNOG00000049544	0
ENSRNOG00000049545	0
ENSRNOG00000049547	0
ENSRNOG00000049551	0.49
ENSRNOG00000049552	1.82
ENSRNOG00000049553	0
ENSRNOG00000049554	0
ENSRNOG00000049555	0
ENSRNOG00000049556	9.52
ENSRNOG00000049559	0
ENSRNOG00000049560	470.67
ENSRNOG00000049569	0
ENSRNOG00000049571	0
ENSRNOG00000049572	0
ENSRNOG00000049574	0
ENSRNOG00000049575	5.48
ENSRNOG00000049577	0
ENSRNOG00000049579	0.1
ENSRNOG00000049580	13.91
ENSRNOG00000049583	0.73
ENSRNOG00000049584	1.36
ENSRNOG00000049586	0
ENSRNOG00000049588	0
ENSRNOG00000049589	0
ENSRNOG00000049590	0
ENSRNOG00000049591	0
ENSRNOG00000049592	0
ENSRNOG00000049593	0
ENSRNOG00000049595	0
ENSRNOG00000049596	0
ENSRNOG00000049598	0
ENSRNOG00000049599	5.42
ENSRNOG00000049600	0
ENSRNOG00000049602	0
ENSRNOG00000049604	20.83
ENSRNOG00000049605	0.38
ENSRNOG00000049606	2.89
ENSRNOG00000049607	0
ENSRNOG00000049608	0
ENSRNOG00000049609	0
ENSRNOG00000049610	0.84
ENSRNOG00000049611	0
ENSRNOG00000049613	0
ENSRNOG00000049614	16.26
ENSRNOG00000049615	0
ENSRNOG00000049616	0
ENSRNOG00000049619	0
ENSRNOG00000049620	7.55
ENSRNOG00000049622	7.38
ENSRNOG00000049623	0
ENSRNOG00000049624	0
ENSRNOG00000049628	0
ENSRNOG00000049629	79.78
ENSRNOG00000049632	2.2
ENSRNOG00000049633	4.26
ENSRNOG00000049635	0
ENSRNOG00000049637	0
ENSRNOG00000049638	0
ENSRNOG00000049639	0
ENSRNOG00000049640	0
ENSRNOG00000049641	7.8
ENSRNOG00000049642	5.51
ENSRNOG00000049643	6.76
ENSRNOG00000049645	0
ENSRNOG00000049646	0
ENSRNOG00000049649	0.16
ENSRNOG00000049650	5.72
ENSRNOG00000049651	1.63
ENSRNOG00000049652	0
ENSRNOG00000049657	0
ENSRNOG00000049658	0
ENSRNOG00000049661	8.95
ENSRNOG00000049662	2.37
ENSRNOG00000049663	0
ENSRNOG00000049664	0.98
ENSRNOG00000049667	0
ENSRNOG00000049668	0
ENSRNOG00000049670	0
ENSRNOG00000049673	0.55
ENSRNOG00000049674	0.54
ENSRNOG00000049676	6.28
ENSRNOG00000049681	104.84
ENSRNOG00000049682	4.55
ENSRNOG00000049683	21.87
ENSRNOG00000049686	7.7
ENSRNOG00000049688	1.3
ENSRNOG00000049689	14.77
ENSRNOG00000049693	0
ENSRNOG00000049695	0.26
ENSRNOG00000049696	0.03
ENSRNOG00000049700	0
ENSRNOG00000049703	0
ENSRNOG00000049704	0
ENSRNOG00000049706	0.68
ENSRNOG00000049708	0
ENSRNOG00000049710	0
ENSRNOG00000049711	0
ENSRNOG00000049712	0
ENSRNOG00000049714	1.4
ENSRNOG00000049716	0
ENSRNOG00000049717	0
ENSRNOG00000049720	0
ENSRNOG00000049721	0
ENSRNOG00000049723	0
ENSRNOG00000049724	2.09
ENSRNOG00000049725	0
ENSRNOG00000049726	0
ENSRNOG00000049727	0
ENSRNOG00000049728	0
ENSRNOG00000049729	0
ENSRNOG00000049731	0
ENSRNOG00000049733	0
ENSRNOG00000049734	0
ENSRNOG00000049738	0
ENSRNOG00000049739	0
ENSRNOG00000049740	0
ENSRNOG00000049743	0
ENSRNOG00000049746	0.12
ENSRNOG00000049748	0
ENSRNOG00000049749	0.09
ENSRNOG00000049751	0
ENSRNOG00000049753	0
ENSRNOG00000049754	3.29
ENSRNOG00000049755	0
ENSRNOG00000049757	0
ENSRNOG00000049758	24.05
ENSRNOG00000049759	0.02
ENSRNOG00000049761	5.2
ENSRNOG00000049762	3.3
ENSRNOG00000049764	0
ENSRNOG00000049765	0
ENSRNOG00000049766	0.15
ENSRNOG00000049767	0.24
ENSRNOG00000049768	12.94
ENSRNOG00000049770	0.56
ENSRNOG00000049771	1.97
ENSRNOG00000049772	5.38
ENSRNOG00000049773	0
ENSRNOG00000049778	0
ENSRNOG00000049780	41.39
ENSRNOG00000049781	0
ENSRNOG00000049782	4.25
ENSRNOG00000049783	5.44
ENSRNOG00000049784	110.47
ENSRNOG00000049785	26.87
ENSRNOG00000049788	0
ENSRNOG00000049789	0.82
ENSRNOG00000049790	0
ENSRNOG00000049791	1.72
ENSRNOG00000049792	0.42
ENSRNOG00000049793	0
ENSRNOG00000049794	0
ENSRNOG00000049796	0
ENSRNOG00000049797	0
ENSRNOG00000049798	11.34
ENSRNOG00000049799	0
ENSRNOG00000049801	0.42
ENSRNOG00000049802	45.07
ENSRNOG00000049804	0
ENSRNOG00000049805	0
ENSRNOG00000049807	0
ENSRNOG00000049810	0
ENSRNOG00000049811	0
ENSRNOG00000049814	0
ENSRNOG00000049815	0
ENSRNOG00000049816	0
ENSRNOG00000049817	0
ENSRNOG00000049819	7.44
ENSRNOG00000049821	0
ENSRNOG00000049822	0
ENSRNOG00000049825	0
ENSRNOG00000049826	0
ENSRNOG00000049827	0
ENSRNOG00000049828	7.02
ENSRNOG00000049829	0.23
ENSRNOG00000049830	0
ENSRNOG00000049831	0
ENSRNOG00000049832	0
ENSRNOG00000049836	0
ENSRNOG00000049837	0
ENSRNOG00000049838	0
ENSRNOG00000049843	0
ENSRNOG00000049844	0.63
ENSRNOG00000049845	0
ENSRNOG00000049846	0.82
ENSRNOG00000049847	0
ENSRNOG00000049848	0
ENSRNOG00000049849	5.5
ENSRNOG00000049850	0
ENSRNOG00000049851	0
ENSRNOG00000049853	0.3
ENSRNOG00000049855	0
ENSRNOG00000049856	3.25
ENSRNOG00000049858	0
ENSRNOG00000049859	0
ENSRNOG00000049860	0
ENSRNOG00000049862	40.7
ENSRNOG00000049864	0
ENSRNOG00000049866	0.53
ENSRNOG00000049868	0
ENSRNOG00000049869	0
ENSRNOG00000049870	0
ENSRNOG00000049873	0.94
ENSRNOG00000049874	0.71
ENSRNOG00000049875	0
ENSRNOG00000049876	225.96
ENSRNOG00000049877	0
ENSRNOG00000049878	0.17
ENSRNOG00000049880	21.16
ENSRNOG00000049881	0
ENSRNOG00000049882	0.19
ENSRNOG00000049883	0
ENSRNOG00000049888	0
ENSRNOG00000049889	0
ENSRNOG00000049890	0.22
ENSRNOG00000049891	0
ENSRNOG00000049892	0
ENSRNOG00000049893	0
ENSRNOG00000049894	0
ENSRNOG00000049895	0
ENSRNOG00000049897	0
ENSRNOG00000049900	17.58
ENSRNOG00000049901	0
ENSRNOG00000049902	0
ENSRNOG00000049906	0.6
ENSRNOG00000049908	21.29
ENSRNOG00000049910	0
ENSRNOG00000049911	2.55
ENSRNOG00000049912	169.62
ENSRNOG00000049913	0
ENSRNOG00000049917	0
ENSRNOG00000049918	0.99
ENSRNOG00000049919	0
ENSRNOG00000049920	61.05
ENSRNOG00000049921	0
ENSRNOG00000049922	0
ENSRNOG00000049925	0
ENSRNOG00000049928	0
ENSRNOG00000049929	0
ENSRNOG00000049931	39.94
ENSRNOG00000049935	0
ENSRNOG00000049936	0
ENSRNOG00000049937	25.29
ENSRNOG00000049938	0
ENSRNOG00000049939	1.15
ENSRNOG00000049942	0.8
ENSRNOG00000049943	0.9
ENSRNOG00000049944	0
ENSRNOG00000049946	0
ENSRNOG00000049947	0
ENSRNOG00000049949	43.33
ENSRNOG00000049950	0
ENSRNOG00000049951	140.98
ENSRNOG00000049952	8.56
ENSRNOG00000049953	0
ENSRNOG00000049954	0
ENSRNOG00000049955	0.1
ENSRNOG00000049958	0
ENSRNOG00000049959	20.84
ENSRNOG00000049961	0
ENSRNOG00000049962	0
ENSRNOG00000049963	0
ENSRNOG00000049964	0
ENSRNOG00000049965	0.69
ENSRNOG00000049966	0
ENSRNOG00000049967	0
ENSRNOG00000049969	0
ENSRNOG00000049970	1.95
ENSRNOG00000049975	8.29
ENSRNOG00000049976	0
ENSRNOG00000049977	0
ENSRNOG00000049978	0
ENSRNOG00000049981	0
ENSRNOG00000049982	3.41
ENSRNOG00000049983	15.1
ENSRNOG00000049984	1.28
ENSRNOG00000049985	75.37
ENSRNOG00000049988	6.67
ENSRNOG00000049989	2.38
ENSRNOG00000049990	0.14
ENSRNOG00000049991	0
ENSRNOG00000049992	0
ENSRNOG00000049994	1.55
ENSRNOG00000049995	0
ENSRNOG00000049999	9.11
ENSRNOG00000050000	0
ENSRNOG00000050002	0
ENSRNOG00000050003	0
ENSRNOG00000050004	0
ENSRNOG00000050005	0
ENSRNOG00000050006	1.16
ENSRNOG00000050007	0
ENSRNOG00000050009	0
ENSRNOG00000050010	0
ENSRNOG00000050012	0
ENSRNOG00000050013	0
ENSRNOG00000050015	0.99
ENSRNOG00000050016	11.33
ENSRNOG00000050017	0
ENSRNOG00000050018	0
ENSRNOG00000050019	1.67
ENSRNOG00000050020	1.79
ENSRNOG00000050022	0
ENSRNOG00000050023	0
ENSRNOG00000050024	0
ENSRNOG00000050026	0
ENSRNOG00000050028	0.1
ENSRNOG00000050029	0
ENSRNOG00000050031	0
ENSRNOG00000050032	0.32
ENSRNOG00000050034	5.79
ENSRNOG00000050035	0.1
ENSRNOG00000050036	3.36
ENSRNOG00000050039	0
ENSRNOG00000050040	1.22
ENSRNOG00000050041	0
ENSRNOG00000050042	0.03
ENSRNOG00000050043	0.07
ENSRNOG00000050044	76.49
ENSRNOG00000050046	106.44
ENSRNOG00000050047	0.11
ENSRNOG00000050049	0.47
ENSRNOG00000050050	0.21
ENSRNOG00000050051	29.66
ENSRNOG00000050052	12.61
ENSRNOG00000050053	0
ENSRNOG00000050054	0
ENSRNOG00000050057	20.33
ENSRNOG00000050059	1.25
ENSRNOG00000050061	0.72
ENSRNOG00000050062	0
ENSRNOG00000050064	0
ENSRNOG00000050066	0
ENSRNOG00000050067	0.9
ENSRNOG00000050071	0.56
ENSRNOG00000050072	2.85
ENSRNOG00000050073	20.9
ENSRNOG00000050075	0.3
ENSRNOG00000050077	0
ENSRNOG00000050080	0
ENSRNOG00000050081	0
ENSRNOG00000050082	0
ENSRNOG00000050083	0
ENSRNOG00000050084	0
ENSRNOG00000050085	0
ENSRNOG00000050087	21.85
ENSRNOG00000050088	0
ENSRNOG00000050089	0.41
ENSRNOG00000050090	96.58
ENSRNOG00000050091	2.47
ENSRNOG00000050094	0
ENSRNOG00000050096	0
ENSRNOG00000050099	0
ENSRNOG00000050100	0
ENSRNOG00000050101	0
ENSRNOG00000050102	0
ENSRNOG00000050104	66.13
ENSRNOG00000050105	0
ENSRNOG00000050106	5.01
ENSRNOG00000050108	1.07
ENSRNOG00000050109	0
ENSRNOG00000050110	0
ENSRNOG00000050111	1.05
ENSRNOG00000050113	22.42
ENSRNOG00000050114	0.36
ENSRNOG00000050116	3.91
ENSRNOG00000050117	0
ENSRNOG00000050118	0
ENSRNOG00000050119	0
ENSRNOG00000050121	0
ENSRNOG00000050123	0.17
ENSRNOG00000050124	0
ENSRNOG00000050125	0
ENSRNOG00000050126	0
ENSRNOG00000050128	0
ENSRNOG00000050129	0
ENSRNOG00000050132	0
ENSRNOG00000050133	0.07
ENSRNOG00000050134	2.57
ENSRNOG00000050135	0
ENSRNOG00000050136	0
ENSRNOG00000050137	14.29
ENSRNOG00000050138	0
ENSRNOG00000050139	0
ENSRNOG00000050140	0
ENSRNOG00000050142	0
ENSRNOG00000050143	0
ENSRNOG00000050146	0.53
ENSRNOG00000050148	0
ENSRNOG00000050149	2.24
ENSRNOG00000050152	2.25
ENSRNOG00000050153	0.05
ENSRNOG00000050155	0
ENSRNOG00000050156	93.84
ENSRNOG00000050157	0
ENSRNOG00000050158	0.16
ENSRNOG00000050159	0
ENSRNOG00000050162	0
ENSRNOG00000050163	0
ENSRNOG00000050164	0
ENSRNOG00000050165	0.13
ENSRNOG00000050169	21.37
ENSRNOG00000050170	0
ENSRNOG00000050171	0
ENSRNOG00000050172	0
ENSRNOG00000050173	0
ENSRNOG00000050174	0
ENSRNOG00000050177	0.05
ENSRNOG00000050178	0
ENSRNOG00000050180	9.54
ENSRNOG00000050181	0
ENSRNOG00000050182	0
ENSRNOG00000050183	0.13
ENSRNOG00000050184	0
ENSRNOG00000050186	0
ENSRNOG00000050188	53.19
ENSRNOG00000050189	0
ENSRNOG00000050190	13.04
ENSRNOG00000050191	0
ENSRNOG00000050192	0
ENSRNOG00000050193	0.58
ENSRNOG00000050197	57.96
ENSRNOG00000050198	0
ENSRNOG00000050200	16.8
ENSRNOG00000050201	1.57
ENSRNOG00000050203	0
ENSRNOG00000050204	1.51
ENSRNOG00000050205	4.83
ENSRNOG00000050206	11.27
ENSRNOG00000050207	0.25
ENSRNOG00000050209	0
ENSRNOG00000050210	1.88
ENSRNOG00000050211	2.62
ENSRNOG00000050212	0
ENSRNOG00000050214	18.45
ENSRNOG00000050215	0.34
ENSRNOG00000050216	0.11
ENSRNOG00000050217	0
ENSRNOG00000050219	0
ENSRNOG00000050220	50.35
ENSRNOG00000050221	0
ENSRNOG00000050223	3.86
ENSRNOG00000050224	9.18
ENSRNOG00000050225	0
ENSRNOG00000050226	0.36
ENSRNOG00000050229	0
ENSRNOG00000050230	0
ENSRNOG00000050231	35.73
ENSRNOG00000050232	0
ENSRNOG00000050233	3.6
ENSRNOG00000050234	0
ENSRNOG00000050235	0
ENSRNOG00000050237	0.4
ENSRNOG00000050239	0
ENSRNOG00000050240	0
ENSRNOG00000050241	0
ENSRNOG00000050242	0.66
ENSRNOG00000050243	0
ENSRNOG00000050244	0
ENSRNOG00000050245	0
ENSRNOG00000050249	0
ENSRNOG00000050251	0.11
ENSRNOG00000050252	0
ENSRNOG00000050253	0
ENSRNOG00000050255	0
ENSRNOG00000050256	0
ENSRNOG00000050257	0
ENSRNOG00000050258	13.69
ENSRNOG00000050259	0
ENSRNOG00000050260	0
ENSRNOG00000050262	0.13
ENSRNOG00000050263	0
ENSRNOG00000050264	0
ENSRNOG00000050265	1.27
ENSRNOG00000050267	0
ENSRNOG00000050269	0
ENSRNOG00000050271	0
ENSRNOG00000050274	0
ENSRNOG00000050275	0
ENSRNOG00000050277	16.04
ENSRNOG00000050278	0
ENSRNOG00000050279	0
ENSRNOG00000050282	22.09
ENSRNOG00000050283	0
ENSRNOG00000050286	0.2
ENSRNOG00000050287	0
ENSRNOG00000050289	14.78
ENSRNOG00000050291	0
ENSRNOG00000050293	0
ENSRNOG00000050294	0
ENSRNOG00000050295	0
ENSRNOG00000050297	1.71
ENSRNOG00000050298	25.18
ENSRNOG00000050304	0.79
ENSRNOG00000050305	0
ENSRNOG00000050309	0
ENSRNOG00000050312	1.49
ENSRNOG00000050313	4.6
ENSRNOG00000050314	0
ENSRNOG00000050315	5.7
ENSRNOG00000050316	0.07
ENSRNOG00000050317	18.97
ENSRNOG00000050318	9.68
ENSRNOG00000050321	8.68
ENSRNOG00000050323	38.1
ENSRNOG00000050324	0
ENSRNOG00000050325	0.16
ENSRNOG00000050326	0
ENSRNOG00000050327	8.32
ENSRNOG00000050328	0
ENSRNOG00000050329	0
ENSRNOG00000050331	0
ENSRNOG00000050332	0
ENSRNOG00000050333	0
ENSRNOG00000050335	0
ENSRNOG00000050337	3.36
ENSRNOG00000050338	32.22
ENSRNOG00000050339	0
ENSRNOG00000050340	0
ENSRNOG00000050343	6.69
ENSRNOG00000050347	1.47
ENSRNOG00000050348	11.24
ENSRNOG00000050349	0
ENSRNOG00000050352	0
ENSRNOG00000050354	0
ENSRNOG00000050355	0
ENSRNOG00000050359	0
ENSRNOG00000050360	0
ENSRNOG00000050362	0
ENSRNOG00000050363	0
ENSRNOG00000050364	0
ENSRNOG00000050365	0
ENSRNOG00000050366	0
ENSRNOG00000050367	69.97
ENSRNOG00000050369	0
ENSRNOG00000050370	0
ENSRNOG00000050371	0
ENSRNOG00000050374	0
ENSRNOG00000050375	0
ENSRNOG00000050376	0
ENSRNOG00000050377	0
ENSRNOG00000050378	1.11
ENSRNOG00000050381	11.59
ENSRNOG00000050382	1.11
ENSRNOG00000050384	0
ENSRNOG00000050386	0.07
ENSRNOG00000050388	0
ENSRNOG00000050389	0
ENSRNOG00000050390	0
ENSRNOG00000050393	0
ENSRNOG00000050394	0
ENSRNOG00000050395	0
ENSRNOG00000050396	0
ENSRNOG00000050401	44.34
ENSRNOG00000050402	0
ENSRNOG00000050403	0
ENSRNOG00000050404	27.11
ENSRNOG00000050405	0
ENSRNOG00000050406	0
ENSRNOG00000050407	8.65
ENSRNOG00000050408	0.06
ENSRNOG00000050409	0
ENSRNOG00000050410	40.99
ENSRNOG00000050411	0
ENSRNOG00000050412	0
ENSRNOG00000050413	1.04
ENSRNOG00000050414	2.98
ENSRNOG00000050415	0
ENSRNOG00000050416	0.07
ENSRNOG00000050417	0
ENSRNOG00000050419	4.51
ENSRNOG00000050420	0
ENSRNOG00000050423	0
ENSRNOG00000050424	9.65
ENSRNOG00000050425	0.12
ENSRNOG00000050426	0.4
ENSRNOG00000050427	0
ENSRNOG00000050428	0
ENSRNOG00000050429	0
ENSRNOG00000050430	1.4
ENSRNOG00000050431	0.13
ENSRNOG00000050432	0
ENSRNOG00000050433	0
ENSRNOG00000050435	0
ENSRNOG00000050437	11.65
ENSRNOG00000050438	0
ENSRNOG00000050441	0.29
ENSRNOG00000050443	0
ENSRNOG00000050445	87.99
ENSRNOG00000050447	0
ENSRNOG00000050448	0
ENSRNOG00000050450	1.42
ENSRNOG00000050453	3.38
ENSRNOG00000050455	0
ENSRNOG00000050456	0
ENSRNOG00000050457	0
ENSRNOG00000050460	0
ENSRNOG00000050463	0
ENSRNOG00000050465	0.14
ENSRNOG00000050466	0
ENSRNOG00000050467	0
ENSRNOG00000050468	1.17
ENSRNOG00000050469	0.39
ENSRNOG00000050470	0
ENSRNOG00000050471	0
ENSRNOG00000050472	0
ENSRNOG00000050473	7.41
ENSRNOG00000050474	0
ENSRNOG00000050475	0
ENSRNOG00000050476	1.44
ENSRNOG00000050478	0.16
ENSRNOG00000050479	0
ENSRNOG00000050481	0
ENSRNOG00000050482	0.13
ENSRNOG00000050483	12.46
ENSRNOG00000050484	0
ENSRNOG00000050485	7.1
ENSRNOG00000050486	0
ENSRNOG00000050488	0
ENSRNOG00000050489	0
ENSRNOG00000050490	67.33
ENSRNOG00000050492	0
ENSRNOG00000050493	0
ENSRNOG00000050494	0
ENSRNOG00000050496	0
ENSRNOG00000050497	0.29
ENSRNOG00000050499	0
ENSRNOG00000050500	9.52
ENSRNOG00000050502	18.02
ENSRNOG00000050505	0
ENSRNOG00000050506	0
ENSRNOG00000050508	0
ENSRNOG00000050509	3.16
ENSRNOG00000050510	58.23
ENSRNOG00000050511	0.06
ENSRNOG00000050512	0
ENSRNOG00000050514	1.52
ENSRNOG00000050519	162.54
ENSRNOG00000050521	0.26
ENSRNOG00000050522	0
ENSRNOG00000050523	0.42
ENSRNOG00000050528	0
ENSRNOG00000050529	0.52
ENSRNOG00000050531	0
ENSRNOG00000050532	0
ENSRNOG00000050533	20.11
ENSRNOG00000050534	0.75
ENSRNOG00000050535	0.03
ENSRNOG00000050539	1.97
ENSRNOG00000050540	0
ENSRNOG00000050541	0
ENSRNOG00000050543	33.65
ENSRNOG00000050544	2.75
ENSRNOG00000050545	0
ENSRNOG00000050546	0
ENSRNOG00000050547	22.62
ENSRNOG00000050548	0
ENSRNOG00000050550	5.62
ENSRNOG00000050551	0
ENSRNOG00000050552	12.62
ENSRNOG00000050553	1.35
ENSRNOG00000050554	0.67
ENSRNOG00000050556	0
ENSRNOG00000050557	0
ENSRNOG00000050559	0
ENSRNOG00000050560	0
ENSRNOG00000050561	0
ENSRNOG00000050562	3.07
ENSRNOG00000050563	108.6
ENSRNOG00000050564	0
ENSRNOG00000050565	0
ENSRNOG00000050566	0
ENSRNOG00000050567	0
ENSRNOG00000050569	0
ENSRNOG00000050570	32.98
ENSRNOG00000050572	0
ENSRNOG00000050573	5.33
ENSRNOG00000050574	0
ENSRNOG00000050575	0
ENSRNOG00000050576	0
ENSRNOG00000050578	73.38
ENSRNOG00000050580	0
ENSRNOG00000050582	0
ENSRNOG00000050583	0
ENSRNOG00000050584	9.06
ENSRNOG00000050585	272.21
ENSRNOG00000050586	0.56
ENSRNOG00000050589	0
ENSRNOG00000050591	0
ENSRNOG00000050592	0
ENSRNOG00000050593	0
ENSRNOG00000050594	0
ENSRNOG00000050595	0
ENSRNOG00000050599	0
ENSRNOG00000050600	3.05
ENSRNOG00000050601	0
ENSRNOG00000050602	1.06
ENSRNOG00000050603	0
ENSRNOG00000050604	0
ENSRNOG00000050605	0
ENSRNOG00000050606	3.58
ENSRNOG00000050607	0
ENSRNOG00000050608	0
ENSRNOG00000050612	0
ENSRNOG00000050613	0
ENSRNOG00000050615	5.78
ENSRNOG00000050620	0
ENSRNOG00000050621	0
ENSRNOG00000050622	0
ENSRNOG00000050623	0
ENSRNOG00000050624	14.08
ENSRNOG00000050625	0
ENSRNOG00000050629	0.07
ENSRNOG00000050630	0.71
ENSRNOG00000050632	0
ENSRNOG00000050634	0
ENSRNOG00000050635	0.91
ENSRNOG00000050636	15.57
ENSRNOG00000050637	0
ENSRNOG00000050642	0
ENSRNOG00000050643	0
ENSRNOG00000050645	5.98
ENSRNOG00000050646	16.53
ENSRNOG00000050647	0.1
ENSRNOG00000050649	15.68
ENSRNOG00000050650	1.49
ENSRNOG00000050651	0
ENSRNOG00000050652	0
ENSRNOG00000050653	3.88
ENSRNOG00000050654	0
ENSRNOG00000050655	19.99
ENSRNOG00000050657	12.16
ENSRNOG00000050658	0
ENSRNOG00000050660	0.17
ENSRNOG00000050661	0
ENSRNOG00000050663	0
ENSRNOG00000050664	4.6
ENSRNOG00000050665	0.55
ENSRNOG00000050666	1.88
ENSRNOG00000050668	0
ENSRNOG00000050669	1.42
ENSRNOG00000050670	0.03
ENSRNOG00000050672	0.1
ENSRNOG00000050675	0.32
ENSRNOG00000050676	0
ENSRNOG00000050679	0
ENSRNOG00000050680	3.75
ENSRNOG00000050681	0
ENSRNOG00000050682	0
ENSRNOG00000050687	2.89
ENSRNOG00000050688	0
ENSRNOG00000050690	0
ENSRNOG00000050691	0
ENSRNOG00000050693	0
ENSRNOG00000050694	0
ENSRNOG00000050695	1.33
ENSRNOG00000050697	9.85
ENSRNOG00000050698	0
ENSRNOG00000050699	0
ENSRNOG00000050700	0
ENSRNOG00000050701	13.65
ENSRNOG00000050703	0.15
ENSRNOG00000050705	0
ENSRNOG00000050706	10.84
ENSRNOG00000050708	0
ENSRNOG00000050713	0
ENSRNOG00000050714	5.73
ENSRNOG00000050717	0
ENSRNOG00000050719	0.15
ENSRNOG00000050721	8.76
ENSRNOG00000050724	0
ENSRNOG00000050725	0.48
ENSRNOG00000050726	0
ENSRNOG00000050728	0
ENSRNOG00000050729	8.39
ENSRNOG00000050731	0.71
ENSRNOG00000050733	0
ENSRNOG00000050734	0
ENSRNOG00000050735	43.15
ENSRNOG00000050737	0
ENSRNOG00000050738	0
ENSRNOG00000050740	0
ENSRNOG00000050741	9.78
ENSRNOG00000050742	2.41
ENSRNOG00000050743	0
ENSRNOG00000050745	0
ENSRNOG00000050746	0.06
ENSRNOG00000050747	1.77
ENSRNOG00000050748	24.19
ENSRNOG00000050749	0
ENSRNOG00000050753	0
ENSRNOG00000050756	0
ENSRNOG00000050757	0
ENSRNOG00000050758	0.64
ENSRNOG00000050760	0
ENSRNOG00000050761	0
ENSRNOG00000050763	0
ENSRNOG00000050764	0
ENSRNOG00000050766	0.4
ENSRNOG00000050767	28.52
ENSRNOG00000050769	0
ENSRNOG00000050771	9.66
ENSRNOG00000050776	0
ENSRNOG00000050780	5.6
ENSRNOG00000050781	0
ENSRNOG00000050784	8.42
ENSRNOG00000050786	0.99
ENSRNOG00000050787	0
ENSRNOG00000050789	0
ENSRNOG00000050790	19.81
ENSRNOG00000050791	0
ENSRNOG00000050792	2.79
ENSRNOG00000050794	18.74
ENSRNOG00000050795	25.06
ENSRNOG00000050796	32.39
ENSRNOG00000050797	0
ENSRNOG00000050798	0
ENSRNOG00000050799	0
ENSRNOG00000050800	0.15
ENSRNOG00000050801	1.13
ENSRNOG00000050804	0
ENSRNOG00000050805	0
ENSRNOG00000050806	3.23
ENSRNOG00000050808	0
ENSRNOG00000050809	0
ENSRNOG00000050810	0.3
ENSRNOG00000050812	0.83
ENSRNOG00000050816	4.09
ENSRNOG00000050817	0.25
ENSRNOG00000050818	0
ENSRNOG00000050819	1.55
ENSRNOG00000050820	0
ENSRNOG00000050823	0
ENSRNOG00000050824	0.52
ENSRNOG00000050825	0
ENSRNOG00000050826	0
ENSRNOG00000050827	0
ENSRNOG00000050828	7.48
ENSRNOG00000050831	0.07
ENSRNOG00000050834	23.62
ENSRNOG00000050840	0
ENSRNOG00000050841	42.78
ENSRNOG00000050842	0
ENSRNOG00000050843	16.56
ENSRNOG00000050844	0
ENSRNOG00000050845	0
ENSRNOG00000050846	5.78
ENSRNOG00000050847	2.61
ENSRNOG00000050848	15.8
ENSRNOG00000050849	23.07
ENSRNOG00000050851	0
ENSRNOG00000050854	0
ENSRNOG00000050855	0
ENSRNOG00000050857	3.77
ENSRNOG00000050858	0
ENSRNOG00000050859	0
ENSRNOG00000050860	0
ENSRNOG00000050863	0
ENSRNOG00000050864	0
ENSRNOG00000050867	0
ENSRNOG00000050868	0.23
ENSRNOG00000050869	3.39
ENSRNOG00000050870	0
ENSRNOG00000050872	0
ENSRNOG00000050873	5.65
ENSRNOG00000050874	0.15
ENSRNOG00000050876	0
ENSRNOG00000050877	0
ENSRNOG00000050879	1.28
ENSRNOG00000050880	0
ENSRNOG00000050881	0.27
ENSRNOG00000050884	0
ENSRNOG00000050885	0
ENSRNOG00000050887	0
ENSRNOG00000050888	0
ENSRNOG00000050889	0
ENSRNOG00000050890	0
ENSRNOG00000050893	0
ENSRNOG00000050894	0
ENSRNOG00000050895	0
ENSRNOG00000050898	0
ENSRNOG00000050899	15.03
ENSRNOG00000050901	0
ENSRNOG00000050903	8.59
ENSRNOG00000050904	0
ENSRNOG00000050905	0
ENSRNOG00000050906	0
ENSRNOG00000050907	0
ENSRNOG00000050908	0
ENSRNOG00000050910	0.04
ENSRNOG00000050912	0
ENSRNOG00000050914	0
ENSRNOG00000050915	0
ENSRNOG00000050918	0
ENSRNOG00000050920	0
ENSRNOG00000050922	0
ENSRNOG00000050923	0
ENSRNOG00000050926	0
ENSRNOG00000050932	13.47
ENSRNOG00000050933	0.83
ENSRNOG00000050935	0
ENSRNOG00000050938	0
ENSRNOG00000050939	0
ENSRNOG00000050941	0
ENSRNOG00000050944	0
ENSRNOG00000050945	0
ENSRNOG00000050946	4.81
ENSRNOG00000050949	9.15
ENSRNOG00000050950	0
ENSRNOG00000050952	0
ENSRNOG00000050953	0
ENSRNOG00000050954	0
ENSRNOG00000050955	0.38
ENSRNOG00000050956	0
ENSRNOG00000050957	0
ENSRNOG00000050959	0
ENSRNOG00000050960	12.76
ENSRNOG00000050963	0
ENSRNOG00000050964	0.51
ENSRNOG00000050966	0.21
ENSRNOG00000050967	0
ENSRNOG00000050968	0.59
ENSRNOG00000050969	0
ENSRNOG00000050970	0.07
ENSRNOG00000050972	0
ENSRNOG00000050973	0
ENSRNOG00000050974	0
ENSRNOG00000050975	0
ENSRNOG00000050976	0
ENSRNOG00000050977	0
ENSRNOG00000050978	0
ENSRNOG00000050979	2.32
ENSRNOG00000050981	0
ENSRNOG00000050982	0
ENSRNOG00000050983	44.11
ENSRNOG00000050990	0.07
ENSRNOG00000050991	0
ENSRNOG00000050992	0
ENSRNOG00000050993	0
ENSRNOG00000050994	0
ENSRNOG00000050995	1.8
ENSRNOG00000050996	5.15
ENSRNOG00000050997	18.71
ENSRNOG00000050998	0
ENSRNOG00000050999	2.17
ENSRNOG00000051000	0.53
ENSRNOG00000051002	0.16
ENSRNOG00000051005	0
ENSRNOG00000051006	25.42
ENSRNOG00000051007	0.69
ENSRNOG00000051010	0
ENSRNOG00000051012	0
ENSRNOG00000051014	17.42
ENSRNOG00000051015	1.18
ENSRNOG00000051016	0
ENSRNOG00000051020	0.36
ENSRNOG00000051022	0
ENSRNOG00000051023	3.48
ENSRNOG00000051024	0.04
ENSRNOG00000051025	0
ENSRNOG00000051026	0
ENSRNOG00000051027	0.18
ENSRNOG00000051028	34.98
ENSRNOG00000051029	0.36
ENSRNOG00000051030	0
ENSRNOG00000051031	0
ENSRNOG00000051032	0
ENSRNOG00000051033	0.15
ENSRNOG00000051034	0
ENSRNOG00000051035	0
ENSRNOG00000051036	0
ENSRNOG00000051037	0
ENSRNOG00000051038	0
ENSRNOG00000051039	5.26
ENSRNOG00000051041	0.2
ENSRNOG00000051042	0.28
ENSRNOG00000051043	0
ENSRNOG00000051044	0
ENSRNOG00000051045	0
ENSRNOG00000051046	0.1
ENSRNOG00000051047	0.14
ENSRNOG00000051048	0
ENSRNOG00000051050	0
ENSRNOG00000051051	8.23
ENSRNOG00000051052	0
ENSRNOG00000051053	0.07
ENSRNOG00000051054	0
ENSRNOG00000051055	0
ENSRNOG00000051056	42.3
ENSRNOG00000051057	0
ENSRNOG00000051058	0.52
ENSRNOG00000051059	0
ENSRNOG00000051060	0.1
ENSRNOG00000051061	14.21
ENSRNOG00000051063	0.95
ENSRNOG00000051064	0
ENSRNOG00000051065	0.1
ENSRNOG00000051066	0
ENSRNOG00000051067	0
ENSRNOG00000051068	0
ENSRNOG00000051069	2.24
ENSRNOG00000051070	0
ENSRNOG00000051071	0
ENSRNOG00000051072	0
ENSRNOG00000051073	2.73
ENSRNOG00000051074	0
ENSRNOG00000051075	0
ENSRNOG00000051077	1
ENSRNOG00000051078	5.6
ENSRNOG00000051079	2.55
ENSRNOG00000051080	3.48
ENSRNOG00000051081	0
ENSRNOG00000051082	2.74
ENSRNOG00000051083	0
ENSRNOG00000051084	0
ENSRNOG00000051085	0.12
ENSRNOG00000051087	0
ENSRNOG00000051088	0
ENSRNOG00000051089	0
ENSRNOG00000051090	0
ENSRNOG00000051091	0
ENSRNOG00000051093	0
ENSRNOG00000051094	0
ENSRNOG00000051095	0
ENSRNOG00000051096	0
ENSRNOG00000051097	0
ENSRNOG00000051098	0.18
ENSRNOG00000051099	0
ENSRNOG00000051100	14.23
ENSRNOG00000051102	3.15
ENSRNOG00000051103	0.29
ENSRNOG00000051104	0
ENSRNOG00000051105	0
ENSRNOG00000051106	0.76
ENSRNOG00000051107	0
ENSRNOG00000051108	0
ENSRNOG00000051109	0.25
ENSRNOG00000051111	0
ENSRNOG00000051112	0
ENSRNOG00000051113	0.16
ENSRNOG00000051114	0.08
ENSRNOG00000051115	0
ENSRNOG00000051116	0
ENSRNOG00000051117	0
ENSRNOG00000051118	0
ENSRNOG00000051119	0.1
ENSRNOG00000051120	8.7
ENSRNOG00000051121	0.13
ENSRNOG00000051122	0.24
ENSRNOG00000051123	0
ENSRNOG00000051124	0
ENSRNOG00000051125	0.05
ENSRNOG00000051128	0
ENSRNOG00000051129	2.41
ENSRNOG00000051130	0.25
ENSRNOG00000051132	0
ENSRNOG00000051133	0
ENSRNOG00000051134	0
ENSRNOG00000051135	26.01
ENSRNOG00000051136	0
ENSRNOG00000051137	0
ENSRNOG00000051138	0
ENSRNOG00000051139	0
ENSRNOG00000051140	0
ENSRNOG00000051142	0
ENSRNOG00000051144	0
ENSRNOG00000051145	0
ENSRNOG00000051147	0
ENSRNOG00000051148	0
ENSRNOG00000051149	0
ENSRNOG00000051150	0.28
ENSRNOG00000051151	13.88
ENSRNOG00000051152	2.06
ENSRNOG00000051153	0.13
ENSRNOG00000051155	0
ENSRNOG00000051156	1.56
ENSRNOG00000051158	0.53
ENSRNOG00000051159	0
ENSRNOG00000051160	0.09
ENSRNOG00000051161	0.47
ENSRNOG00000051162	0
ENSRNOG00000051163	0.37
ENSRNOG00000051164	0.05
ENSRNOG00000051165	0
ENSRNOG00000051166	0.47
ENSRNOG00000051167	0
ENSRNOG00000051168	0
ENSRNOG00000051169	0.32
ENSRNOG00000051170	106.82
ENSRNOG00000051171	0
ENSRNOG00000051172	0
ENSRNOG00000051174	0
ENSRNOG00000051175	0
ENSRNOG00000051176	0
ENSRNOG00000051178	0
ENSRNOG00000051179	1.59
ENSRNOG00000051180	0.28
ENSRNOG00000051181	1.32
ENSRNOG00000051182	0
ENSRNOG00000051183	0
ENSRNOG00000051184	0
ENSRNOG00000051185	0
ENSRNOG00000051186	0
ENSRNOG00000051187	0.2
ENSRNOG00000051188	2.21
ENSRNOG00000051189	3.77
ENSRNOG00000051190	24.11
ENSRNOG00000051192	0.11
ENSRNOG00000051193	15.66
ENSRNOG00000051194	0
ENSRNOG00000051195	0
ENSRNOG00000051196	5.61
ENSRNOG00000051197	0
ENSRNOG00000051198	0
ENSRNOG00000051199	0
ENSRNOG00000051200	0.07
ENSRNOG00000051201	0.18
ENSRNOG00000051202	0
ENSRNOG00000051203	0.31
ENSRNOG00000051204	14.39
ENSRNOG00000051206	0
ENSRNOG00000051207	0
ENSRNOG00000051208	0.75
ENSRNOG00000051209	0.93
ENSRNOG00000051210	0.35
ENSRNOG00000051211	0
ENSRNOG00000051212	0
ENSRNOG00000051213	0
ENSRNOG00000051214	0
ENSRNOG00000051215	0
ENSRNOG00000051216	0
ENSRNOG00000051218	0.43
ENSRNOG00000051219	0.11
ENSRNOG00000051220	0
ENSRNOG00000051221	0
ENSRNOG00000051222	0.57
ENSRNOG00000051223	0
ENSRNOG00000051224	0.43
ENSRNOG00000051225	0.21
ENSRNOG00000051226	0.18
ENSRNOG00000051227	0
ENSRNOG00000051228	0
ENSRNOG00000051229	0
ENSRNOG00000051231	0
ENSRNOG00000051232	21.91
ENSRNOG00000051233	0
ENSRNOG00000051234	0
ENSRNOG00000051235	2.13
ENSRNOG00000051236	0
ENSRNOG00000051237	1.32
ENSRNOG00000051238	2.71
ENSRNOG00000051239	0
ENSRNOG00000051240	0
ENSRNOG00000051241	0
ENSRNOG00000051243	0
ENSRNOG00000051244	0.56
ENSRNOG00000051245	0.23
ENSRNOG00000051246	0.2
ENSRNOG00000051247	0
ENSRNOG00000051248	0
ENSRNOG00000051249	0
ENSRNOG00000051250	0
ENSRNOG00000051251	8.33
ENSRNOG00000051252	0.1
ENSRNOG00000051253	0
ENSRNOG00000051254	3.3
ENSRNOG00000051255	0
ENSRNOG00000051256	3.04
ENSRNOG00000051257	0
ENSRNOG00000051258	2.41
ENSRNOG00000051259	0.37
ENSRNOG00000051260	0
ENSRNOG00000051261	7.42
ENSRNOG00000051262	0.05
ENSRNOG00000051263	0
ENSRNOG00000051264	2.95
ENSRNOG00000051265	0
ENSRNOG00000051267	0
ENSRNOG00000051268	0
ENSRNOG00000051269	0.17
ENSRNOG00000051270	1.68
ENSRNOG00000051271	0
ENSRNOG00000051272	0.47
ENSRNOG00000051273	0
ENSRNOG00000051274	0
ENSRNOG00000051275	0
ENSRNOG00000051276	0
ENSRNOG00000051277	0
ENSRNOG00000051278	2.66
ENSRNOG00000051279	0
ENSRNOG00000051280	0
ENSRNOG00000051281	0
ENSRNOG00000051282	0
ENSRNOG00000051284	0
ENSRNOG00000051285	0.53
ENSRNOG00000051286	0
ENSRNOG00000051287	0
ENSRNOG00000051288	0.07
ENSRNOG00000051289	0.91
ENSRNOG00000051290	0
ENSRNOG00000051291	1.75
ENSRNOG00000051292	0.62
ENSRNOG00000051293	0
ENSRNOG00000051294	0
ENSRNOG00000051295	0
ENSRNOG00000051296	0
ENSRNOG00000051297	0
ENSRNOG00000051298	1.95
ENSRNOG00000051299	2.16
ENSRNOG00000051300	19.2
ENSRNOG00000051301	0.04
ENSRNOG00000051302	0
ENSRNOG00000051303	16.48
ENSRNOG00000051304	1.65
ENSRNOG00000051305	0
ENSRNOG00000051306	0
ENSRNOG00000051307	0.15
ENSRNOG00000051308	0
ENSRNOG00000051309	0
ENSRNOG00000051310	2.44
ENSRNOG00000051311	0
ENSRNOG00000051312	0
ENSRNOG00000051313	0
ENSRNOG00000051314	0
ENSRNOG00000051315	0
ENSRNOG00000051316	0
ENSRNOG00000051318	0
ENSRNOG00000051319	0
ENSRNOG00000051320	0.28
ENSRNOG00000051321	2.63
ENSRNOG00000051322	0
ENSRNOG00000051323	0
ENSRNOG00000051324	0
ENSRNOG00000051325	0
ENSRNOG00000051326	0
ENSRNOG00000051327	0
ENSRNOG00000051328	0
ENSRNOG00000051329	0
ENSRNOG00000051330	0.18
ENSRNOG00000051331	0
ENSRNOG00000051332	0
ENSRNOG00000051333	0
ENSRNOG00000051334	0.49
ENSRNOG00000051335	0
ENSRNOG00000051336	0
ENSRNOG00000051337	0
ENSRNOG00000051338	0
ENSRNOG00000051339	3.54
ENSRNOG00000051340	0
ENSRNOG00000051341	18.12
ENSRNOG00000051342	0
ENSRNOG00000051343	0
ENSRNOG00000051344	23.69
ENSRNOG00000051345	1.29
ENSRNOG00000051346	9.31
ENSRNOG00000051347	0
ENSRNOG00000051348	0
ENSRNOG00000051349	0
ENSRNOG00000051350	0
ENSRNOG00000051351	0
ENSRNOG00000051352	0
ENSRNOG00000051354	0
ENSRNOG00000051355	0
ENSRNOG00000051356	5.73
ENSRNOG00000051357	0
ENSRNOG00000051358	0
ENSRNOG00000051359	0
ENSRNOG00000051360	0
ENSRNOG00000051361	0.1
ENSRNOG00000051362	0
ENSRNOG00000051363	0
ENSRNOG00000051364	0.98
ENSRNOG00000051365	0.04
ENSRNOG00000051366	0
ENSRNOG00000051367	0.77
ENSRNOG00000051368	0
ENSRNOG00000051369	0
ENSRNOG00000051370	0
ENSRNOG00000051371	0.75
ENSRNOG00000051372	2.42
ENSRNOG00000051373	0
ENSRNOG00000051374	0
ENSRNOG00000051375	0
ENSRNOG00000051376	0
ENSRNOG00000051377	21.9
ENSRNOG00000051378	0
ENSRNOG00000051379	0
ENSRNOG00000051380	0.11
ENSRNOG00000051381	0
ENSRNOG00000051382	23.13
ENSRNOG00000051383	4.71
ENSRNOG00000051384	2.64
ENSRNOG00000051385	0
ENSRNOG00000051386	0
ENSRNOG00000051387	0.17
ENSRNOG00000051388	0
ENSRNOG00000051389	0
ENSRNOG00000051390	0.52
ENSRNOG00000051391	0
ENSRNOG00000051392	0
ENSRNOG00000051393	0
ENSRNOG00000051394	0
ENSRNOG00000051395	0
ENSRNOG00000051396	0.88
ENSRNOG00000051397	0
ENSRNOG00000051398	0.23
ENSRNOG00000051399	0
ENSRNOG00000051400	0
ENSRNOG00000051401	0
ENSRNOG00000051402	0
ENSRNOG00000051403	0
ENSRNOG00000051404	0
ENSRNOG00000051405	0
ENSRNOG00000051406	42.74
ENSRNOG00000051407	0
ENSRNOG00000051408	10.24
ENSRNOG00000051409	0
ENSRNOG00000051410	1.24
ENSRNOG00000051411	3.52
ENSRNOG00000051412	0
ENSRNOG00000051413	0
ENSRNOG00000051414	0
ENSRNOG00000051415	0
ENSRNOG00000051416	12.93
ENSRNOG00000051417	0
ENSRNOG00000051418	0.18
ENSRNOG00000051419	0
ENSRNOG00000051420	25.46
ENSRNOG00000051421	0
ENSRNOG00000051422	0
ENSRNOG00000051423	0
ENSRNOG00000051424	0
ENSRNOG00000051425	0.99
ENSRNOG00000051426	0
ENSRNOG00000051427	0
ENSRNOG00000051428	0
ENSRNOG00000051429	0
ENSRNOG00000051430	0
ENSRNOG00000051431	0
ENSRNOG00000051432	0.44
ENSRNOG00000051433	0
ENSRNOG00000051434	0
ENSRNOG00000051435	0
ENSRNOG00000051436	0
ENSRNOG00000051437	0
ENSRNOG00000051438	0
ENSRNOG00000051439	0
ENSRNOG00000051440	16.37
ENSRNOG00000051441	0
ENSRNOG00000051442	3.06
ENSRNOG00000051443	0
ENSRNOG00000051444	0
ENSRNOG00000051445	0
ENSRNOG00000051446	0
ENSRNOG00000051447	0
ENSRNOG00000051448	0
ENSRNOG00000051449	1.29
ENSRNOG00000051450	9.35
ENSRNOG00000051451	0
ENSRNOG00000051452	0
ENSRNOG00000051453	0
ENSRNOG00000051454	0
ENSRNOG00000051455	0
ENSRNOG00000051456	0.32
ENSRNOG00000051457	0.09
ENSRNOG00000051458	3.97
ENSRNOG00000051459	0
ENSRNOG00000051460	0
ENSRNOG00000051461	2.79
ENSRNOG00000051462	0
ENSRNOG00000051463	0
ENSRNOG00000051464	0
ENSRNOG00000051465	0
ENSRNOG00000051466	0
ENSRNOG00000051467	0
ENSRNOG00000051468	0
ENSRNOG00000051469	0
ENSRNOG00000051470	3.36
ENSRNOG00000051471	0.17
ENSRNOG00000051472	0
ENSRNOG00000051473	0
ENSRNOG00000051474	0.21
ENSRNOG00000051475	0
ENSRNOG00000051476	0.66
ENSRNOG00000051477	0
ENSRNOG00000051478	0.14
ENSRNOG00000051479	0
ENSRNOG00000051480	33.25
ENSRNOG00000051481	4.08
ENSRNOG00000051482	4.7
ENSRNOG00000051483	206.84
ENSRNOG00000051484	0
ENSRNOG00000051485	0
ENSRNOG00000051486	0
ENSRNOG00000051487	19.66
ENSRNOG00000051488	0
ENSRNOG00000051489	0
ENSRNOG00000051490	41.32
ENSRNOG00000051491	0
ENSRNOG00000051492	0
ENSRNOG00000051493	4.38
ENSRNOG00000051494	0.04
ENSRNOG00000051495	0.7
ENSRNOG00000051496	0.39
ENSRNOG00000051497	0
ENSRNOG00000051498	22.98
ENSRNOG00000051499	9.59
ENSRNOG00000051500	0.12
ENSRNOG00000051501	0.57
ENSRNOG00000051502	0
ENSRNOG00000051503	0
ENSRNOG00000051504	0
ENSRNOG00000051505	0
ENSRNOG00000051506	2.24
ENSRNOG00000051507	10.03
ENSRNOG00000051508	0
ENSRNOG00000051509	1.15
ENSRNOG00000051510	2.68
ENSRNOG00000051511	0
ENSRNOG00000051512	0.12
ENSRNOG00000051513	0
ENSRNOG00000051514	0
ENSRNOG00000051515	0
ENSRNOG00000051516	0
ENSRNOG00000051517	0
ENSRNOG00000051518	0
ENSRNOG00000051519	0
ENSRNOG00000051520	0
ENSRNOG00000051521	0.53
ENSRNOG00000051522	0.04
ENSRNOG00000051523	0
ENSRNOG00000051524	0.54
ENSRNOG00000051525	0
ENSRNOG00000051526	0
ENSRNOG00000051527	0
ENSRNOG00000051528	2.84
ENSRNOG00000051529	0.06
ENSRNOG00000051530	0
ENSRNOG00000051531	5.47
ENSRNOG00000051532	1.5
ENSRNOG00000051533	0
ENSRNOG00000051534	0.25
ENSRNOG00000051535	0
ENSRNOG00000051536	6.58
ENSRNOG00000051537	0
ENSRNOG00000051538	0
ENSRNOG00000051539	0.74
ENSRNOG00000051540	0
ENSRNOG00000051541	0
ENSRNOG00000051542	0
ENSRNOG00000051543	0
ENSRNOG00000051544	0.65
ENSRNOG00000051545	0
ENSRNOG00000051546	0
ENSRNOG00000051547	0
ENSRNOG00000051548	3.25
ENSRNOG00000051549	0
ENSRNOG00000051550	0
ENSRNOG00000051551	0.12
ENSRNOG00000051552	3.37
ENSRNOG00000051553	0.23
ENSRNOG00000051554	1.37
ENSRNOG00000051555	0.36
ENSRNOG00000051556	0
ENSRNOG00000051557	0
ENSRNOG00000051558	1.67
ENSRNOG00000051559	0.45
ENSRNOG00000051560	0.41
ENSRNOG00000051561	0
ENSRNOG00000051562	0
ENSRNOG00000051563	2.27
ENSRNOG00000051564	21.27
ENSRNOG00000051565	0
ENSRNOG00000051566	0
ENSRNOG00000051567	0
ENSRNOG00000051568	1.02
ENSRNOG00000051569	0
ENSRNOG00000051570	1.37
ENSRNOG00000051571	0
ENSRNOG00000051572	0.33
ENSRNOG00000051573	0
ENSRNOG00000051574	0
ENSRNOG00000051575	0
ENSRNOG00000051576	0
ENSRNOG00000051577	0.6
ENSRNOG00000051578	2.21
ENSRNOG00000051579	0
ENSRNOG00000051580	0
ENSRNOG00000051581	0.16
ENSRNOG00000051582	0
ENSRNOG00000051583	0
ENSRNOG00000051584	0
ENSRNOG00000051585	2.39
ENSRNOG00000051586	0
ENSRNOG00000051587	0
ENSRNOG00000051588	0
ENSRNOG00000051589	0.3
ENSRNOG00000051590	0.11
ENSRNOG00000051591	0.16
ENSRNOG00000051592	5.67
ENSRNOG00000051593	0
ENSRNOG00000051594	0
ENSRNOG00000051595	0
ENSRNOG00000051596	0.62
ENSRNOG00000051597	0
ENSRNOG00000051598	0.06
ENSRNOG00000051599	0
ENSRNOG00000051600	0
ENSRNOG00000051601	0.92
ENSRNOG00000051602	0
ENSRNOG00000051603	0
ENSRNOG00000051604	0
ENSRNOG00000051605	23.23
ENSRNOG00000051606	5.21
ENSRNOG00000051607	0
ENSRNOG00000051608	0
ENSRNOG00000051609	0
ENSRNOG00000051610	0
ENSRNOG00000051611	0
ENSRNOG00000051612	0.31
ENSRNOG00000051613	0
ENSRNOG00000051614	0.13
ENSRNOG00000051615	67.97
ENSRNOG00000051616	0
ENSRNOG00000051617	0
ENSRNOG00000051618	0.69
ENSRNOG00000051619	2.32
ENSRNOG00000051620	17.15
ENSRNOG00000051621	12.42
ENSRNOG00000051622	0
ENSRNOG00000051623	5.42
ENSRNOG00000051624	107.89
ENSRNOG00000051625	0
ENSRNOG00000051626	0
ENSRNOG00000051627	0.3
ENSRNOG00000051628	0
ENSRNOG00000051629	0
ENSRNOG00000051630	0
ENSRNOG00000051631	0
ENSRNOG00000051632	0
ENSRNOG00000051633	0
ENSRNOG00000051634	0
ENSRNOG00000051635	0.42
ENSRNOG00000051636	0.07
ENSRNOG00000051637	0
ENSRNOG00000051638	0
ENSRNOG00000051639	0
ENSRNOG00000051640	0
ENSRNOG00000051641	0
ENSRNOG00000051642	0
ENSRNOG00000051643	2
ENSRNOG00000051644	0
ENSRNOG00000051645	0
ENSRNOG00000051646	0
ENSRNOG00000051647	0
ENSRNOG00000051648	2.06
ENSRNOG00000051649	0
ENSRNOG00000051650	249.52
ENSRNOG00000051651	0
ENSRNOG00000051652	0
ENSRNOG00000051653	0
ENSRNOG00000051654	1.44
ENSRNOG00000051655	0
ENSRNOG00000051656	0
ENSRNOG00000051657	0.16
ENSRNOG00000051658	0
ENSRNOG00000051659	0
ENSRNOG00000051660	0.29
ENSRNOG00000051661	0
ENSRNOG00000051662	0.12
ENSRNOG00000051663	0
ENSRNOG00000051664	0.06
ENSRNOG00000051665	0
ENSRNOG00000051666	0.82
ENSRNOG00000051667	0
ENSRNOG00000051668	0
ENSRNOG00000051669	11.68
ENSRNOG00000051670	0
ENSRNOG00000051671	19.22
ENSRNOG00000051672	7.57
ENSRNOG00000051673	0.47
ENSRNOG00000051674	0
ENSRNOG00000051675	0.29
ENSRNOG00000051676	0
ENSRNOG00000051677	0.31
ENSRNOG00000051678	2.26
ENSRNOG00000051679	0
ENSRNOG00000051680	22.32
ENSRNOG00000051681	2.9
ENSRNOG00000051682	18.81
ENSRNOG00000051683	0
ENSRNOG00000051684	1.2
ENSRNOG00000051685	0
ENSRNOG00000051686	1.14
ENSRNOG00000051687	0.02
ENSRNOG00000051688	0.18
ENSRNOG00000051689	0
ENSRNOG00000051690	0.06
ENSRNOG00000051691	0
ENSRNOG00000051692	0
ENSRNOG00000051693	0
ENSRNOG00000051694	0
ENSRNOG00000051695	0
ENSRNOG00000051696	0
ENSRNOG00000051697	0
ENSRNOG00000051698	2.83
ENSRNOG00000051699	10.17
ENSRNOG00000051700	0
ENSRNOG00000051701	0.97
ENSRNOG00000051702	0.43
ENSRNOG00000051703	0.22
ENSRNOG00000051704	0.13
ENSRNOG00000051705	0
ENSRNOG00000051706	4.38
ENSRNOG00000051707	1.01
ENSRNOG00000051708	0
ENSRNOG00000051709	2.01
ENSRNOG00000051710	0
ENSRNOG00000051711	19.89
ENSRNOG00000051712	1.73
ENSRNOG00000051713	0
ENSRNOG00000051714	0.96
ENSRNOG00000051715	0
ENSRNOG00000051716	0
ENSRNOG00000051717	0
ENSRNOG00000051718	0
ENSRNOG00000051719	15.25
ENSRNOG00000051720	11.34
ENSRNOG00000051721	0
ENSRNOG00000051722	0
ENSRNOG00000051723	0
ENSRNOG00000051724	0
ENSRNOG00000051725	1.56
ENSRNOG00000051726	0
ENSRNOG00000051727	0
ENSRNOG00000051728	0
ENSRNOG00000051729	0
ENSRNOG00000051730	0
ENSRNOG00000051731	1.02
ENSRNOG00000051732	0
ENSRNOG00000051733	0
ENSRNOG00000051734	0
ENSRNOG00000051735	0
ENSRNOG00000051736	0
ENSRNOG00000051737	0
ENSRNOG00000051738	0
ENSRNOG00000051739	0
ENSRNOG00000051740	0
ENSRNOG00000051741	0.12
ENSRNOG00000051742	0
ENSRNOG00000051743	5.06
ENSRNOG00000051744	0
ENSRNOG00000051745	13.92
ENSRNOG00000051746	1.56
ENSRNOG00000051747	0
ENSRNOG00000051748	0
ENSRNOG00000051749	0
ENSRNOG00000051750	1.39
ENSRNOG00000051751	0
ENSRNOG00000051752	0
ENSRNOG00000051753	0.13
ENSRNOG00000051754	0
ENSRNOG00000051755	1.09
ENSRNOG00000051756	7.47
ENSRNOG00000051757	0
ENSRNOG00000051758	0
ENSRNOG00000051759	0
ENSRNOG00000051760	0
ENSRNOG00000051761	0
ENSRNOG00000051762	0
ENSRNOG00000051763	0
ENSRNOG00000051764	0.09
ENSRNOG00000051765	0
ENSRNOG00000051766	0.11
ENSRNOG00000051767	0.13
ENSRNOG00000051768	0
ENSRNOG00000051769	0
ENSRNOG00000051770	0.04
ENSRNOG00000051771	1.13
ENSRNOG00000051772	2.64
ENSRNOG00000051773	0
ENSRNOG00000051774	0
ENSRNOG00000051775	4.49
ENSRNOG00000051776	0
ENSRNOG00000051777	0.15
ENSRNOG00000051778	0
ENSRNOG00000051779	0
ENSRNOG00000051780	0
ENSRNOG00000051781	0
ENSRNOG00000051782	0.02
ENSRNOG00000051783	0
ENSRNOG00000051784	0
ENSRNOG00000051785	0
ENSRNOG00000051786	0
ENSRNOG00000051787	6.7
ENSRNOG00000051788	0
ENSRNOG00000051789	0
ENSRNOG00000051790	0
ENSRNOG00000051791	0.05
ENSRNOG00000051792	2.34
ENSRNOG00000051793	0
ENSRNOG00000051794	0
ENSRNOG00000051795	0
ENSRNOG00000051796	0
ENSRNOG00000051797	0
ENSRNOG00000051798	0
ENSRNOG00000051799	0
ENSRNOG00000051800	1.51
ENSRNOG00000051801	0
ENSRNOG00000051802	0.52
ENSRNOG00000051803	0
ENSRNOG00000051804	0
ENSRNOG00000051805	0
ENSRNOG00000051806	0
ENSRNOG00000051807	0
ENSRNOG00000051808	0
ENSRNOG00000051809	0
ENSRNOG00000051810	0
ENSRNOG00000051811	0.69
ENSRNOG00000051812	1.56
ENSRNOG00000051813	5.22
ENSRNOG00000051814	0
ENSRNOG00000051815	0
ENSRNOG00000051816	12.51
ENSRNOG00000051817	0
ENSRNOG00000051818	0
ENSRNOG00000051819	1.26
ENSRNOG00000051820	0
ENSRNOG00000051821	0
ENSRNOG00000051822	0
ENSRNOG00000051823	2.82
ENSRNOG00000051824	23.48
ENSRNOG00000051825	1.08
ENSRNOG00000051826	0
ENSRNOG00000051827	0
ENSRNOG00000051828	0
ENSRNOG00000051829	0
ENSRNOG00000051830	0
ENSRNOG00000051831	0.42
ENSRNOG00000051832	0
ENSRNOG00000051833	0
ENSRNOG00000051834	0
ENSRNOG00000051835	0
ENSRNOG00000051836	2.19
ENSRNOG00000051837	1.16
ENSRNOG00000051838	7.05
ENSRNOG00000051839	0
ENSRNOG00000051840	1.2
ENSRNOG00000051841	0
ENSRNOG00000051842	0
ENSRNOG00000051843	0
ENSRNOG00000051844	7.79
ENSRNOG00000051845	0
ENSRNOG00000051846	0
ENSRNOG00000051847	0
ENSRNOG00000051848	0.64
ENSRNOG00000051849	0
ENSRNOG00000051850	0.62
ENSRNOG00000051851	0
ENSRNOG00000051852	0
ENSRNOG00000051853	0.6
ENSRNOG00000051854	1.1
ENSRNOG00000051855	0
ENSRNOG00000051856	0
ENSRNOG00000051857	0
ENSRNOG00000051858	0
ENSRNOG00000051859	0
ENSRNOG00000051860	0.24
ENSRNOG00000051861	0
ENSRNOG00000051862	0
ENSRNOG00000051863	0
ENSRNOG00000051864	0
ENSRNOG00000051865	0
ENSRNOG00000051866	0
ENSRNOG00000051867	2.39
ENSRNOG00000051868	3.61
ENSRNOG00000051869	1.59
ENSRNOG00000051870	0
ENSRNOG00000051871	0
ENSRNOG00000051872	0
ENSRNOG00000051873	0
ENSRNOG00000051874	0
ENSRNOG00000051875	0.29
ENSRNOG00000051876	0
ENSRNOG00000051877	0
ENSRNOG00000051878	0.44
ENSRNOG00000051879	0
ENSRNOG00000051880	1.12
ENSRNOG00000051881	0
ENSRNOG00000051882	0
ENSRNOG00000051883	0
ENSRNOG00000051884	0
ENSRNOG00000051885	3.7
ENSRNOG00000051886	0
ENSRNOG00000051887	0
ENSRNOG00000051888	0.12
ENSRNOG00000051889	23.04
ENSRNOG00000051890	0
ENSRNOG00000051891	0.62
ENSRNOG00000051892	2.11
ENSRNOG00000051893	0
ENSRNOG00000051894	0
ENSRNOG00000051895	0
ENSRNOG00000051896	0
ENSRNOG00000051897	0
ENSRNOG00000051898	0
ENSRNOG00000051899	1.45
ENSRNOG00000051900	0
ENSRNOG00000051901	0
ENSRNOG00000051902	0
ENSRNOG00000051903	0
ENSRNOG00000051904	0
ENSRNOG00000051905	0.19
ENSRNOG00000051906	0
ENSRNOG00000051907	0
ENSRNOG00000051908	0
ENSRNOG00000051909	0
ENSRNOG00000051910	0
ENSRNOG00000051911	0.1
ENSRNOG00000051912	0.13
ENSRNOG00000051913	0
ENSRNOG00000051914	0
ENSRNOG00000051915	3.38
ENSRNOG00000051916	0
ENSRNOG00000051917	0
ENSRNOG00000051918	6.13
ENSRNOG00000051919	0
ENSRNOG00000051920	0
ENSRNOG00000051921	0
ENSRNOG00000051922	9.08
ENSRNOG00000051923	2.89
ENSRNOG00000051924	0
ENSRNOG00000051925	0.49
ENSRNOG00000051926	3.07
ENSRNOG00000051927	0.99
ENSRNOG00000051928	0.03
ENSRNOG00000051929	0
ENSRNOG00000051930	0
ENSRNOG00000051931	3.79
ENSRNOG00000051932	5.63
ENSRNOG00000051933	0
ENSRNOG00000051934	0
ENSRNOG00000051935	0
ENSRNOG00000051936	0
ENSRNOG00000051937	0
ENSRNOG00000051938	1.77
ENSRNOG00000051939	0
ENSRNOG00000051940	0
ENSRNOG00000051941	5.95
ENSRNOG00000051942	0
ENSRNOG00000051943	2.31
ENSRNOG00000051944	0
ENSRNOG00000051945	0
ENSRNOG00000051946	0
ENSRNOG00000051947	0
ENSRNOG00000051948	18.32
ENSRNOG00000051949	0
ENSRNOG00000051950	0
ENSRNOG00000051951	1.07
ENSRNOG00000051952	4.17
ENSRNOG00000051953	0
ENSRNOG00000051954	0.04
ENSRNOG00000051955	0
ENSRNOG00000051956	0
ENSRNOG00000051957	0.4
ENSRNOG00000051958	1.73
ENSRNOG00000051959	0
ENSRNOG00000051960	15.31
ENSRNOG00000051961	0
ENSRNOG00000051962	0.44
ENSRNOG00000051963	0
ENSRNOG00000051964	0.2
ENSRNOG00000051965	23.29
ENSRNOG00000051966	0
ENSRNOG00000051967	0
ENSRNOG00000051968	0
ENSRNOG00000051969	0
ENSRNOG00000051970	0.32
ENSRNOG00000051971	0
ENSRNOG00000051972	0
ENSRNOG00000051973	0
ENSRNOG00000051974	0
ENSRNOG00000051975	0
ENSRNOG00000051976	0
ENSRNOG00000051977	2.54
ENSRNOG00000051978	1.7
ENSRNOG00000051979	0
ENSRNOG00000051980	0
ENSRNOG00000051981	0
ENSRNOG00000051982	0.07
ENSRNOG00000051983	0
ENSRNOG00000051984	0
ENSRNOG00000051985	0
ENSRNOG00000051986	1.43
ENSRNOG00000051987	0
ENSRNOG00000051988	0
ENSRNOG00000051989	5.07
ENSRNOG00000051990	4.99
ENSRNOG00000051991	0
ENSRNOG00000051992	0
ENSRNOG00000051993	2.33
ENSRNOG00000051994	0
ENSRNOG00000051995	0
ENSRNOG00000051996	1.6
ENSRNOG00000051997	0.63
ENSRNOG00000051998	0
ENSRNOG00000051999	0
ENSRNOG00000052000	0
ENSRNOG00000052001	0
ENSRNOG00000052002	5.63
ENSRNOG00000052003	0.76
ENSRNOG00000052004	22.91
ENSRNOG00000052005	0.11
ENSRNOG00000052006	0
ENSRNOG00000052007	0
ENSRNOG00000052008	0
ENSRNOG00000052009	0
ENSRNOG00000052010	0.03
ENSRNOG00000052011	0.45
ENSRNOG00000052012	0
ENSRNOG00000052013	20.09
ENSRNOG00000052014	0
ENSRNOG00000052015	0
ENSRNOG00000052016	0
ENSRNOG00000052017	0.07
ENSRNOG00000052018	0.52
ENSRNOG00000052019	2.35
ENSRNOG00000052020	0
ENSRNOG00000052021	0
ENSRNOG00000052022	5.75
ENSRNOG00000052023	0.11
ENSRNOG00000052024	0
ENSRNOG00000052025	543.36
ENSRNOG00000052026	0.52
ENSRNOG00000052027	0
ENSRNOG00000052028	0.41
ENSRNOG00000052029	0
ENSRNOG00000052030	0
ENSRNOG00000052031	0
ENSRNOG00000052032	0
ENSRNOG00000052033	0
ENSRNOG00000052034	0
ENSRNOG00000052035	0
ENSRNOG00000052036	2.69
ENSRNOG00000052037	0.08
ENSRNOG00000052038	3.47
ENSRNOG00000052039	1.35
ENSRNOG00000052040	0
ENSRNOG00000052041	0.6
ENSRNOG00000052042	1.75
ENSRNOG00000052043	0
ENSRNOG00000052044	0.99
ENSRNOG00000052045	0
ENSRNOG00000052046	0
ENSRNOG00000052047	0
ENSRNOG00000052048	0
ENSRNOG00000052049	0
ENSRNOG00000052050	0
ENSRNOG00000052051	0.88
ENSRNOG00000052052	0
ENSRNOG00000052053	0
ENSRNOG00000052054	0.12
ENSRNOG00000052055	0
ENSRNOG00000052056	0
ENSRNOG00000052057	0.43
ENSRNOG00000052058	0
ENSRNOG00000052059	0
ENSRNOG00000052060	0
ENSRNOG00000052061	1.28
ENSRNOG00000052062	6.69
ENSRNOG00000052063	0
ENSRNOG00000052064	1.55
ENSRNOG00000052065	0
ENSRNOG00000052066	0
ENSRNOG00000052067	0
ENSRNOG00000052068	0
ENSRNOG00000052069	0
ENSRNOG00000052070	0
ENSRNOG00000052071	0
ENSRNOG00000052072	0
ENSRNOG00000052073	0
ENSRNOG00000052074	0
ENSRNOG00000052075	0
ENSRNOG00000052076	0.25
ENSRNOG00000052077	0
ENSRNOG00000052078	0.17
ENSRNOG00000052079	0
ENSRNOG00000052080	166.21
ENSRNOG00000052081	0
ENSRNOG00000052082	0
ENSRNOG00000052083	0
ENSRNOG00000052084	0.07
ENSRNOG00000052085	0
ENSRNOG00000052086	0
ENSRNOG00000052087	17.8
ENSRNOG00000052088	4.9
ENSRNOG00000052089	0
ENSRNOG00000052090	0.56
ENSRNOG00000052091	0
ENSRNOG00000052092	0
ENSRNOG00000052093	0
ENSRNOG00000052094	0
ENSRNOG00000052095	0
ENSRNOG00000052096	5.57
ENSRNOG00000052097	0
ENSRNOG00000052098	0
ENSRNOG00000052099	0
ENSRNOG00000052100	0.05
ENSRNOG00000052101	0
ENSRNOG00000052102	0
ENSRNOG00000052103	0
ENSRNOG00000052104	0
ENSRNOG00000052105	0
ENSRNOG00000052106	0
ENSRNOG00000052107	0.04
ENSRNOG00000052108	0
ENSRNOG00000052109	2.87
ENSRNOG00000052110	0
ENSRNOG00000052111	25.18
ENSRNOG00000052112	0
ENSRNOG00000052113	157.69
ENSRNOG00000052114	0
ENSRNOG00000052115	1.35
ENSRNOG00000052116	12.12
ENSRNOG00000052117	0
ENSRNOG00000052118	0
ENSRNOG00000052119	0
ENSRNOG00000052120	0
ENSRNOG00000052121	1.71
ENSRNOG00000052122	6.1
ENSRNOG00000052123	0
ENSRNOG00000052124	0.96
ENSRNOG00000052125	0
ENSRNOG00000052126	0
ENSRNOG00000052127	0
ENSRNOG00000052128	0.03
ENSRNOG00000052129	9.32
ENSRNOG00000052130	10.74
ENSRNOG00000052131	1
ENSRNOG00000052132	0
ENSRNOG00000052133	0
ENSRNOG00000052134	8.52
ENSRNOG00000052135	0
ENSRNOG00000052136	0
ENSRNOG00000052137	0
ENSRNOG00000052138	0
ENSRNOG00000052139	0
ENSRNOG00000052140	4.08
ENSRNOG00000052141	14.49
ENSRNOG00000052142	15.25
ENSRNOG00000052143	0
ENSRNOG00000052144	0
ENSRNOG00000052145	0
ENSRNOG00000052146	0
ENSRNOG00000052147	0
ENSRNOG00000052148	0
ENSRNOG00000052149	1.44
ENSRNOG00000052150	0
ENSRNOG00000052151	0
ENSRNOG00000052152	0
ENSRNOG00000052153	0
ENSRNOG00000052154	0
ENSRNOG00000052155	0
ENSRNOG00000052156	0
ENSRNOG00000052157	6.25
ENSRNOG00000052158	0
ENSRNOG00000052159	0
ENSRNOG00000052160	0
ENSRNOG00000052161	1.79
ENSRNOG00000052162	0.47
ENSRNOG00000052163	0
ENSRNOG00000052164	0.6
ENSRNOG00000052165	0
ENSRNOG00000052166	0
ENSRNOG00000052167	1.2
ENSRNOG00000052168	0
ENSRNOG00000052169	0
ENSRNOG00000052170	0
ENSRNOG00000052171	0
ENSRNOG00000052172	0
ENSRNOG00000052173	2.7
ENSRNOG00000052174	0
ENSRNOG00000052175	0
ENSRNOG00000052176	0.13
ENSRNOG00000052177	0
ENSRNOG00000052178	0
ENSRNOG00000052179	0
ENSRNOG00000052180	0
ENSRNOG00000052181	0
ENSRNOG00000052182	0.6
ENSRNOG00000052183	0
ENSRNOG00000052184	0
ENSRNOG00000052185	0
ENSRNOG00000052186	0
ENSRNOG00000052187	0
ENSRNOG00000052188	0.54
ENSRNOG00000052189	1.32
ENSRNOG00000052190	0.25
ENSRNOG00000052191	0
ENSRNOG00000052192	0
ENSRNOG00000052193	0.3
ENSRNOG00000052194	0.16
ENSRNOG00000052195	0
ENSRNOG00000052196	0
ENSRNOG00000052197	0
ENSRNOG00000052198	0
ENSRNOG00000052199	0
ENSRNOG00000052200	0
ENSRNOG00000052201	0
ENSRNOG00000052202	0
ENSRNOG00000052203	0
ENSRNOG00000052204	11.5
ENSRNOG00000052205	0.26
ENSRNOG00000052206	0
ENSRNOG00000052207	5.16
ENSRNOG00000052208	0
ENSRNOG00000052209	1.32
ENSRNOG00000052210	0
ENSRNOG00000052211	0
ENSRNOG00000052212	0
ENSRNOG00000052213	0
ENSRNOG00000052214	0
ENSRNOG00000052215	0
ENSRNOG00000052216	0
ENSRNOG00000052217	0
ENSRNOG00000052218	0
ENSRNOG00000052219	54.96
ENSRNOG00000052220	0
ENSRNOG00000052221	0
ENSRNOG00000052222	1.85
ENSRNOG00000052223	0
ENSRNOG00000052224	6.22
ENSRNOG00000052225	0
ENSRNOG00000052226	31.74
ENSRNOG00000052227	0
ENSRNOG00000052228	0
ENSRNOG00000052229	0
ENSRNOG00000052230	0
ENSRNOG00000052231	0
ENSRNOG00000052232	3.97
ENSRNOG00000052233	0.27
ENSRNOG00000052234	0
ENSRNOG00000052235	0
ENSRNOG00000052236	1.53
ENSRNOG00000052237	1.11
ENSRNOG00000052238	0
ENSRNOG00000052239	0
ENSRNOG00000052240	0
ENSRNOG00000052241	0
ENSRNOG00000052242	0
ENSRNOG00000052243	0
ENSRNOG00000052244	0
ENSRNOG00000052245	0
ENSRNOG00000052246	0
ENSRNOG00000052247	5.08
ENSRNOG00000052248	0
ENSRNOG00000052249	0
ENSRNOG00000052250	0
ENSRNOG00000052251	0
ENSRNOG00000052252	0
ENSRNOG00000052253	0
ENSRNOG00000052254	0
ENSRNOG00000052255	8.59
ENSRNOG00000052256	49.96
ENSRNOG00000052257	0
ENSRNOG00000052258	0
ENSRNOG00000052259	0
ENSRNOG00000052260	0
ENSRNOG00000052261	0
ENSRNOG00000052262	0
ENSRNOG00000052263	0
ENSRNOG00000052264	0.7
ENSRNOG00000052265	0
ENSRNOG00000052266	0
ENSRNOG00000052267	0
ENSRNOG00000052268	0
ENSRNOG00000052269	0
ENSRNOG00000052270	0
ENSRNOG00000052271	0
ENSRNOG00000052272	0
ENSRNOG00000052273	11.61
ENSRNOG00000052274	0
ENSRNOG00000052275	10.13
ENSRNOG00000052276	0
ENSRNOG00000052277	0
ENSRNOG00000052278	0
ENSRNOG00000052279	18.79
ENSRNOG00000052280	0
ENSRNOG00000052281	0
ENSRNOG00000052282	0
ENSRNOG00000052283	0
ENSRNOG00000052284	0
ENSRNOG00000052285	0.45
ENSRNOG00000052286	0
ENSRNOG00000052287	0
ENSRNOG00000052288	0
ENSRNOG00000052289	28.67
ENSRNOG00000052290	0
ENSRNOG00000052291	0.14
ENSRNOG00000052292	0
ENSRNOG00000052293	0
ENSRNOG00000052294	2.93
ENSRNOG00000052295	0
ENSRNOG00000052296	72.44
ENSRNOG00000052297	0
ENSRNOG00000052298	29.59
ENSRNOG00000052299	0
ENSRNOG00000052300	3.7
ENSRNOG00000052301	0
ENSRNOG00000052302	0
ENSRNOG00000052303	0
ENSRNOG00000052304	1.46
ENSRNOG00000052305	24.43
ENSRNOG00000052306	0
ENSRNOG00000052307	14.44
ENSRNOG00000052308	0.61
ENSRNOG00000052309	0
ENSRNOG00000052310	0.43
ENSRNOG00000052311	0
ENSRNOG00000052312	0
ENSRNOG00000052313	0
ENSRNOG00000052314	0.48
ENSRNOG00000052315	0.08
ENSRNOG00000052316	0
ENSRNOG00000052317	0
ENSRNOG00000052318	0
ENSRNOG00000052319	39.53
ENSRNOG00000052320	0
ENSRNOG00000052321	0
ENSRNOG00000052322	0
ENSRNOG00000052323	0
ENSRNOG00000052324	0
ENSRNOG00000052325	0
ENSRNOG00000052326	0
ENSRNOG00000052327	1.09
ENSRNOG00000052328	0
ENSRNOG00000052329	0
ENSRNOG00000052330	0
ENSRNOG00000052331	0
ENSRNOG00000052332	0
ENSRNOG00000052333	16.44
ENSRNOG00000052334	0
ENSRNOG00000052335	1.82
ENSRNOG00000052336	0
ENSRNOG00000052337	0
ENSRNOG00000052338	0
ENSRNOG00000052339	0
ENSRNOG00000052340	0
ENSRNOG00000052341	1.81
ENSRNOG00000052342	0
ENSRNOG00000052343	34.95
ENSRNOG00000052344	0
ENSRNOG00000052345	0
ENSRNOG00000052346	0.59
ENSRNOG00000052347	11.14
ENSRNOG00000052348	0
ENSRNOG00000052349	0
ENSRNOG00000052350	0
ENSRNOG00000052351	0
ENSRNOG00000052352	0.56
ENSRNOG00000052353	1.2
ENSRNOG00000052354	12.17
ENSRNOG00000052355	0.39
ENSRNOG00000052356	0
ENSRNOG00000052357	1.82
ENSRNOG00000052358	1.52
ENSRNOG00000052359	0
ENSRNOG00000052360	0
ENSRNOG00000052361	0
ENSRNOG00000052362	0
ENSRNOG00000052363	0
ENSRNOG00000052364	0
ENSRNOG00000052365	7.21
ENSRNOG00000052366	0
ENSRNOG00000052367	0
ENSRNOG00000052368	0.03
ENSRNOG00000052369	0
ENSRNOG00000052370	0
ENSRNOG00000052371	0
ENSRNOG00000052372	0
ENSRNOG00000052373	0
ENSRNOG00000052374	0
ENSRNOG00000052375	0
ENSRNOG00000052376	73.36
ENSRNOG00000052377	0
ENSRNOG00000052378	0
ENSRNOG00000052379	0
ENSRNOG00000052380	0
ENSRNOG00000052381	0
ENSRNOG00000052382	0.6
ENSRNOG00000052383	0
ENSRNOG00000052384	6.96
ENSRNOG00000052385	0
ENSRNOG00000052386	6.34
ENSRNOG00000052387	0
ENSRNOG00000052388	0
ENSRNOG00000052389	0.94
ENSRNOG00000052390	0
ENSRNOG00000052391	10.96
ENSRNOG00000052392	0
ENSRNOG00000052393	37.51
ENSRNOG00000052394	0.26
ENSRNOG00000052395	6.5
ENSRNOG00000052396	0
ENSRNOG00000052397	0
ENSRNOG00000052398	1.66
ENSRNOG00000052399	0
ENSRNOG00000052400	0
ENSRNOG00000052401	0
ENSRNOG00000052402	0
ENSRNOG00000052403	0
ENSRNOG00000052404	0
ENSRNOG00000052405	3.03
ENSRNOG00000052406	4.67
ENSRNOG00000052407	0.83
ENSRNOG00000052408	0
ENSRNOG00000052409	0
ENSRNOG00000052410	0
ENSRNOG00000052411	0
ENSRNOG00000052412	0.1
ENSRNOG00000052413	0
ENSRNOG00000052414	0
ENSRNOG00000052415	5.02
ENSRNOG00000052416	0
ENSRNOG00000052417	0
ENSRNOG00000052418	20.09
ENSRNOG00000052419	6.11
ENSRNOG00000052420	1.06
ENSRNOG00000052421	1.87
ENSRNOG00000052422	0.22
ENSRNOG00000052423	0
ENSRNOG00000052424	4.74
ENSRNOG00000052425	0
ENSRNOG00000052426	0.2
ENSRNOG00000052427	0.37
ENSRNOG00000052428	0
ENSRNOG00000052429	30.22
ENSRNOG00000052430	0
ENSRNOG00000052431	1.28
ENSRNOG00000052432	0
ENSRNOG00000052433	0
ENSRNOG00000052434	0
ENSRNOG00000052435	0
ENSRNOG00000052436	0
ENSRNOG00000052437	0.1
ENSRNOG00000052438	0
ENSRNOG00000052439	0.95
ENSRNOG00000052440	0
ENSRNOG00000052441	0
ENSRNOG00000052442	0
ENSRNOG00000052443	0
ENSRNOG00000052444	5.13
ENSRNOG00000052445	7.7
ENSRNOG00000052446	0
ENSRNOG00000052447	0
ENSRNOG00000052448	0
ENSRNOG00000052449	0
ENSRNOG00000052450	0
ENSRNOG00000052451	0
ENSRNOG00000052452	0
ENSRNOG00000052453	0.18
ENSRNOG00000052454	0
ENSRNOG00000052455	0
ENSRNOG00000052456	0
ENSRNOG00000052457	0
ENSRNOG00000052458	0
ENSRNOG00000052459	58.14
ENSRNOG00000052460	8.25
ENSRNOG00000052461	0.81
ENSRNOG00000052462	0
ENSRNOG00000052463	0
ENSRNOG00000052464	0
ENSRNOG00000052465	0
ENSRNOG00000052466	0.57
ENSRNOG00000052467	0.02
ENSRNOG00000052468	0
ENSRNOG00000052469	23.66
ENSRNOG00000052470	0
ENSRNOG00000052471	0
ENSRNOG00000052472	0
ENSRNOG00000052473	0
ENSRNOG00000052474	0
ENSRNOG00000052475	0.09
ENSRNOG00000052476	0
ENSRNOG00000052477	12.92
ENSRNOG00000052478	0
ENSRNOG00000052479	0
ENSRNOG00000052480	1.77
ENSRNOG00000052481	0
ENSRNOG00000052482	0
ENSRNOG00000052483	0
ENSRNOG00000052484	0
ENSRNOG00000052485	0
ENSRNOG00000052486	51.46
ENSRNOG00000052487	0
ENSRNOG00000052488	0
ENSRNOG00000052489	0.3
ENSRNOG00000052490	0
ENSRNOG00000052491	0.07
ENSRNOG00000052492	0
ENSRNOG00000052493	8.68
ENSRNOG00000052494	0
ENSRNOG00000052495	0
ENSRNOG00000052496	0
ENSRNOG00000052497	0
ENSRNOG00000052498	21.08
ENSRNOG00000052499	3.13
ENSRNOG00000052500	1.33
ENSRNOG00000052501	0
ENSRNOG00000052502	0
ENSRNOG00000052503	0
ENSRNOG00000052504	0
ENSRNOG00000052505	2.27
ENSRNOG00000052506	35.8
ENSRNOG00000052507	0
ENSRNOG00000052508	0
ENSRNOG00000052509	0
ENSRNOG00000052510	0.71
ENSRNOG00000052511	0
ENSRNOG00000052512	0
ENSRNOG00000052513	16.12
ENSRNOG00000052514	2.55
ENSRNOG00000052515	0
ENSRNOG00000052516	0
ENSRNOG00000052517	0
ENSRNOG00000052518	0
ENSRNOG00000052519	1.35
ENSRNOG00000052520	2.77
ENSRNOG00000052521	0
ENSRNOG00000052522	0
ENSRNOG00000052523	0
ENSRNOG00000052524	0.16
ENSRNOG00000052525	0
ENSRNOG00000052526	0
ENSRNOG00000052527	0
ENSRNOG00000052528	1.58
ENSRNOG00000052529	0
ENSRNOG00000052530	0
ENSRNOG00000052531	0
ENSRNOG00000052532	0
ENSRNOG00000052533	0
ENSRNOG00000052534	0
ENSRNOG00000052535	0
ENSRNOG00000052536	0
ENSRNOG00000052537	14.46
ENSRNOG00000052538	0
ENSRNOG00000052539	21.27
ENSRNOG00000052540	8.89
ENSRNOG00000052541	0.82
ENSRNOG00000052542	0
ENSRNOG00000052543	0
ENSRNOG00000052544	0
ENSRNOG00000052545	0
ENSRNOG00000052546	1.41
ENSRNOG00000052547	0
ENSRNOG00000052548	0
ENSRNOG00000052549	84.2
ENSRNOG00000052550	0
ENSRNOG00000052551	0
ENSRNOG00000052552	0
ENSRNOG00000052553	0
ENSRNOG00000052554	2.61
ENSRNOG00000052555	0
ENSRNOG00000052556	0
ENSRNOG00000052557	0
ENSRNOG00000052558	0
ENSRNOG00000052559	0
ENSRNOG00000052560	0
ENSRNOG00000052561	0
ENSRNOG00000052562	0
ENSRNOG00000052563	1.23
ENSRNOG00000052564	16.59
ENSRNOG00000052565	0.94
ENSRNOG00000052566	0
ENSRNOG00000052567	0
ENSRNOG00000052568	0
ENSRNOG00000052569	0.17
ENSRNOG00000052570	0.11
ENSRNOG00000052571	0
ENSRNOG00000052572	4.03
ENSRNOG00000052573	2.43
ENSRNOG00000052574	8.09
ENSRNOG00000052575	0
ENSRNOG00000052576	0
ENSRNOG00000052577	1.52
ENSRNOG00000052578	0
ENSRNOG00000052579	3.01
ENSRNOG00000052580	0
ENSRNOG00000052581	0.43
ENSRNOG00000052582	0
ENSRNOG00000052583	67.81
ENSRNOG00000052584	0
ENSRNOG00000052585	0
ENSRNOG00000052586	1.23
ENSRNOG00000052587	0
ENSRNOG00000052588	0
ENSRNOG00000052589	0
ENSRNOG00000052590	0
ENSRNOG00000052591	0
ENSRNOG00000052592	0
ENSRNOG00000052593	0
ENSRNOG00000052594	0
ENSRNOG00000052595	0
ENSRNOG00000052596	1.13
ENSRNOG00000052597	0
ENSRNOG00000052598	0
ENSRNOG00000052599	0
ENSRNOG00000052600	14.23
ENSRNOG00000052601	0
ENSRNOG00000052602	2.41
ENSRNOG00000052603	0
ENSRNOG00000052604	0
ENSRNOG00000052605	0
ENSRNOG00000052606	0
ENSRNOG00000052607	8.11
ENSRNOG00000052608	0
ENSRNOG00000052609	0
ENSRNOG00000052610	0
ENSRNOG00000052611	0
ENSRNOG00000052612	0
ENSRNOG00000052613	0
ENSRNOG00000052614	0
ENSRNOG00000052615	0
ENSRNOG00000052616	0
ENSRNOG00000052617	0
ENSRNOG00000052618	0
ENSRNOG00000052619	0
ENSRNOG00000052620	69.65
ENSRNOG00000052621	0
ENSRNOG00000052622	0
ENSRNOG00000052623	0
ENSRNOG00000052624	0
ENSRNOG00000052625	0
ENSRNOG00000052626	0
ENSRNOG00000052627	0
ENSRNOG00000052628	0
ENSRNOG00000052629	0
ENSRNOG00000052630	0
ENSRNOG00000052631	0
ENSRNOG00000052632	0
ENSRNOG00000052633	0
ENSRNOG00000052634	1.19
ENSRNOG00000052635	0
ENSRNOG00000052636	0
ENSRNOG00000052637	12.51
ENSRNOG00000052638	0
ENSRNOG00000052639	0
ENSRNOG00000052640	0.34
ENSRNOG00000052641	0.1
ENSRNOG00000052642	0
ENSRNOG00000052643	0
ENSRNOG00000052644	0.5
ENSRNOG00000052645	0
ENSRNOG00000052646	0
ENSRNOG00000052647	1.85
ENSRNOG00000052648	0
ENSRNOG00000052649	0
ENSRNOG00000052650	0
ENSRNOG00000052651	0.09
ENSRNOG00000052652	0
ENSRNOG00000052653	0
ENSRNOG00000052654	0
ENSRNOG00000052655	1.39
ENSRNOG00000052656	0
ENSRNOG00000052657	0
ENSRNOG00000052658	0
ENSRNOG00000052659	0
ENSRNOG00000052660	0
ENSRNOG00000052661	0
ENSRNOG00000052662	0
ENSRNOG00000052663	0
ENSRNOG00000052664	14.02
ENSRNOG00000052665	1.49
ENSRNOG00000052666	0
ENSRNOG00000052667	0.49
ENSRNOG00000052668	0.13
ENSRNOG00000052669	1.06
ENSRNOG00000052670	0
ENSRNOG00000052671	0
ENSRNOG00000052672	0
ENSRNOG00000052673	0.34
ENSRNOG00000052674	0
ENSRNOG00000052675	0
ENSRNOG00000052676	0
ENSRNOG00000052677	0
ENSRNOG00000052678	0
ENSRNOG00000052679	0
ENSRNOG00000052680	0
ENSRNOG00000052681	0
ENSRNOG00000052682	0.06
ENSRNOG00000052683	0
ENSRNOG00000052684	0
ENSRNOG00000052685	0
ENSRNOG00000052686	0.52
ENSRNOG00000052687	17.07
ENSRNOG00000052688	0.79
ENSRNOG00000052689	0.2
ENSRNOG00000052690	0
ENSRNOG00000052691	0
ENSRNOG00000052692	0
ENSRNOG00000052693	0
ENSRNOG00000052694	0
ENSRNOG00000052695	0.81
ENSRNOG00000052696	0
ENSRNOG00000052697	0.21
ENSRNOG00000052698	0
ENSRNOG00000052699	10.36
ENSRNOG00000052700	0
ENSRNOG00000052701	14.23
ENSRNOG00000052702	0.56
ENSRNOG00000052703	1.24
ENSRNOG00000052704	8.49
ENSRNOG00000052705	0.32
ENSRNOG00000052706	0
ENSRNOG00000052707	25.19
ENSRNOG00000052708	0
ENSRNOG00000052709	0
ENSRNOG00000052710	0
ENSRNOG00000052711	0
ENSRNOG00000052712	0
ENSRNOG00000052713	0
ENSRNOG00000052714	8.25
ENSRNOG00000052715	0
ENSRNOG00000052716	0
ENSRNOG00000052717	0
ENSRNOG00000052718	0
ENSRNOG00000052719	0.13
ENSRNOG00000052720	0
ENSRNOG00000052721	6.43
ENSRNOG00000052722	0
ENSRNOG00000052723	0
ENSRNOG00000052724	0.16
ENSRNOG00000052725	43.1
ENSRNOG00000052726	4.48
ENSRNOG00000052727	0
ENSRNOG00000052728	0
ENSRNOG00000052729	0
ENSRNOG00000052730	56.7
ENSRNOG00000052731	0
ENSRNOG00000052732	0.01
ENSRNOG00000052733	0.28
ENSRNOG00000052734	0
ENSRNOG00000052735	0.37
ENSRNOG00000052736	0
ENSRNOG00000052737	0
ENSRNOG00000052738	0
ENSRNOG00000052739	0
ENSRNOG00000052740	0.69
ENSRNOG00000052741	0
ENSRNOG00000052742	0
ENSRNOG00000052743	1.28
ENSRNOG00000052744	0
ENSRNOG00000052745	0.31
ENSRNOG00000052746	0
ENSRNOG00000052747	0
ENSRNOG00000052748	0
ENSRNOG00000052749	0
ENSRNOG00000052750	1.65
ENSRNOG00000052751	0
ENSRNOG00000052752	0
ENSRNOG00000052753	0.3
ENSRNOG00000052754	0
ENSRNOG00000052755	0
ENSRNOG00000052756	0
ENSRNOG00000052757	0.19
ENSRNOG00000052758	39.7
ENSRNOG00000052759	0
ENSRNOG00000052760	1.02
ENSRNOG00000052761	0.7
ENSRNOG00000052762	0
ENSRNOG00000052763	0
ENSRNOG00000052764	0.2
ENSRNOG00000052765	0
ENSRNOG00000052766	0
ENSRNOG00000052767	0.5
ENSRNOG00000052768	0
ENSRNOG00000052769	0
ENSRNOG00000052770	1.99
ENSRNOG00000052771	4.42
ENSRNOG00000052772	0
ENSRNOG00000052773	0.07
ENSRNOG00000052774	1.48
ENSRNOG00000052775	13.7
ENSRNOG00000052776	1.26
ENSRNOG00000052777	0
ENSRNOG00000052778	0.11
ENSRNOG00000052779	0
ENSRNOG00000052780	0
ENSRNOG00000052781	0
ENSRNOG00000052782	0.44
ENSRNOG00000052783	0.72
ENSRNOG00000052784	0
ENSRNOG00000052785	12.52
ENSRNOG00000052786	0
ENSRNOG00000052787	27.28
ENSRNOG00000052788	0
ENSRNOG00000052789	0.17
ENSRNOG00000052790	0
ENSRNOG00000052791	0
ENSRNOG00000052792	0
ENSRNOG00000052793	0
ENSRNOG00000052794	0
ENSRNOG00000052795	1.74
ENSRNOG00000052796	0
ENSRNOG00000052797	0
ENSRNOG00000052798	0
ENSRNOG00000052799	0
ENSRNOG00000052800	0
ENSRNOG00000052801	0
ENSRNOG00000052802	697.45
ENSRNOG00000052803	0
ENSRNOG00000052804	0
ENSRNOG00000052805	0
ENSRNOG00000052806	0
ENSRNOG00000052807	0
ENSRNOG00000052808	0
ENSRNOG00000052809	0
ENSRNOG00000052810	0
ENSRNOG00000052811	0.2
ENSRNOG00000052812	0
ENSRNOG00000052813	0
ENSRNOG00000052814	8.44
ENSRNOG00000052815	0
ENSRNOG00000052816	0
ENSRNOG00000052817	0.14
ENSRNOG00000052818	0.64
ENSRNOG00000052819	0
ENSRNOG00000052820	0
ENSRNOG00000052821	0.2
ENSRNOG00000052822	0
ENSRNOG00000052823	0
ENSRNOG00000052824	0
ENSRNOG00000052825	0.13
ENSRNOG00000052826	1.8
ENSRNOG00000052827	0
ENSRNOG00000052828	0
ENSRNOG00000052829	0
ENSRNOG00000052830	0
ENSRNOG00000052831	14.83
ENSRNOG00000052832	0
ENSRNOG00000052833	0.45
ENSRNOG00000052834	0
ENSRNOG00000052835	0
ENSRNOG00000052836	0
ENSRNOG00000052837	0.02
ENSRNOG00000052838	0.6
ENSRNOG00000052839	0
ENSRNOG00000052840	17.01
ENSRNOG00000052841	0
ENSRNOG00000052842	0
ENSRNOG00000052843	0
ENSRNOG00000052844	0.07
ENSRNOG00000052845	0
ENSRNOG00000052846	0
ENSRNOG00000052847	0.09
ENSRNOG00000052848	0
ENSRNOG00000052849	0
ENSRNOG00000052850	0
ENSRNOG00000052851	0
ENSRNOG00000052852	0
ENSRNOG00000052853	0
ENSRNOG00000052854	0.05
ENSRNOG00000052855	0
ENSRNOG00000052856	0
ENSRNOG00000052857	0
ENSRNOG00000052858	0
ENSRNOG00000052859	0.16
ENSRNOG00000052860	1.01
ENSRNOG00000052861	0
ENSRNOG00000052862	0.22
ENSRNOG00000052863	0
ENSRNOG00000052864	0
ENSRNOG00000052865	0
ENSRNOG00000052866	0
ENSRNOG00000052867	0
ENSRNOG00000052868	0.21
ENSRNOG00000052869	4.81
ENSRNOG00000052870	0.64
ENSRNOG00000052871	0
ENSRNOG00000052872	0
ENSRNOG00000052873	1.22
ENSRNOG00000052874	1.05
ENSRNOG00000052875	0.51
ENSRNOG00000052876	0
ENSRNOG00000052877	0
ENSRNOG00000052878	0
ENSRNOG00000052879	0
ENSRNOG00000052880	1.95
ENSRNOG00000052881	0
ENSRNOG00000052882	0
ENSRNOG00000052883	0
ENSRNOG00000052884	0
ENSRNOG00000052885	0
ENSRNOG00000052886	1.12
ENSRNOG00000052887	60.95
ENSRNOG00000052888	0
ENSRNOG00000052889	0
ENSRNOG00000052890	0
ENSRNOG00000052891	0
ENSRNOG00000052892	0
ENSRNOG00000052893	0.25
ENSRNOG00000052894	9.97
ENSRNOG00000052895	0
ENSRNOG00000052896	0
ENSRNOG00000052897	0
ENSRNOG00000052898	0
ENSRNOG00000052899	2.7
ENSRNOG00000052900	0
ENSRNOG00000052901	0
ENSRNOG00000052902	0.62
ENSRNOG00000052903	0
ENSRNOG00000052904	0
ENSRNOG00000052905	0
ENSRNOG00000052906	0
ENSRNOG00000052907	0
ENSRNOG00000052908	0
ENSRNOG00000052909	0
ENSRNOG00000052910	0
ENSRNOG00000052911	0
ENSRNOG00000052912	0.74
ENSRNOG00000052913	0
ENSRNOG00000052914	0.93
ENSRNOG00000052915	0
ENSRNOG00000052916	0.04
ENSRNOG00000052917	0
ENSRNOG00000052918	0.27
ENSRNOG00000052919	0
ENSRNOG00000052920	0
ENSRNOG00000052921	0.08
ENSRNOG00000052922	0
ENSRNOG00000052923	0
ENSRNOG00000052924	0
ENSRNOG00000052925	0
ENSRNOG00000052926	0
ENSRNOG00000052927	0
ENSRNOG00000052928	0
ENSRNOG00000052929	0.22
ENSRNOG00000052930	0
ENSRNOG00000052931	0
ENSRNOG00000052932	0
ENSRNOG00000052933	0
ENSRNOG00000052934	12.21
ENSRNOG00000052935	0
ENSRNOG00000052936	0
ENSRNOG00000052937	0
ENSRNOG00000052938	0
ENSRNOG00000052939	0
ENSRNOG00000052940	0.37
ENSRNOG00000052941	0
ENSRNOG00000052942	0
ENSRNOG00000052943	0
ENSRNOG00000052944	0.58
ENSRNOG00000052945	18.21
ENSRNOG00000052946	0
ENSRNOG00000052947	0
ENSRNOG00000052948	0
ENSRNOG00000052949	0
ENSRNOG00000052950	0
ENSRNOG00000052951	0
ENSRNOG00000052952	1.77
ENSRNOG00000052953	0
ENSRNOG00000052954	0.67
ENSRNOG00000052955	3.96
ENSRNOG00000052956	0
ENSRNOG00000052957	0
ENSRNOG00000052958	0
ENSRNOG00000052959	6.02
ENSRNOG00000052960	0
ENSRNOG00000052961	0
ENSRNOG00000052962	0
ENSRNOG00000052963	24.76
ENSRNOG00000052964	0
ENSRNOG00000052965	0
ENSRNOG00000052966	0
ENSRNOG00000052967	0
ENSRNOG00000052968	71.12
ENSRNOG00000052969	0
ENSRNOG00000052970	0
ENSRNOG00000052971	0.16
ENSRNOG00000052972	0
ENSRNOG00000052973	0.17
ENSRNOG00000052974	0
ENSRNOG00000052975	0
ENSRNOG00000052976	0
ENSRNOG00000052977	0
ENSRNOG00000052978	0
ENSRNOG00000052979	0
ENSRNOG00000052980	0.04
ENSRNOG00000052981	2.13
ENSRNOG00000052982	0
ENSRNOG00000052983	0
ENSRNOG00000052984	0
ENSRNOG00000052985	0
ENSRNOG00000052986	0
ENSRNOG00000052987	0
ENSRNOG00000052988	0
ENSRNOG00000052989	0
ENSRNOG00000052990	21.99
ENSRNOG00000052991	0
ENSRNOG00000052992	0
ENSRNOG00000052993	0
ENSRNOG00000052994	0
ENSRNOG00000052995	0
ENSRNOG00000052996	0
ENSRNOG00000052997	0
ENSRNOG00000052998	0
ENSRNOG00000052999	1.84
ENSRNOG00000053000	0.55
ENSRNOG00000053001	0
ENSRNOG00000053002	0
ENSRNOG00000053003	0
ENSRNOG00000053004	0
ENSRNOG00000053005	0.8
ENSRNOG00000053006	0
ENSRNOG00000053007	27.36
ENSRNOG00000053008	0
ENSRNOG00000053009	0
ENSRNOG00000053010	0.11
ENSRNOG00000053011	10.39
ENSRNOG00000053012	0
ENSRNOG00000053013	0
ENSRNOG00000053014	0.09
ENSRNOG00000053015	1.21
ENSRNOG00000053016	0
ENSRNOG00000053017	1.25
ENSRNOG00000053018	0
ENSRNOG00000053019	0
ENSRNOG00000053020	0
ENSRNOG00000053021	0
ENSRNOG00000053022	0
ENSRNOG00000053023	19.68
ENSRNOG00000053024	0
ENSRNOG00000053025	6.84
ENSRNOG00000053026	0.62
ENSRNOG00000053027	0
ENSRNOG00000053028	0
ENSRNOG00000053029	0
ENSRNOG00000053030	0.4
ENSRNOG00000053031	0
ENSRNOG00000053032	0.23
ENSRNOG00000053033	0
ENSRNOG00000053034	0.14
ENSRNOG00000053035	0.05
ENSRNOG00000053036	2.28
ENSRNOG00000053037	0.01
ENSRNOG00000053038	0
ENSRNOG00000053039	0.83
ENSRNOG00000053040	21.63
ENSRNOG00000053041	0
ENSRNOG00000053042	0
ENSRNOG00000053043	0
ENSRNOG00000053044	0
ENSRNOG00000053045	9.94
ENSRNOG00000053046	0
ENSRNOG00000053047	0.44
ENSRNOG00000053048	0.16
ENSRNOG00000053049	0
ENSRNOG00000053050	0
ENSRNOG00000053051	0
ENSRNOG00000053052	0.07
ENSRNOG00000053053	0.57
ENSRNOG00000053054	0.81
ENSRNOG00000053055	0.03
ENSRNOG00000053056	0.23
ENSRNOG00000053057	0.08
ENSRNOG00000053058	0.16
ENSRNOG00000053059	0.03
ENSRNOG00000053060	15.19
ENSRNOG00000053061	16.35
ENSRNOG00000053062	0
ENSRNOG00000053063	0
ENSRNOG00000053064	2.52
ENSRNOG00000053065	0
ENSRNOG00000053066	0
ENSRNOG00000053067	0.8
ENSRNOG00000053068	0
ENSRNOG00000053069	0
ENSRNOG00000053070	26.85
ENSRNOG00000053071	8.56
ENSRNOG00000053072	0
ENSRNOG00000053073	0
ENSRNOG00000053074	0
ENSRNOG00000053075	13.43
ENSRNOG00000053076	0
ENSRNOG00000053077	0
ENSRNOG00000053078	0.48
ENSRNOG00000053079	0.38
ENSRNOG00000053080	0
ENSRNOG00000053081	0.47
ENSRNOG00000053082	0
ENSRNOG00000053083	0.46
ENSRNOG00000053084	12.26
ENSRNOG00000053085	4.19
ENSRNOG00000053086	532.39
ENSRNOG00000053087	0
ENSRNOG00000053088	1.86
ENSRNOG00000053089	0.98
ENSRNOG00000053090	0
ENSRNOG00000053091	0.07
ENSRNOG00000053092	0
ENSRNOG00000053093	0
ENSRNOG00000053094	0
ENSRNOG00000053095	0
ENSRNOG00000053096	0.04
ENSRNOG00000053097	0
ENSRNOG00000053098	0
ENSRNOG00000053099	0
ENSRNOG00000053100	0
ENSRNOG00000053101	0
ENSRNOG00000053102	0.21
ENSRNOG00000053103	0
ENSRNOG00000053104	0
ENSRNOG00000053105	0
ENSRNOG00000053106	0
ENSRNOG00000053107	0
ENSRNOG00000053108	0
ENSRNOG00000053109	0
ENSRNOG00000053110	6.71
ENSRNOG00000053111	0
ENSRNOG00000053112	4.65
ENSRNOG00000053113	0.6
ENSRNOG00000053114	0
ENSRNOG00000053115	0.11
ENSRNOG00000053116	0
ENSRNOG00000053117	0
ENSRNOG00000053118	0.09
ENSRNOG00000053119	0
ENSRNOG00000053120	0
ENSRNOG00000053121	0
ENSRNOG00000053122	15.73
ENSRNOG00000053123	0
ENSRNOG00000053124	0
ENSRNOG00000053125	0
ENSRNOG00000053126	0.26
ENSRNOG00000053127	0
ENSRNOG00000053128	0
ENSRNOG00000053129	0
ENSRNOG00000053130	0
ENSRNOG00000053131	0
ENSRNOG00000053132	1.22
ENSRNOG00000053133	0
ENSRNOG00000053134	0
ENSRNOG00000053135	0
ENSRNOG00000053136	0.64
ENSRNOG00000053137	0
ENSRNOG00000053138	0.45
ENSRNOG00000053139	0
ENSRNOG00000053140	0.07
ENSRNOG00000053141	0.48
ENSRNOG00000053142	0
ENSRNOG00000053143	0
ENSRNOG00000053144	0
ENSRNOG00000053145	7.46
ENSRNOG00000053146	0
ENSRNOG00000053147	1.55
ENSRNOG00000053148	0
ENSRNOG00000053149	0
ENSRNOG00000053150	0
ENSRNOG00000053151	0
ENSRNOG00000053152	0
ENSRNOG00000053153	0
ENSRNOG00000053154	0
ENSRNOG00000053155	0.31
ENSRNOG00000053156	0
ENSRNOG00000053157	0
ENSRNOG00000053158	0
ENSRNOG00000053159	0.15
ENSRNOG00000053160	5.19
ENSRNOG00000053161	0
ENSRNOG00000053162	0
ENSRNOG00000053163	0
ENSRNOG00000053164	3.36
ENSRNOG00000053165	0
ENSRNOG00000053166	0
ENSRNOG00000053167	0.64
ENSRNOG00000053168	3.75
ENSRNOG00000053169	0
ENSRNOG00000053170	0
ENSRNOG00000053171	0
ENSRNOG00000053172	27.2
ENSRNOG00000053173	0
ENSRNOG00000053174	0
ENSRNOG00000053175	0
ENSRNOG00000053176	0
ENSRNOG00000053177	0
ENSRNOG00000053178	0.1
ENSRNOG00000053179	1.78
ENSRNOG00000053180	0
ENSRNOG00000053181	0
ENSRNOG00000053182	0
ENSRNOG00000053183	0
ENSRNOG00000053184	3.19
ENSRNOG00000053185	2.54
ENSRNOG00000053186	0
ENSRNOG00000053187	0
ENSRNOG00000053188	0
ENSRNOG00000053189	0
ENSRNOG00000053190	0
ENSRNOG00000053191	0
ENSRNOG00000053192	0
ENSRNOG00000053193	0
ENSRNOG00000053194	0
ENSRNOG00000053195	0
ENSRNOG00000053196	132.47
ENSRNOG00000053197	0.17
ENSRNOG00000053198	0
ENSRNOG00000053199	0
ENSRNOG00000053200	31.05
ENSRNOG00000053201	31.03
ENSRNOG00000053202	0.68
ENSRNOG00000053203	18.75
ENSRNOG00000053204	0
ENSRNOG00000053205	6.06
ENSRNOG00000053206	1.94
ENSRNOG00000053207	0
ENSRNOG00000053208	0
ENSRNOG00000053209	0
ENSRNOG00000053210	47.92
ENSRNOG00000053211	0
ENSRNOG00000053212	0
ENSRNOG00000053213	0
ENSRNOG00000053214	0
ENSRNOG00000053215	0
ENSRNOG00000053216	0
ENSRNOG00000053217	0
ENSRNOG00000053218	0
ENSRNOG00000053219	0
ENSRNOG00000053220	0
ENSRNOG00000053221	0.27
ENSRNOG00000053222	0.18
ENSRNOG00000053223	2.27
ENSRNOG00000053224	1.22
ENSRNOG00000053225	0
ENSRNOG00000053226	0
ENSRNOG00000053227	0
ENSRNOG00000053228	0
ENSRNOG00000053229	6.05
ENSRNOG00000053230	15.55
ENSRNOG00000053231	0
ENSRNOG00000053232	0.82
ENSRNOG00000053233	0.11
ENSRNOG00000053234	16.08
ENSRNOG00000053235	0.62
ENSRNOG00000053236	0
ENSRNOG00000053237	0
ENSRNOG00000053238	0
ENSRNOG00000053239	6.34
ENSRNOG00000053240	12.97
ENSRNOG00000053241	0
ENSRNOG00000053242	0.3
ENSRNOG00000053243	0
ENSRNOG00000053244	0
ENSRNOG00000053245	0
ENSRNOG00000053246	0
ENSRNOG00000053247	3.37
ENSRNOG00000053248	0
ENSRNOG00000053249	0
ENSRNOG00000053250	0.1
ENSRNOG00000053251	0.64
ENSRNOG00000053252	0
ENSRNOG00000053253	0.87
ENSRNOG00000053254	0
ENSRNOG00000053255	0
ENSRNOG00000053256	0
ENSRNOG00000053257	0
ENSRNOG00000053258	64.29
ENSRNOG00000053259	3.05
ENSRNOG00000053260	0.95
ENSRNOG00000053261	0
ENSRNOG00000053262	0
ENSRNOG00000053263	0
ENSRNOG00000053264	0
ENSRNOG00000053265	0
ENSRNOG00000053266	0
ENSRNOG00000053267	0
ENSRNOG00000053268	0
ENSRNOG00000053269	17.97
ENSRNOG00000053270	2.64
ENSRNOG00000053271	0
ENSRNOG00000053272	42.81
ENSRNOG00000053273	0.87
ENSRNOG00000053274	0
ENSRNOG00000053275	0
ENSRNOG00000053276	0
ENSRNOG00000053277	0
ENSRNOG00000053278	0
ENSRNOG00000053279	0
ENSRNOG00000053280	0
ENSRNOG00000053281	0
ENSRNOG00000053282	0
ENSRNOG00000053283	0
ENSRNOG00000053284	0
ENSRNOG00000053285	25.53
ENSRNOG00000053286	0.29
ENSRNOG00000053287	0
ENSRNOG00000053288	69.64
ENSRNOG00000053289	0
ENSRNOG00000053290	1.17
ENSRNOG00000053291	1.11
ENSRNOG00000053292	0
ENSRNOG00000053293	0
ENSRNOG00000053294	0
ENSRNOG00000053295	0
ENSRNOG00000053296	4.4
ENSRNOG00000053297	0.75
ENSRNOG00000053298	0
ENSRNOG00000053299	0
ENSRNOG00000053300	10.87
ENSRNOG00000053301	0
ENSRNOG00000053302	0
ENSRNOG00000053303	1.98
ENSRNOG00000053304	0
ENSRNOG00000053305	0
ENSRNOG00000053306	12.97
ENSRNOG00000053307	0
ENSRNOG00000053308	0
ENSRNOG00000053309	2.49
ENSRNOG00000053310	0
ENSRNOG00000053311	0.05
ENSRNOG00000053312	0
ENSRNOG00000053313	0
ENSRNOG00000053314	0
ENSRNOG00000053315	0
ENSRNOG00000053316	0
ENSRNOG00000053317	0.26
ENSRNOG00000053318	0
ENSRNOG00000053319	0
ENSRNOG00000053320	0
ENSRNOG00000053321	0
ENSRNOG00000053322	0
ENSRNOG00000053323	0
ENSRNOG00000053324	0
ENSRNOG00000053325	0.15
ENSRNOG00000053326	3.5
ENSRNOG00000053327	0
ENSRNOG00000053328	1.28
ENSRNOG00000053329	0
ENSRNOG00000053330	0
ENSRNOG00000053331	0.2
ENSRNOG00000053332	0.06
ENSRNOG00000053333	5.47
ENSRNOG00000053334	242.59
ENSRNOG00000053335	0
ENSRNOG00000053336	0
ENSRNOG00000053337	0.48
ENSRNOG00000053338	0
ENSRNOG00000053339	7.02
ENSRNOG00000053340	0
ENSRNOG00000053341	0.41
ENSRNOG00000053342	0.08
ENSRNOG00000053343	0
ENSRNOG00000053344	0.77
ENSRNOG00000053345	0
ENSRNOG00000053346	0
ENSRNOG00000053347	9.87
ENSRNOG00000053348	0
ENSRNOG00000053349	0.58
ENSRNOG00000053350	0
ENSRNOG00000053351	0
ENSRNOG00000053352	0
ENSRNOG00000053353	0
ENSRNOG00000053354	0
ENSRNOG00000053355	0
ENSRNOG00000053356	0
ENSRNOG00000053357	0
ENSRNOG00000053358	0
ENSRNOG00000053359	0
ENSRNOG00000053360	0
ENSRNOG00000053361	0
ENSRNOG00000053362	267.91
ENSRNOG00000053363	0
ENSRNOG00000053364	0
ENSRNOG00000053365	0
ENSRNOG00000053366	3.14
ENSRNOG00000053367	1.58
ENSRNOG00000053368	0
ENSRNOG00000053369	0
ENSRNOG00000053370	7.47
ENSRNOG00000053371	1.12
ENSRNOG00000053372	0
ENSRNOG00000053373	0.09
ENSRNOG00000053374	0
ENSRNOG00000053375	0
ENSRNOG00000053376	0
ENSRNOG00000053377	0
ENSRNOG00000053378	0
ENSRNOG00000053379	0
ENSRNOG00000053380	0
ENSRNOG00000053381	0
ENSRNOG00000053382	0
ENSRNOG00000053383	0
ENSRNOG00000053384	0.76
ENSRNOG00000053385	0
ENSRNOG00000053386	0
ENSRNOG00000053387	1.36
ENSRNOG00000053388	0.16
ENSRNOG00000053389	0
ENSRNOG00000053390	0
ENSRNOG00000053391	0.06
ENSRNOG00000053392	0
ENSRNOG00000053393	0.29
ENSRNOG00000053394	0
ENSRNOG00000053395	0
ENSRNOG00000053396	0
ENSRNOG00000053397	0
ENSRNOG00000053398	0
ENSRNOG00000053399	0
ENSRNOG00000053400	0.18
ENSRNOG00000053401	0
ENSRNOG00000053402	0.3
ENSRNOG00000053403	0
ENSRNOG00000053404	0.44
ENSRNOG00000053405	28.53
ENSRNOG00000053406	1.35
ENSRNOG00000053407	0
ENSRNOG00000053408	0
ENSRNOG00000053409	4.03
ENSRNOG00000053410	0.81
ENSRNOG00000053411	0
ENSRNOG00000053412	0
ENSRNOG00000053413	0
ENSRNOG00000053414	0
ENSRNOG00000053415	0
ENSRNOG00000053416	0
ENSRNOG00000053417	0
ENSRNOG00000053418	0
ENSRNOG00000053419	0
ENSRNOG00000053420	0.51
ENSRNOG00000053421	0
ENSRNOG00000053422	0
ENSRNOG00000053423	0
ENSRNOG00000053424	3.76
ENSRNOG00000053425	0
ENSRNOG00000053426	0
ENSRNOG00000053427	0
ENSRNOG00000053428	23.49
ENSRNOG00000053429	0
ENSRNOG00000053430	1.46
ENSRNOG00000053431	0
ENSRNOG00000053432	0
ENSRNOG00000053433	0
ENSRNOG00000053434	0
ENSRNOG00000053435	0
ENSRNOG00000053436	0
ENSRNOG00000053437	59.31
ENSRNOG00000053438	2.3
ENSRNOG00000053439	1.55
ENSRNOG00000053440	0
ENSRNOG00000053441	0
ENSRNOG00000053442	0
ENSRNOG00000053443	0
ENSRNOG00000053444	0
ENSRNOG00000053445	0
ENSRNOG00000053446	0
ENSRNOG00000053447	0
ENSRNOG00000053448	0.63
ENSRNOG00000053449	0.62
ENSRNOG00000053450	16.53
ENSRNOG00000053451	0
ENSRNOG00000053452	283.14
ENSRNOG00000053453	0
ENSRNOG00000053454	0
ENSRNOG00000053455	0
ENSRNOG00000053456	41.37
ENSRNOG00000053457	0
ENSRNOG00000053458	0
ENSRNOG00000053459	0
ENSRNOG00000053460	6.34
ENSRNOG00000053461	0
ENSRNOG00000053462	1.44
ENSRNOG00000053463	0
ENSRNOG00000053464	0
ENSRNOG00000053465	0
ENSRNOG00000053466	0
ENSRNOG00000053467	0
ENSRNOG00000053468	122.08
ENSRNOG00000053469	5.28
ENSRNOG00000053470	0
ENSRNOG00000053471	0
ENSRNOG00000053472	0.54
ENSRNOG00000053473	0
ENSRNOG00000053474	1.34
ENSRNOG00000053475	0
ENSRNOG00000053476	0.07
ENSRNOG00000053477	0
ENSRNOG00000053478	0
ENSRNOG00000053479	155.74
ENSRNOG00000053480	5.9
ENSRNOG00000053481	0.03
ENSRNOG00000053482	0
ENSRNOG00000053483	0
ENSRNOG00000053484	0
ENSRNOG00000053485	0
ENSRNOG00000053486	0
ENSRNOG00000053487	0
ENSRNOG00000053488	0
ENSRNOG00000053489	0
ENSRNOG00000053490	0
ENSRNOG00000053491	0.59
ENSRNOG00000053492	0
ENSRNOG00000053493	0
ENSRNOG00000053494	0.06
ENSRNOG00000053495	0
ENSRNOG00000053496	0.13
ENSRNOG00000053497	0
ENSRNOG00000053498	0.26
ENSRNOG00000053499	0
ENSRNOG00000053500	0
ENSRNOG00000053501	0
ENSRNOG00000053502	24.99
ENSRNOG00000053503	0
ENSRNOG00000053504	0
ENSRNOG00000053505	0
ENSRNOG00000053506	0
ENSRNOG00000053507	0
ENSRNOG00000053508	0
ENSRNOG00000053509	2.27
ENSRNOG00000053510	8.32
ENSRNOG00000053511	0
ENSRNOG00000053512	0
ENSRNOG00000053513	0
ENSRNOG00000053514	0
ENSRNOG00000053515	0
ENSRNOG00000053516	0
ENSRNOG00000053517	0
ENSRNOG00000053518	17.02
ENSRNOG00000053519	0
ENSRNOG00000053520	0
ENSRNOG00000053521	0
ENSRNOG00000053522	0
ENSRNOG00000053523	0
ENSRNOG00000053524	0
ENSRNOG00000053525	0
ENSRNOG00000053526	0
ENSRNOG00000053527	0
ENSRNOG00000053528	0
ENSRNOG00000053529	11.51
ENSRNOG00000053530	0
ENSRNOG00000053531	0
ENSRNOG00000053532	0
ENSRNOG00000053533	0
ENSRNOG00000053534	0.5
ENSRNOG00000053535	0
ENSRNOG00000053536	0
ENSRNOG00000053537	29.99
ENSRNOG00000053538	0
ENSRNOG00000053539	0
ENSRNOG00000053540	0
ENSRNOG00000053541	0
ENSRNOG00000053542	0
ENSRNOG00000053543	0
ENSRNOG00000053544	0
ENSRNOG00000053545	0
ENSRNOG00000053546	0.74
ENSRNOG00000053547	0.64
ENSRNOG00000053548	0
ENSRNOG00000053549	0
ENSRNOG00000053550	1.58
ENSRNOG00000053551	0
ENSRNOG00000053552	0
ENSRNOG00000053553	0
ENSRNOG00000053554	0
ENSRNOG00000053555	0
ENSRNOG00000053556	0
ENSRNOG00000053557	47.27
ENSRNOG00000053558	0
ENSRNOG00000053559	0
ENSRNOG00000053560	43.63
ENSRNOG00000053561	0
ENSRNOG00000053562	5.42
ENSRNOG00000053563	0
ENSRNOG00000053564	0.44
ENSRNOG00000053565	0
ENSRNOG00000053566	3.69
ENSRNOG00000053567	0
ENSRNOG00000053568	0
ENSRNOG00000053569	0
ENSRNOG00000053570	10.04
ENSRNOG00000053571	0
ENSRNOG00000053572	0.2
ENSRNOG00000053573	0
ENSRNOG00000053574	3.37
ENSRNOG00000053575	0.27
ENSRNOG00000053576	1.32
ENSRNOG00000053577	32.49
ENSRNOG00000053578	1.79
ENSRNOG00000053579	0
ENSRNOG00000053580	0.18
ENSRNOG00000053581	0
ENSRNOG00000053582	17.28
ENSRNOG00000053583	96.79
ENSRNOG00000053584	0
ENSRNOG00000053585	0
ENSRNOG00000053586	5.86
ENSRNOG00000053587	0
ENSRNOG00000053588	0.7
ENSRNOG00000053589	1.07
ENSRNOG00000053590	0
ENSRNOG00000053591	0
ENSRNOG00000053592	2.21
ENSRNOG00000053593	0
ENSRNOG00000053594	0
ENSRNOG00000053595	0
ENSRNOG00000053596	0
ENSRNOG00000053597	0
ENSRNOG00000053598	0.08
ENSRNOG00000053599	12.67
ENSRNOG00000053600	0
ENSRNOG00000053601	0
ENSRNOG00000053602	0
ENSRNOG00000053603	0
ENSRNOG00000053604	2.35
ENSRNOG00000053605	0
ENSRNOG00000053606	7.84
ENSRNOG00000053607	10.13
ENSRNOG00000053608	0
ENSRNOG00000053609	0
ENSRNOG00000053610	0
ENSRNOG00000053611	0
ENSRNOG00000053612	0
ENSRNOG00000053613	0
ENSRNOG00000053614	2.01
ENSRNOG00000053615	9.29
ENSRNOG00000053616	0
ENSRNOG00000053617	0
ENSRNOG00000053618	0
ENSRNOG00000053619	0
ENSRNOG00000053620	0.04
ENSRNOG00000053621	8.41
ENSRNOG00000053622	6.36
ENSRNOG00000053623	2.29
ENSRNOG00000053624	1.18
ENSRNOG00000053625	0
ENSRNOG00000053626	0
ENSRNOG00000053627	0
ENSRNOG00000053628	1.31
ENSRNOG00000053629	0
ENSRNOG00000053630	2.58
ENSRNOG00000053631	0.34
ENSRNOG00000053632	0
ENSRNOG00000053633	0
ENSRNOG00000053634	0
ENSRNOG00000053635	5.62
ENSRNOG00000053636	0
ENSRNOG00000053637	0.48
ENSRNOG00000053638	0.03
ENSRNOG00000053639	0
ENSRNOG00000053640	1.54
ENSRNOG00000053641	0
ENSRNOG00000053642	0.76
ENSRNOG00000053643	0.12
ENSRNOG00000053644	0
ENSRNOG00000053645	1.97
ENSRNOG00000053646	0
ENSRNOG00000053647	0.15
ENSRNOG00000053648	0
ENSRNOG00000053649	1.12
ENSRNOG00000053650	0
ENSRNOG00000053651	0.95
ENSRNOG00000053652	0
ENSRNOG00000053653	0
ENSRNOG00000053654	1.14
ENSRNOG00000053655	0
ENSRNOG00000053656	0
ENSRNOG00000053657	0
ENSRNOG00000053658	0.26
ENSRNOG00000053659	52.41
ENSRNOG00000053660	0.83
ENSRNOG00000053661	0
ENSRNOG00000053662	0.1
ENSRNOG00000053663	0
ENSRNOG00000053664	0
ENSRNOG00000053665	0
ENSRNOG00000053666	0
ENSRNOG00000053667	0
ENSRNOG00000053668	0.42
ENSRNOG00000053669	0
ENSRNOG00000053670	1.11
ENSRNOG00000053671	0
ENSRNOG00000053672	0
ENSRNOG00000053673	0
ENSRNOG00000053674	0.92
ENSRNOG00000053675	0.16
ENSRNOG00000053676	0
ENSRNOG00000053677	0
ENSRNOG00000053678	0
ENSRNOG00000053679	1.05
ENSRNOG00000053680	18.72
ENSRNOG00000053681	0
ENSRNOG00000053682	0
ENSRNOG00000053683	0.33
ENSRNOG00000053684	0
ENSRNOG00000053685	0.43
ENSRNOG00000053686	0
ENSRNOG00000053687	1.33
ENSRNOG00000053688	0.5
ENSRNOG00000053689	0
ENSRNOG00000053690	0
ENSRNOG00000053691	1.67
ENSRNOG00000053692	0
ENSRNOG00000053693	0
ENSRNOG00000053694	0
ENSRNOG00000053695	0
ENSRNOG00000053696	0
ENSRNOG00000053697	0
ENSRNOG00000053698	0
ENSRNOG00000053699	4.16
ENSRNOG00000053700	0
ENSRNOG00000053701	0.9
ENSRNOG00000053702	0
ENSRNOG00000053703	0.48
ENSRNOG00000053704	0
ENSRNOG00000053705	0
ENSRNOG00000053706	8.46
ENSRNOG00000053707	0
ENSRNOG00000053708	0.06
ENSRNOG00000053709	0
ENSRNOG00000053710	0
ENSRNOG00000053711	0
ENSRNOG00000053712	6.33
ENSRNOG00000053713	0
ENSRNOG00000053714	0
ENSRNOG00000053715	0
ENSRNOG00000053716	0
ENSRNOG00000053717	0
ENSRNOG00000053718	0
ENSRNOG00000053719	0
ENSRNOG00000053720	1.51
ENSRNOG00000053721	0
ENSRNOG00000053722	0.05
ENSRNOG00000053723	0
ENSRNOG00000053724	0
ENSRNOG00000053725	59.96
ENSRNOG00000053726	2.1
ENSRNOG00000053727	0
ENSRNOG00000053728	0.3
ENSRNOG00000053729	15.07
ENSRNOG00000053730	0
ENSRNOG00000053731	0
ENSRNOG00000053732	0
ENSRNOG00000053733	0
ENSRNOG00000053734	0
ENSRNOG00000053735	2.59
ENSRNOG00000053736	0
ENSRNOG00000053737	0.23
ENSRNOG00000053738	0
ENSRNOG00000053739	0
ENSRNOG00000053740	0
ENSRNOG00000053741	0.04
ENSRNOG00000053742	0
ENSRNOG00000053743	0
ENSRNOG00000053744	11.21
ENSRNOG00000053745	0
ENSRNOG00000053746	0
ENSRNOG00000053747	0.13
ENSRNOG00000053748	0
ENSRNOG00000053749	0
ENSRNOG00000053750	0.49
ENSRNOG00000053751	9.59
ENSRNOG00000053752	0
ENSRNOG00000053753	0.79
ENSRNOG00000053754	0
ENSRNOG00000053755	0
ENSRNOG00000053756	0.15
ENSRNOG00000053757	1.95
ENSRNOG00000053758	1.37
ENSRNOG00000053759	0
ENSRNOG00000053760	0
ENSRNOG00000053761	0
ENSRNOG00000053762	0
ENSRNOG00000053763	0
ENSRNOG00000053764	1.52
ENSRNOG00000053765	0
ENSRNOG00000053766	34.02
ENSRNOG00000053767	0
ENSRNOG00000053768	0
ENSRNOG00000053769	0.03
ENSRNOG00000053770	1.97
ENSRNOG00000053771	0
ENSRNOG00000053772	0.05
ENSRNOG00000053773	0.38
ENSRNOG00000053774	0
ENSRNOG00000053775	0
ENSRNOG00000053776	0
ENSRNOG00000053777	0
ENSRNOG00000053778	0.04
ENSRNOG00000053779	0
ENSRNOG00000053780	0
ENSRNOG00000053781	0
ENSRNOG00000053782	0.23
ENSRNOG00000053783	0
ENSRNOG00000053784	0
ENSRNOG00000053785	0
ENSRNOG00000053786	0
ENSRNOG00000053787	2.14
ENSRNOG00000053788	0
ENSRNOG00000053789	0
ENSRNOG00000053790	1.26
ENSRNOG00000053791	0
ENSRNOG00000053792	0
ENSRNOG00000053793	0
ENSRNOG00000053794	0
ENSRNOG00000053795	14.32
ENSRNOG00000053796	0
ENSRNOG00000053797	0
ENSRNOG00000053798	0
ENSRNOG00000053799	0
ENSRNOG00000053800	0
ENSRNOG00000053801	0
ENSRNOG00000053802	0
ENSRNOG00000053803	5.57
ENSRNOG00000053804	25.67
ENSRNOG00000053805	2.86
ENSRNOG00000053806	0
ENSRNOG00000053807	0
ENSRNOG00000053808	0
ENSRNOG00000053809	0
ENSRNOG00000053810	0.96
ENSRNOG00000053811	6.67
ENSRNOG00000053812	0
ENSRNOG00000053813	10.12
ENSRNOG00000053814	17.49
ENSRNOG00000053815	0
ENSRNOG00000053816	0
ENSRNOG00000053817	0.09
ENSRNOG00000053818	0.05
ENSRNOG00000053819	0.72
ENSRNOG00000053820	1.39
ENSRNOG00000053821	0
ENSRNOG00000053822	0
ENSRNOG00000053823	0
ENSRNOG00000053824	0
ENSRNOG00000053825	0
ENSRNOG00000053826	0.19
ENSRNOG00000053827	4.08
ENSRNOG00000053828	51.69
ENSRNOG00000053829	0
ENSRNOG00000053830	3.58
ENSRNOG00000053831	0.28
ENSRNOG00000053832	0
ENSRNOG00000053833	0
ENSRNOG00000053834	0
ENSRNOG00000053835	1.15
ENSRNOG00000053836	0
ENSRNOG00000053837	0
ENSRNOG00000053838	0
ENSRNOG00000053839	0
ENSRNOG00000053840	2.01
ENSRNOG00000053841	0.75
ENSRNOG00000053842	0
ENSRNOG00000053843	0
ENSRNOG00000053844	0
ENSRNOG00000053845	0.34
ENSRNOG00000053846	0
ENSRNOG00000053847	0
ENSRNOG00000053848	0
ENSRNOG00000053849	0
ENSRNOG00000053850	0.11
ENSRNOG00000053851	0
ENSRNOG00000053852	0.62
ENSRNOG00000053853	0
ENSRNOG00000053854	0
ENSRNOG00000053855	0
ENSRNOG00000053856	0.55
ENSRNOG00000053857	0
ENSRNOG00000053858	0.57
ENSRNOG00000053859	14.16
ENSRNOG00000053860	0
ENSRNOG00000053861	0
ENSRNOG00000053862	0.07
ENSRNOG00000053863	0
ENSRNOG00000053864	0.2
ENSRNOG00000053865	0
ENSRNOG00000053866	0.52
ENSRNOG00000053867	0
ENSRNOG00000053868	6.31
ENSRNOG00000053869	2.69
ENSRNOG00000053870	0
ENSRNOG00000053871	0
ENSRNOG00000053872	0
ENSRNOG00000053873	0
ENSRNOG00000053874	0.28
ENSRNOG00000053875	50.87
ENSRNOG00000053876	0
ENSRNOG00000053877	0
ENSRNOG00000053878	0.76
ENSRNOG00000053879	0
ENSRNOG00000053880	0
ENSRNOG00000053881	13.73
ENSRNOG00000053882	0
ENSRNOG00000053883	0.72
ENSRNOG00000053884	0
ENSRNOG00000053885	0
ENSRNOG00000053886	0
ENSRNOG00000053887	1.27
ENSRNOG00000053888	0
ENSRNOG00000053889	8.06
ENSRNOG00000053890	0
ENSRNOG00000053891	5.56
ENSRNOG00000053892	0
ENSRNOG00000053893	0.72
ENSRNOG00000053894	0
ENSRNOG00000053895	1.99
ENSRNOG00000053896	5.62
ENSRNOG00000053897	0
ENSRNOG00000053898	2.48
ENSRNOG00000053899	0
ENSRNOG00000053900	0.37
ENSRNOG00000053901	0
ENSRNOG00000053902	0
ENSRNOG00000053903	0
ENSRNOG00000053904	0
ENSRNOG00000053905	0
ENSRNOG00000053906	0.3
ENSRNOG00000053907	0
ENSRNOG00000053908	0.22
ENSRNOG00000053909	0
ENSRNOG00000053910	0
ENSRNOG00000053911	0
ENSRNOG00000053912	0
ENSRNOG00000053913	0
ENSRNOG00000053914	0
ENSRNOG00000053915	1.34
ENSRNOG00000053916	0.11
ENSRNOG00000053917	0
ENSRNOG00000053918	0
ENSRNOG00000053919	0
ENSRNOG00000053920	0
ENSRNOG00000053921	0
ENSRNOG00000053922	0.25
ENSRNOG00000053923	12.51
ENSRNOG00000053924	0
ENSRNOG00000053925	0
ENSRNOG00000053926	0
ENSRNOG00000053927	0.59
ENSRNOG00000053928	0
ENSRNOG00000053929	0
ENSRNOG00000053930	0
ENSRNOG00000053931	0
ENSRNOG00000053932	32.32
ENSRNOG00000053933	0
ENSRNOG00000053934	0.14
ENSRNOG00000053935	0.44
ENSRNOG00000053936	0
ENSRNOG00000053937	0
ENSRNOG00000053938	0
ENSRNOG00000053939	0.26
ENSRNOG00000053940	1.24
ENSRNOG00000053941	0
ENSRNOG00000053942	0
ENSRNOG00000053943	33.48
ENSRNOG00000053944	0.12
ENSRNOG00000053945	29.78
ENSRNOG00000053946	0.37
ENSRNOG00000053947	0
ENSRNOG00000053948	9.07
ENSRNOG00000053949	0
ENSRNOG00000053950	0
ENSRNOG00000053951	0
ENSRNOG00000053952	2.03
ENSRNOG00000053953	0.73
ENSRNOG00000053954	0.89
ENSRNOG00000053955	0.51
ENSRNOG00000053956	0
ENSRNOG00000053957	0
ENSRNOG00000053958	0
ENSRNOG00000053959	0
ENSRNOG00000053960	0
ENSRNOG00000053961	7.47
ENSRNOG00000053962	0
ENSRNOG00000053963	0
ENSRNOG00000053964	9.6
ENSRNOG00000053965	1.42
ENSRNOG00000053966	0
ENSRNOG00000053967	0
ENSRNOG00000053968	4.3
ENSRNOG00000053969	0.53
ENSRNOG00000053970	0
ENSRNOG00000053971	0
ENSRNOG00000053972	0
ENSRNOG00000053973	0
ENSRNOG00000053974	0
ENSRNOG00000053975	0
ENSRNOG00000053976	0
ENSRNOG00000053977	0
ENSRNOG00000053978	0
ENSRNOG00000053979	0.09
ENSRNOG00000053980	0
ENSRNOG00000053981	4.51
ENSRNOG00000053982	0
ENSRNOG00000053983	0.13
ENSRNOG00000053984	6.65
ENSRNOG00000053985	0
ENSRNOG00000053986	0.28
ENSRNOG00000053987	0
ENSRNOG00000053988	0
ENSRNOG00000053989	0
ENSRNOG00000053990	0
ENSRNOG00000053991	6.53
ENSRNOG00000053992	0
ENSRNOG00000053993	0
ENSRNOG00000053994	0
ENSRNOG00000053995	1.03
ENSRNOG00000053996	0.77
ENSRNOG00000053997	0
ENSRNOG00000053998	0
ENSRNOG00000053999	0
ENSRNOG00000054000	0
ENSRNOG00000054001	0.63
ENSRNOG00000054002	0
ENSRNOG00000054003	0
ENSRNOG00000054004	0
ENSRNOG00000054005	0
ENSRNOG00000054006	0
ENSRNOG00000054007	0
ENSRNOG00000054008	108.11
ENSRNOG00000054009	0
ENSRNOG00000054010	0
ENSRNOG00000054011	1.99
ENSRNOG00000054012	0
ENSRNOG00000054013	0
ENSRNOG00000054014	0
ENSRNOG00000054015	0
ENSRNOG00000054016	0.37
ENSRNOG00000054017	3.23
ENSRNOG00000054018	0
ENSRNOG00000054019	1.46
ENSRNOG00000054020	0
ENSRNOG00000054021	0
ENSRNOG00000054022	0
ENSRNOG00000054023	0
ENSRNOG00000054024	0.81
ENSRNOG00000054025	0
ENSRNOG00000054026	0
ENSRNOG00000054027	0
ENSRNOG00000054028	0
ENSRNOG00000054029	5.44
ENSRNOG00000054030	0
ENSRNOG00000054031	12.03
ENSRNOG00000054032	0
ENSRNOG00000054033	65.46
ENSRNOG00000054034	0
ENSRNOG00000054035	0
ENSRNOG00000054036	0
ENSRNOG00000054037	0
ENSRNOG00000054038	0
ENSRNOG00000054039	0
ENSRNOG00000054040	0
ENSRNOG00000054041	1.51
ENSRNOG00000054042	0.18
ENSRNOG00000054043	0
ENSRNOG00000054044	0
ENSRNOG00000054045	0
ENSRNOG00000054046	0
ENSRNOG00000054047	191.82
ENSRNOG00000054048	0
ENSRNOG00000054049	0.11
ENSRNOG00000054050	0
ENSRNOG00000054051	0
ENSRNOG00000054052	10.57
ENSRNOG00000054053	0
ENSRNOG00000054054	0
ENSRNOG00000054055	0
ENSRNOG00000054056	0.47
ENSRNOG00000054057	0
ENSRNOG00000054058	64.81
ENSRNOG00000054059	0
ENSRNOG00000054060	0
ENSRNOG00000054061	0
ENSRNOG00000054062	0.6
ENSRNOG00000054063	21.06
ENSRNOG00000054064	0.09
ENSRNOG00000054065	2.46
ENSRNOG00000054066	0
ENSRNOG00000054067	0.7
ENSRNOG00000054068	0
ENSRNOG00000054069	0
ENSRNOG00000054070	0
ENSRNOG00000054071	0
ENSRNOG00000054072	0
ENSRNOG00000054073	0.05
ENSRNOG00000054074	0
ENSRNOG00000054075	0
ENSRNOG00000054076	0
ENSRNOG00000054077	0
ENSRNOG00000054078	0
ENSRNOG00000054079	0
ENSRNOG00000054080	3.74
ENSRNOG00000054081	4.25
ENSRNOG00000054082	0.04
ENSRNOG00000054083	0
ENSRNOG00000054084	0
ENSRNOG00000054085	1.92
ENSRNOG00000054086	0.15
ENSRNOG00000054087	0
ENSRNOG00000054088	0
ENSRNOG00000054089	0
ENSRNOG00000054090	0
ENSRNOG00000054091	0.48
ENSRNOG00000054092	0
ENSRNOG00000054093	0
ENSRNOG00000054094	1.2
ENSRNOG00000054095	0
ENSRNOG00000054096	0.33
ENSRNOG00000054097	1.56
ENSRNOG00000054098	0
ENSRNOG00000054099	0
ENSRNOG00000054100	0
ENSRNOG00000054101	0
ENSRNOG00000054102	0
ENSRNOG00000054103	0
ENSRNOG00000054104	0
ENSRNOG00000054105	0
ENSRNOG00000054106	0.42
ENSRNOG00000054107	0.07
ENSRNOG00000054108	0.27
ENSRNOG00000054109	0
ENSRNOG00000054110	0
ENSRNOG00000054111	0.06
ENSRNOG00000054112	0
ENSRNOG00000054113	0
ENSRNOG00000054114	0
ENSRNOG00000054115	0
ENSRNOG00000054116	0
ENSRNOG00000054117	0
ENSRNOG00000054118	38.17
ENSRNOG00000054119	0
ENSRNOG00000054120	0
ENSRNOG00000054121	32.68
ENSRNOG00000054122	0
ENSRNOG00000054123	4.11
ENSRNOG00000054124	0
ENSRNOG00000054125	0
ENSRNOG00000054126	6.91
ENSRNOG00000054127	0
ENSRNOG00000054128	0
ENSRNOG00000054129	0.07
ENSRNOG00000054130	1.78
ENSRNOG00000054131	1.39
ENSRNOG00000054132	0
ENSRNOG00000054133	0
ENSRNOG00000054134	0
ENSRNOG00000054135	0
ENSRNOG00000054136	0.18
ENSRNOG00000054137	0
ENSRNOG00000054138	0
ENSRNOG00000054139	0
ENSRNOG00000054140	102.49
ENSRNOG00000054141	0.24
ENSRNOG00000054142	0.02
ENSRNOG00000054143	0
ENSRNOG00000054144	0.15
ENSRNOG00000054145	1.95
ENSRNOG00000054146	0
ENSRNOG00000054147	0.13
ENSRNOG00000054148	0
ENSRNOG00000054149	23.87
ENSRNOG00000054150	0
ENSRNOG00000054151	5.89
ENSRNOG00000054152	0
ENSRNOG00000054153	0
ENSRNOG00000054154	0
ENSRNOG00000054155	4.15
ENSRNOG00000054156	0.08
ENSRNOG00000054157	16.85
ENSRNOG00000054158	6.25
ENSRNOG00000054159	0
ENSRNOG00000054160	0
ENSRNOG00000054161	0
ENSRNOG00000054162	0
ENSRNOG00000054163	0
ENSRNOG00000054164	0
ENSRNOG00000054165	0
ENSRNOG00000054166	0
ENSRNOG00000054167	0.1
ENSRNOG00000054168	0
ENSRNOG00000054169	0
ENSRNOG00000054170	0
ENSRNOG00000054171	0
ENSRNOG00000054172	126.1
ENSRNOG00000054173	0
ENSRNOG00000054174	0
ENSRNOG00000054175	0
ENSRNOG00000054176	0.21
ENSRNOG00000054177	0
ENSRNOG00000054178	0
ENSRNOG00000054179	0
ENSRNOG00000054180	1.81
ENSRNOG00000054181	0
ENSRNOG00000054182	0
ENSRNOG00000054183	3.43
ENSRNOG00000054184	0
ENSRNOG00000054185	0
ENSRNOG00000054186	0
ENSRNOG00000054187	10.11
ENSRNOG00000054188	0
ENSRNOG00000054189	0.19
ENSRNOG00000054190	0
ENSRNOG00000054191	1.58
ENSRNOG00000054192	0
ENSRNOG00000054193	0
ENSRNOG00000054194	1.3
ENSRNOG00000054195	0
ENSRNOG00000054196	0.01
ENSRNOG00000054197	0
ENSRNOG00000054198	0
ENSRNOG00000054199	0
ENSRNOG00000054200	0
ENSRNOG00000054201	0
ENSRNOG00000054202	0
ENSRNOG00000054203	1.99
ENSRNOG00000054204	47.72
ENSRNOG00000054205	0
ENSRNOG00000054206	0.25
ENSRNOG00000054207	0
ENSRNOG00000054208	2.15
ENSRNOG00000054209	0
ENSRNOG00000054210	1.48
ENSRNOG00000054211	0
ENSRNOG00000054212	6.12
ENSRNOG00000054213	0
ENSRNOG00000054214	0
ENSRNOG00000054215	0
ENSRNOG00000054216	0.16
ENSRNOG00000054217	0
ENSRNOG00000054218	0.06
ENSRNOG00000054219	0.04
ENSRNOG00000054220	3.12
ENSRNOG00000054221	1.02
ENSRNOG00000054222	0
ENSRNOG00000054223	0
ENSRNOG00000054224	7.75
ENSRNOG00000054225	0
ENSRNOG00000054226	0
ENSRNOG00000054227	0
ENSRNOG00000054228	0
ENSRNOG00000054229	0
ENSRNOG00000054230	0.52
ENSRNOG00000054231	0
ENSRNOG00000054232	0
ENSRNOG00000054233	0
ENSRNOG00000054234	0
ENSRNOG00000054235	0
ENSRNOG00000054236	0.1
ENSRNOG00000054237	0
ENSRNOG00000054238	0
ENSRNOG00000054239	0
ENSRNOG00000054240	0
ENSRNOG00000054241	0
ENSRNOG00000054242	0.49
ENSRNOG00000054243	0
ENSRNOG00000054244	0
ENSRNOG00000054245	0
ENSRNOG00000054246	4.91
ENSRNOG00000054247	0
ENSRNOG00000054248	0
ENSRNOG00000054249	0.38
ENSRNOG00000054250	0.06
ENSRNOG00000054251	0.1
ENSRNOG00000054252	0
ENSRNOG00000054253	0
ENSRNOG00000054254	0
ENSRNOG00000054255	0
ENSRNOG00000054256	1.01
ENSRNOG00000054257	29.98
ENSRNOG00000054258	0
ENSRNOG00000054259	4.74
ENSRNOG00000054260	0
ENSRNOG00000054261	0
ENSRNOG00000054262	0
ENSRNOG00000054263	1.09
ENSRNOG00000054264	5.08
ENSRNOG00000054265	0
ENSRNOG00000054266	0
ENSRNOG00000054267	0
ENSRNOG00000054268	0.07
ENSRNOG00000054269	0
ENSRNOG00000054270	0
ENSRNOG00000054271	0
ENSRNOG00000054272	17.06
ENSRNOG00000054273	0
ENSRNOG00000054274	51.64
ENSRNOG00000054275	1.33
ENSRNOG00000054276	0
ENSRNOG00000054277	0.68
ENSRNOG00000054278	0.82
ENSRNOG00000054279	0.14
ENSRNOG00000054280	0
ENSRNOG00000054281	0
ENSRNOG00000054282	1.24
ENSRNOG00000054283	0
ENSRNOG00000054284	7.01
ENSRNOG00000054285	0
ENSRNOG00000054286	0.38
ENSRNOG00000054287	0.48
ENSRNOG00000054288	0
ENSRNOG00000054289	0.17
ENSRNOG00000054290	0
ENSRNOG00000054291	0
ENSRNOG00000054292	0
ENSRNOG00000054293	0
ENSRNOG00000054294	9.68
ENSRNOG00000054295	0.08
ENSRNOG00000054296	0.5
ENSRNOG00000054297	0
ENSRNOG00000054298	0
ENSRNOG00000054299	0
ENSRNOG00000054300	0
ENSRNOG00000054301	0.12
ENSRNOG00000054302	2.31
ENSRNOG00000054303	0.52
ENSRNOG00000054304	0
ENSRNOG00000054305	0
ENSRNOG00000054306	1.23
ENSRNOG00000054307	0
ENSRNOG00000054308	0
ENSRNOG00000054309	0
ENSRNOG00000054310	4.66
ENSRNOG00000054311	0.48
ENSRNOG00000054312	0.28
ENSRNOG00000054313	0
ENSRNOG00000054314	6.17
ENSRNOG00000054315	4.35
ENSRNOG00000054316	0
ENSRNOG00000054317	0
ENSRNOG00000054318	0
ENSRNOG00000054319	0.1
ENSRNOG00000054320	0
ENSRNOG00000054321	0.65
ENSRNOG00000054322	0
ENSRNOG00000054323	0
ENSRNOG00000054324	1.63
ENSRNOG00000054325	0
ENSRNOG00000054326	4.25
ENSRNOG00000054327	0.19
ENSRNOG00000054328	0
ENSRNOG00000054329	0.65
ENSRNOG00000054330	0.35
ENSRNOG00000054331	1.56
ENSRNOG00000054332	0
ENSRNOG00000054333	0
ENSRNOG00000054334	0.86
ENSRNOG00000054335	0
ENSRNOG00000054336	0.04
ENSRNOG00000054337	0.22
ENSRNOG00000054338	0.01
ENSRNOG00000054339	5.21
ENSRNOG00000054340	4.38
ENSRNOG00000054341	0
ENSRNOG00000054342	0
ENSRNOG00000054343	0
ENSRNOG00000054344	3.9
ENSRNOG00000054345	0
ENSRNOG00000054346	0
ENSRNOG00000054347	7.16
ENSRNOG00000054348	1.01
ENSRNOG00000054349	0
ENSRNOG00000054350	0
ENSRNOG00000054351	0
ENSRNOG00000054352	152.76
ENSRNOG00000054353	0
ENSRNOG00000054354	0
ENSRNOG00000054355	10.22
ENSRNOG00000054356	0
ENSRNOG00000054357	0
ENSRNOG00000054358	2.68
ENSRNOG00000054359	0
ENSRNOG00000054360	2.64
ENSRNOG00000054361	0.23
ENSRNOG00000054362	1.89
ENSRNOG00000054363	0
ENSRNOG00000054364	6.63
ENSRNOG00000054365	0.5
ENSRNOG00000054366	0
ENSRNOG00000054367	0.22
ENSRNOG00000054368	0
ENSRNOG00000054369	0
ENSRNOG00000054370	0
ENSRNOG00000054371	74.75
ENSRNOG00000054372	0
ENSRNOG00000054373	0
ENSRNOG00000054374	17.91
ENSRNOG00000054375	0.71
ENSRNOG00000054376	0
ENSRNOG00000054377	6.81
ENSRNOG00000054378	0.02
ENSRNOG00000054379	0
ENSRNOG00000054380	0
ENSRNOG00000054381	0
ENSRNOG00000054382	0
ENSRNOG00000054383	0
ENSRNOG00000054384	0
ENSRNOG00000054385	3.76
ENSRNOG00000054386	0
ENSRNOG00000054387	0
ENSRNOG00000054388	0
ENSRNOG00000054389	0
ENSRNOG00000054390	1.44
ENSRNOG00000054391	40.2
ENSRNOG00000054392	1.19
ENSRNOG00000054393	3.37
ENSRNOG00000054394	0
ENSRNOG00000054395	0.05
ENSRNOG00000054396	0
ENSRNOG00000054397	0
ENSRNOG00000054398	0.31
ENSRNOG00000054399	0
ENSRNOG00000054400	14.53
ENSRNOG00000054401	0
ENSRNOG00000054402	0
ENSRNOG00000054403	0
ENSRNOG00000054404	0
ENSRNOG00000054405	0
ENSRNOG00000054406	0
ENSRNOG00000054407	0
ENSRNOG00000054408	0
ENSRNOG00000054409	0
ENSRNOG00000054410	0
ENSRNOG00000054411	7.28
ENSRNOG00000054412	0
ENSRNOG00000054413	0
ENSRNOG00000054414	7.98
ENSRNOG00000054415	0.04
ENSRNOG00000054416	0
ENSRNOG00000054417	0
ENSRNOG00000054418	13.58
ENSRNOG00000054419	0
ENSRNOG00000054420	0.4
ENSRNOG00000054421	0.28
ENSRNOG00000054422	0
ENSRNOG00000054423	1.81
ENSRNOG00000054424	0
ENSRNOG00000054425	0
ENSRNOG00000054426	2.74
ENSRNOG00000054427	0
ENSRNOG00000054428	0
ENSRNOG00000054429	3.02
ENSRNOG00000054430	0
ENSRNOG00000054431	0
ENSRNOG00000054432	0
ENSRNOG00000054433	0
ENSRNOG00000054434	0
ENSRNOG00000054435	0
ENSRNOG00000054436	0
ENSRNOG00000054437	1.42
ENSRNOG00000054438	0.36
ENSRNOG00000054439	0
ENSRNOG00000054440	0
ENSRNOG00000054441	0.46
ENSRNOG00000054442	0
ENSRNOG00000054443	0
ENSRNOG00000054444	0.69
ENSRNOG00000054445	0
ENSRNOG00000054446	26.71
ENSRNOG00000054447	0
ENSRNOG00000054448	0
ENSRNOG00000054449	0
ENSRNOG00000054450	0
ENSRNOG00000054451	0
ENSRNOG00000054452	0.95
ENSRNOG00000054453	0
ENSRNOG00000054454	0.39
ENSRNOG00000054455	0.09
ENSRNOG00000054456	0.19
ENSRNOG00000054457	0.5
ENSRNOG00000054458	24.68
ENSRNOG00000054459	0
ENSRNOG00000054460	0.05
ENSRNOG00000054461	0.42
ENSRNOG00000054462	0
ENSRNOG00000054463	1.47
ENSRNOG00000054464	0
ENSRNOG00000054465	1.12
ENSRNOG00000054466	1.16
ENSRNOG00000054467	2.34
ENSRNOG00000054468	16.44
ENSRNOG00000054469	0.22
ENSRNOG00000054470	0
ENSRNOG00000054471	0
ENSRNOG00000054472	0
ENSRNOG00000054473	0
ENSRNOG00000054474	0.28
ENSRNOG00000054475	0.11
ENSRNOG00000054476	0
ENSRNOG00000054477	0
ENSRNOG00000054478	0
ENSRNOG00000054479	5.62
ENSRNOG00000054480	0
ENSRNOG00000054481	0
ENSRNOG00000054482	0
ENSRNOG00000054483	0.1
ENSRNOG00000054484	5.93
ENSRNOG00000054485	0.61
ENSRNOG00000054486	0.15
ENSRNOG00000054487	1.01
ENSRNOG00000054488	3.8
ENSRNOG00000054489	37
ENSRNOG00000054490	0
ENSRNOG00000054491	3.09
ENSRNOG00000054492	0
ENSRNOG00000054493	1.73
ENSRNOG00000054494	0
ENSRNOG00000054495	0.23
ENSRNOG00000054496	0
ENSRNOG00000054497	9.29
ENSRNOG00000054498	0.25
ENSRNOG00000054499	0
ENSRNOG00000054500	0
ENSRNOG00000054501	0
ENSRNOG00000054502	0
ENSRNOG00000054503	0
ENSRNOG00000054504	0.14
ENSRNOG00000054505	0
ENSRNOG00000054506	0.74
ENSRNOG00000054507	0
ENSRNOG00000054508	6.12
ENSRNOG00000054509	0
ENSRNOG00000054510	0.6
ENSRNOG00000054511	0
ENSRNOG00000054512	0
ENSRNOG00000054513	0
ENSRNOG00000054514	17.12
ENSRNOG00000054515	2.66
ENSRNOG00000054516	0.73
ENSRNOG00000054517	2.54
ENSRNOG00000054518	0
ENSRNOG00000054519	0.03
ENSRNOG00000054520	0
ENSRNOG00000054521	0
ENSRNOG00000054522	0.61
ENSRNOG00000054523	0
ENSRNOG00000054524	0
ENSRNOG00000054525	0
ENSRNOG00000054526	0
ENSRNOG00000054527	0
ENSRNOG00000054528	0.45
ENSRNOG00000054529	4.77
ENSRNOG00000054530	0
ENSRNOG00000054531	0.56
ENSRNOG00000054532	0
ENSRNOG00000054533	0.44
ENSRNOG00000054534	0
ENSRNOG00000054535	0
ENSRNOG00000054536	0.34
ENSRNOG00000054537	0.07
ENSRNOG00000054538	0.05
ENSRNOG00000054539	0.16
ENSRNOG00000054540	0
ENSRNOG00000054541	1.52
ENSRNOG00000054542	0.05
ENSRNOG00000054543	0
ENSRNOG00000054544	1.44
ENSRNOG00000054545	0
ENSRNOG00000054546	0
ENSRNOG00000054547	0.1
ENSRNOG00000054548	1.9
ENSRNOG00000054549	17.1
ENSRNOG00000054550	0
ENSRNOG00000054551	0.6
ENSRNOG00000054552	0.2
ENSRNOG00000054553	0.47
ENSRNOG00000054554	0
ENSRNOG00000054555	0
ENSRNOG00000054556	0
ENSRNOG00000054557	40.8
ENSRNOG00000054558	0
ENSRNOG00000054559	0
ENSRNOG00000054560	7.74
ENSRNOG00000054561	2.36
ENSRNOG00000054562	0.65
ENSRNOG00000054563	18.92
ENSRNOG00000054564	0
ENSRNOG00000054565	0
ENSRNOG00000054566	0
ENSRNOG00000054567	0
ENSRNOG00000054568	0.32
ENSRNOG00000054569	0
ENSRNOG00000054570	0
ENSRNOG00000054571	0
ENSRNOG00000054572	1.04
ENSRNOG00000054573	0
ENSRNOG00000054574	0
ENSRNOG00000054575	0
ENSRNOG00000054576	0.04
ENSRNOG00000054577	0
ENSRNOG00000054578	0.14
ENSRNOG00000054579	0.32
ENSRNOG00000054580	0
ENSRNOG00000054581	11.82
ENSRNOG00000054582	0
ENSRNOG00000054583	0
ENSRNOG00000054584	0
ENSRNOG00000054585	0.1
ENSRNOG00000054586	0.96
ENSRNOG00000054587	0
ENSRNOG00000054588	0.88
ENSRNOG00000054589	0
ENSRNOG00000054590	0
ENSRNOG00000054591	0.45
ENSRNOG00000054592	1.74
ENSRNOG00000054593	0
ENSRNOG00000054594	0.47
ENSRNOG00000054595	0
ENSRNOG00000054596	0
ENSRNOG00000054597	0
ENSRNOG00000054598	0
ENSRNOG00000054599	0
ENSRNOG00000054600	0
ENSRNOG00000054601	0
ENSRNOG00000054602	0
ENSRNOG00000054603	121.07
ENSRNOG00000054604	0
ENSRNOG00000054605	7.53
ENSRNOG00000054606	0
ENSRNOG00000054607	4.6
ENSRNOG00000054608	0
ENSRNOG00000054609	13.04
ENSRNOG00000054610	0
ENSRNOG00000054611	0
ENSRNOG00000054612	0.97
ENSRNOG00000054613	1.02
ENSRNOG00000054614	0
ENSRNOG00000054615	0
ENSRNOG00000054616	0
ENSRNOG00000054617	0
ENSRNOG00000054618	0.08
ENSRNOG00000054619	0
ENSRNOG00000054620	6.61
ENSRNOG00000054621	0
ENSRNOG00000054622	0.6
ENSRNOG00000054623	0
ENSRNOG00000054624	0
ENSRNOG00000054625	3.58
ENSRNOG00000054626	211.39
ENSRNOG00000054627	0.2
ENSRNOG00000054628	0
ENSRNOG00000054629	0.42
ENSRNOG00000054630	0
ENSRNOG00000054631	0
ENSRNOG00000054632	5.41
ENSRNOG00000054633	0.05
ENSRNOG00000054634	0
ENSRNOG00000054635	0
ENSRNOG00000054636	0
ENSRNOG00000054637	0
ENSRNOG00000054638	0
ENSRNOG00000054639	0
ENSRNOG00000054640	0
ENSRNOG00000054641	4.86
ENSRNOG00000054642	0
ENSRNOG00000054643	0.14
ENSRNOG00000054644	0
ENSRNOG00000054645	0
ENSRNOG00000054646	0
ENSRNOG00000054647	0
ENSRNOG00000054648	0.15
ENSRNOG00000054649	0
ENSRNOG00000054650	0
ENSRNOG00000054651	0
ENSRNOG00000054652	0
ENSRNOG00000054653	0
ENSRNOG00000054654	0
ENSRNOG00000054655	0
ENSRNOG00000054656	0
ENSRNOG00000054657	0
ENSRNOG00000054658	0
ENSRNOG00000054659	1.32
ENSRNOG00000054660	0
ENSRNOG00000054661	0
ENSRNOG00000054662	0.19
ENSRNOG00000054663	0.15
ENSRNOG00000054664	0
ENSRNOG00000054665	1.39
ENSRNOG00000054666	0
ENSRNOG00000054667	0
ENSRNOG00000054668	0
ENSRNOG00000054669	17.99
ENSRNOG00000054670	0
ENSRNOG00000054671	0
ENSRNOG00000054672	0.06
ENSRNOG00000054673	0
ENSRNOG00000054674	0
ENSRNOG00000054675	0
ENSRNOG00000054676	0
ENSRNOG00000054677	0
ENSRNOG00000054678	0
ENSRNOG00000054679	0
ENSRNOG00000054680	0
ENSRNOG00000054681	0
ENSRNOG00000054682	0
ENSRNOG00000054683	0
ENSRNOG00000054684	0
ENSRNOG00000054685	0
ENSRNOG00000054686	0
ENSRNOG00000054687	0
ENSRNOG00000054688	0
ENSRNOG00000054689	179.85
ENSRNOG00000054690	0
ENSRNOG00000054691	0
ENSRNOG00000054692	0
ENSRNOG00000054693	0
ENSRNOG00000054694	0.03
ENSRNOG00000054695	5.62
ENSRNOG00000054696	0.06
ENSRNOG00000054697	0
ENSRNOG00000054698	0.17
ENSRNOG00000054699	0
ENSRNOG00000054700	0.56
ENSRNOG00000054701	0
ENSRNOG00000054702	0.46
ENSRNOG00000054703	0
ENSRNOG00000054704	1.3
ENSRNOG00000054705	0.96
ENSRNOG00000054706	0
ENSRNOG00000054707	0
ENSRNOG00000054708	0
ENSRNOG00000054709	1.01
ENSRNOG00000054710	0
ENSRNOG00000054711	0
ENSRNOG00000054712	0
ENSRNOG00000054713	0.22
ENSRNOG00000054714	0
ENSRNOG00000054715	0
ENSRNOG00000054716	0.82
ENSRNOG00000054717	0
ENSRNOG00000054718	0
ENSRNOG00000054719	1.51
ENSRNOG00000054720	0
ENSRNOG00000054721	0
ENSRNOG00000054722	0
ENSRNOG00000054723	0.13
ENSRNOG00000054724	13.44
ENSRNOG00000054725	8.23
ENSRNOG00000054726	0.07
ENSRNOG00000054727	0
ENSRNOG00000054728	0
ENSRNOG00000054729	0
ENSRNOG00000054730	0
ENSRNOG00000054731	0
ENSRNOG00000054732	0
ENSRNOG00000054733	1.17
ENSRNOG00000054734	0
ENSRNOG00000054735	0
ENSRNOG00000054736	0
ENSRNOG00000054737	0
ENSRNOG00000054738	0
ENSRNOG00000054739	2.8
ENSRNOG00000054740	0
ENSRNOG00000054741	0
ENSRNOG00000054742	0
ENSRNOG00000054743	0
ENSRNOG00000054744	0
ENSRNOG00000054745	0.79
ENSRNOG00000054746	0.97
ENSRNOG00000054747	0
ENSRNOG00000054748	0
ENSRNOG00000054749	0
ENSRNOG00000054750	0
ENSRNOG00000054751	10.55
ENSRNOG00000054752	0
ENSRNOG00000054753	2.08
ENSRNOG00000054754	0
ENSRNOG00000054755	0
ENSRNOG00000054756	0
ENSRNOG00000054757	9.93
ENSRNOG00000054758	0
ENSRNOG00000054759	0
ENSRNOG00000054760	5.06
ENSRNOG00000054761	0.27
ENSRNOG00000054762	0
ENSRNOG00000054763	0
ENSRNOG00000054764	7.55
ENSRNOG00000054765	10.42
ENSRNOG00000054766	0
ENSRNOG00000054767	1.07
ENSRNOG00000054768	0.22
ENSRNOG00000054769	0
ENSRNOG00000054770	18.09
ENSRNOG00000054771	0
ENSRNOG00000054772	0
ENSRNOG00000054773	0
ENSRNOG00000054774	1.52
ENSRNOG00000054775	206.19
ENSRNOG00000054776	1.11
ENSRNOG00000054777	0
ENSRNOG00000054778	0
ENSRNOG00000054779	0
ENSRNOG00000054780	2.17
ENSRNOG00000054781	0.17
ENSRNOG00000054782	99.41
ENSRNOG00000054783	0
ENSRNOG00000054784	0
ENSRNOG00000054785	0
ENSRNOG00000054786	0
ENSRNOG00000054787	0
ENSRNOG00000054788	0
ENSRNOG00000054789	0
ENSRNOG00000054790	0
ENSRNOG00000054791	0
ENSRNOG00000054792	0
ENSRNOG00000054793	0
ENSRNOG00000054794	0
ENSRNOG00000054795	4.37
ENSRNOG00000054796	0
ENSRNOG00000054797	0
ENSRNOG00000054798	0
ENSRNOG00000054799	0
ENSRNOG00000054800	0
ENSRNOG00000054801	0.23
ENSRNOG00000054802	0
ENSRNOG00000054803	0
ENSRNOG00000054804	0
ENSRNOG00000054805	0
ENSRNOG00000054806	0.74
ENSRNOG00000054807	1.54
ENSRNOG00000054808	0
ENSRNOG00000054809	12.41
ENSRNOG00000054810	0
ENSRNOG00000054811	0
ENSRNOG00000054812	0.16
ENSRNOG00000054813	0.47
ENSRNOG00000054814	0.18
ENSRNOG00000054815	0
ENSRNOG00000054816	0
ENSRNOG00000054817	0
ENSRNOG00000054818	0.06
ENSRNOG00000054819	0
ENSRNOG00000054820	0
ENSRNOG00000054821	0
ENSRNOG00000054822	0
ENSRNOG00000054823	0
ENSRNOG00000054824	0
ENSRNOG00000054825	0
ENSRNOG00000054826	0
ENSRNOG00000054827	0.64
ENSRNOG00000054828	0
ENSRNOG00000054829	0.05
ENSRNOG00000054830	0
ENSRNOG00000054831	0
ENSRNOG00000054832	0.6
ENSRNOG00000054833	0
ENSRNOG00000054834	0
ENSRNOG00000054835	0
ENSRNOG00000054836	0
ENSRNOG00000054837	0
ENSRNOG00000054838	29.81
ENSRNOG00000054839	0
ENSRNOG00000054840	0
ENSRNOG00000054841	0.26
ENSRNOG00000054842	0
ENSRNOG00000054843	0.98
ENSRNOG00000054844	0.25
ENSRNOG00000054845	0
ENSRNOG00000054846	0
ENSRNOG00000054847	0
ENSRNOG00000054848	0
ENSRNOG00000054849	0.71
ENSRNOG00000054850	0
ENSRNOG00000054851	0
ENSRNOG00000054852	0
ENSRNOG00000054853	0
ENSRNOG00000054854	0.84
ENSRNOG00000054855	4.79
ENSRNOG00000054856	0
ENSRNOG00000054857	0.15
ENSRNOG00000054858	0
ENSRNOG00000054859	0
ENSRNOG00000054860	0.8
ENSRNOG00000054861	0.6
ENSRNOG00000054862	0
ENSRNOG00000054863	21.84
ENSRNOG00000054864	0
ENSRNOG00000054865	0
ENSRNOG00000054866	16.29
ENSRNOG00000054867	0
ENSRNOG00000054868	0
ENSRNOG00000054869	0.49
ENSRNOG00000054870	0
ENSRNOG00000054871	1.63
ENSRNOG00000054872	0.85
ENSRNOG00000054873	0
ENSRNOG00000054874	0
ENSRNOG00000054875	0.12
ENSRNOG00000054876	1
ENSRNOG00000054877	2.82
ENSRNOG00000054878	0
ENSRNOG00000054879	10.07
ENSRNOG00000054880	0
ENSRNOG00000054881	0
ENSRNOG00000054882	0
ENSRNOG00000054883	0
ENSRNOG00000054884	0.98
ENSRNOG00000054885	0.5
ENSRNOG00000054886	0
ENSRNOG00000054887	0
ENSRNOG00000054888	0
ENSRNOG00000054889	0.02
ENSRNOG00000054890	9.03
ENSRNOG00000054891	23.2
ENSRNOG00000054892	0
ENSRNOG00000054893	0
ENSRNOG00000054894	0
ENSRNOG00000054895	0
ENSRNOG00000054896	6.88
ENSRNOG00000054897	0
ENSRNOG00000054898	0.39
ENSRNOG00000054899	0
ENSRNOG00000054900	0.09
ENSRNOG00000054901	3.79
ENSRNOG00000054902	12.19
ENSRNOG00000054903	0
ENSRNOG00000054904	0.17
ENSRNOG00000054905	0.23
ENSRNOG00000054906	0
ENSRNOG00000054907	0.95
ENSRNOG00000054908	0.56
ENSRNOG00000054909	0
ENSRNOG00000054910	0.91
ENSRNOG00000054911	0
ENSRNOG00000054912	1.2
ENSRNOG00000054913	0
ENSRNOG00000054914	0.5
ENSRNOG00000054915	0
ENSRNOG00000054916	0
ENSRNOG00000054917	6.38
ENSRNOG00000054918	0
ENSRNOG00000054919	0
ENSRNOG00000054920	5.12
ENSRNOG00000054921	0
ENSRNOG00000054922	0
ENSRNOG00000054923	0
ENSRNOG00000054924	0
ENSRNOG00000054925	0
ENSRNOG00000054926	0
ENSRNOG00000054927	0
ENSRNOG00000054928	0
ENSRNOG00000054929	6.51
ENSRNOG00000054930	0.64
ENSRNOG00000054931	0
ENSRNOG00000054932	0
ENSRNOG00000054933	0
ENSRNOG00000054934	0
ENSRNOG00000054935	0
ENSRNOG00000054936	0.57
ENSRNOG00000054937	2.64
ENSRNOG00000054938	0
ENSRNOG00000054939	0
ENSRNOG00000054940	0
ENSRNOG00000054941	0.13
ENSRNOG00000054942	0
ENSRNOG00000054943	0
ENSRNOG00000054944	0
ENSRNOG00000054945	9
ENSRNOG00000054946	0.15
ENSRNOG00000054947	0.39
ENSRNOG00000054948	0
ENSRNOG00000054949	0
ENSRNOG00000054950	0
ENSRNOG00000054951	0
ENSRNOG00000054952	0
ENSRNOG00000054953	1.85
ENSRNOG00000054954	0.56
ENSRNOG00000054955	26.19
ENSRNOG00000054956	0
ENSRNOG00000054957	0.34
ENSRNOG00000054958	0
ENSRNOG00000054959	0.48
ENSRNOG00000054960	0
ENSRNOG00000054961	0.59
ENSRNOG00000054962	0.31
ENSRNOG00000054963	4.22
ENSRNOG00000054964	0.11
ENSRNOG00000054965	0
ENSRNOG00000054966	0
ENSRNOG00000054967	0
ENSRNOG00000054968	0
ENSRNOG00000054969	0
ENSRNOG00000054970	0
ENSRNOG00000054971	0
ENSRNOG00000054972	0
ENSRNOG00000054973	0.5
ENSRNOG00000054974	0
ENSRNOG00000054975	0
ENSRNOG00000054976	0
ENSRNOG00000054977	0
ENSRNOG00000054978	75.14
ENSRNOG00000054979	0
ENSRNOG00000054980	0
ENSRNOG00000054981	0
ENSRNOG00000054982	0
ENSRNOG00000054983	0.47
ENSRNOG00000054984	1.03
ENSRNOG00000054985	0
ENSRNOG00000054986	0.12
ENSRNOG00000054987	0
ENSRNOG00000054988	0
ENSRNOG00000054989	3.44
ENSRNOG00000054990	0.16
ENSRNOG00000054991	0
ENSRNOG00000054992	0
ENSRNOG00000054993	0.14
ENSRNOG00000054994	0
ENSRNOG00000054995	0
ENSRNOG00000054996	0
ENSRNOG00000054997	0
ENSRNOG00000054998	2.48
ENSRNOG00000054999	4.55
ENSRNOG00000055000	9.75
ENSRNOG00000055001	1.98
ENSRNOG00000055002	0
ENSRNOG00000055003	0
ENSRNOG00000055004	0
ENSRNOG00000055005	0
ENSRNOG00000055006	0
ENSRNOG00000055007	0
ENSRNOG00000055008	2.25
ENSRNOG00000055009	0
ENSRNOG00000055010	7.45
ENSRNOG00000055011	0
ENSRNOG00000055012	7.16
ENSRNOG00000055013	0
ENSRNOG00000055014	1.03
ENSRNOG00000055015	2.02
ENSRNOG00000055016	0.64
ENSRNOG00000055017	0
ENSRNOG00000055018	0
ENSRNOG00000055019	3.36
ENSRNOG00000055020	8.8
ENSRNOG00000055021	0.51
ENSRNOG00000055022	0
ENSRNOG00000055023	7.77
ENSRNOG00000055024	0.33
ENSRNOG00000055025	0.32
ENSRNOG00000055026	0
ENSRNOG00000055027	0
ENSRNOG00000055028	11.62
ENSRNOG00000055029	0
ENSRNOG00000055030	0
ENSRNOG00000055031	0
ENSRNOG00000055032	0
ENSRNOG00000055033	0
ENSRNOG00000055034	0
ENSRNOG00000055035	0
ENSRNOG00000055036	9.81
ENSRNOG00000055037	0
ENSRNOG00000055038	0.27
ENSRNOG00000055039	0
ENSRNOG00000055040	0
ENSRNOG00000055041	0
ENSRNOG00000055042	1.04
ENSRNOG00000055043	0.14
ENSRNOG00000055044	0
ENSRNOG00000055045	0
ENSRNOG00000055046	0.5
ENSRNOG00000055047	0
ENSRNOG00000055048	0
ENSRNOG00000055049	2.26
ENSRNOG00000055050	0.44
ENSRNOG00000055051	0
ENSRNOG00000055052	0
ENSRNOG00000055053	0
ENSRNOG00000055054	0
ENSRNOG00000055055	0
ENSRNOG00000055056	0
ENSRNOG00000055057	0
ENSRNOG00000055058	0
ENSRNOG00000055059	0.2
ENSRNOG00000055060	0
ENSRNOG00000055061	0.38
ENSRNOG00000055062	0
ENSRNOG00000055063	0
ENSRNOG00000055064	0
ENSRNOG00000055065	0
ENSRNOG00000055066	1.81
ENSRNOG00000055067	0
ENSRNOG00000055068	18.88
ENSRNOG00000055069	0
ENSRNOG00000055070	1.3
ENSRNOG00000055071	0.57
ENSRNOG00000055072	0
ENSRNOG00000055073	0
ENSRNOG00000055074	0
ENSRNOG00000055075	0
ENSRNOG00000055076	1.97
ENSRNOG00000055077	0
ENSRNOG00000055078	0.75
ENSRNOG00000055079	7.45
ENSRNOG00000055080	0.3
ENSRNOG00000055081	0
ENSRNOG00000055082	47.33
ENSRNOG00000055083	0
ENSRNOG00000055084	0
ENSRNOG00000055085	5.48
ENSRNOG00000055086	0
ENSRNOG00000055087	0
ENSRNOG00000055088	0
ENSRNOG00000055089	69.44
ENSRNOG00000055090	0
ENSRNOG00000055091	0
ENSRNOG00000055092	0
ENSRNOG00000055093	6.58
ENSRNOG00000055094	0
ENSRNOG00000055095	0
ENSRNOG00000055096	6.78
ENSRNOG00000055097	0.45
ENSRNOG00000055098	0.09
ENSRNOG00000055099	0
ENSRNOG00000055100	0
ENSRNOG00000055101	0
ENSRNOG00000055102	0
ENSRNOG00000055103	0.07
ENSRNOG00000055104	0
ENSRNOG00000055105	0
ENSRNOG00000055106	0
ENSRNOG00000055107	0
ENSRNOG00000055108	0
ENSRNOG00000055109	0
ENSRNOG00000055110	0
ENSRNOG00000055111	0.61
ENSRNOG00000055112	0
ENSRNOG00000055113	0
ENSRNOG00000055114	0
ENSRNOG00000055115	0
ENSRNOG00000055116	0.3
ENSRNOG00000055117	0
ENSRNOG00000055118	1.01
ENSRNOG00000055119	7.07
ENSRNOG00000055120	0
ENSRNOG00000055121	0
ENSRNOG00000055122	0
ENSRNOG00000055123	0
ENSRNOG00000055124	2.29
ENSRNOG00000055125	0
ENSRNOG00000055126	1.28
ENSRNOG00000055127	0
ENSRNOG00000055128	0
ENSRNOG00000055129	0
ENSRNOG00000055130	0
ENSRNOG00000055131	5.79
ENSRNOG00000055132	0.55
ENSRNOG00000055133	0
ENSRNOG00000055134	0
ENSRNOG00000055135	0
ENSRNOG00000055136	0.54
ENSRNOG00000055137	0
ENSRNOG00000055138	0
ENSRNOG00000055139	0
ENSRNOG00000055140	0
ENSRNOG00000055141	0.7
ENSRNOG00000055142	0.51
ENSRNOG00000055143	0
ENSRNOG00000055144	0
ENSRNOG00000055145	0
ENSRNOG00000055146	0
ENSRNOG00000055147	0
ENSRNOG00000055148	0.39
ENSRNOG00000055149	0
ENSRNOG00000055150	0.19
ENSRNOG00000055151	0
ENSRNOG00000055152	0
ENSRNOG00000055153	0
ENSRNOG00000055154	0
ENSRNOG00000055155	0
ENSRNOG00000055156	0
ENSRNOG00000055157	1.55
ENSRNOG00000055158	0
ENSRNOG00000055159	0
ENSRNOG00000055160	1.62
ENSRNOG00000055161	0
ENSRNOG00000055162	1.81
ENSRNOG00000055163	0
ENSRNOG00000055164	0
ENSRNOG00000055165	0
ENSRNOG00000055166	0
ENSRNOG00000055167	0
ENSRNOG00000055168	0
ENSRNOG00000055169	0
ENSRNOG00000055170	0
ENSRNOG00000055171	3.42
ENSRNOG00000055172	0
ENSRNOG00000055173	0
ENSRNOG00000055174	0
ENSRNOG00000055175	0
ENSRNOG00000055176	0.12
ENSRNOG00000055177	0
ENSRNOG00000055178	3.92
ENSRNOG00000055179	0
ENSRNOG00000055180	0
ENSRNOG00000055181	0
ENSRNOG00000055182	0
ENSRNOG00000055183	0
ENSRNOG00000055184	0
ENSRNOG00000055185	0.05
ENSRNOG00000055186	0
ENSRNOG00000055187	0.13
ENSRNOG00000055188	0
ENSRNOG00000055189	0
ENSRNOG00000055190	0.55
ENSRNOG00000055191	0
ENSRNOG00000055192	0.6
ENSRNOG00000055193	0
ENSRNOG00000055194	0
ENSRNOG00000055195	0
ENSRNOG00000055196	0
ENSRNOG00000055197	0.1
ENSRNOG00000055198	0
ENSRNOG00000055199	0
ENSRNOG00000055200	0
ENSRNOG00000055201	0.08
ENSRNOG00000055202	0
ENSRNOG00000055203	0
ENSRNOG00000055204	4.51
ENSRNOG00000055205	0
ENSRNOG00000055206	0
ENSRNOG00000055207	0
ENSRNOG00000055208	0.6
ENSRNOG00000055209	0.08
ENSRNOG00000055210	0
ENSRNOG00000055211	0.74
ENSRNOG00000055212	0
ENSRNOG00000055213	1.42
ENSRNOG00000055214	0
ENSRNOG00000055215	0
ENSRNOG00000055216	0
ENSRNOG00000055217	0.48
ENSRNOG00000055218	0
ENSRNOG00000055219	0
ENSRNOG00000055220	0
ENSRNOG00000055221	1.54
ENSRNOG00000055222	0.94
ENSRNOG00000055223	0
ENSRNOG00000055224	0
ENSRNOG00000055225	0
ENSRNOG00000055226	20.02
ENSRNOG00000055227	0
ENSRNOG00000055228	1.65
ENSRNOG00000055229	1.39
ENSRNOG00000055230	0
ENSRNOG00000055231	0
ENSRNOG00000055232	0
ENSRNOG00000055233	0
ENSRNOG00000055234	1.77
ENSRNOG00000055235	0
ENSRNOG00000055236	4.45
ENSRNOG00000055237	0
ENSRNOG00000055238	0.21
ENSRNOG00000055239	0
ENSRNOG00000055240	5.69
ENSRNOG00000055241	21.91
ENSRNOG00000055242	0
ENSRNOG00000055243	0
ENSRNOG00000055244	0
ENSRNOG00000055245	0
ENSRNOG00000055246	22.72
ENSRNOG00000055247	0
ENSRNOG00000055248	0.17
ENSRNOG00000055249	0
ENSRNOG00000055250	0.1
ENSRNOG00000055251	0.95
ENSRNOG00000055252	0
ENSRNOG00000055253	0
ENSRNOG00000055254	0
ENSRNOG00000055255	0
ENSRNOG00000055256	0
ENSRNOG00000055257	98.59
ENSRNOG00000055258	0
ENSRNOG00000055259	0.03
ENSRNOG00000055260	0
ENSRNOG00000055261	0
ENSRNOG00000055262	0
ENSRNOG00000055263	0
ENSRNOG00000055264	0
ENSRNOG00000055265	0
ENSRNOG00000055266	0
ENSRNOG00000055267	0.43
ENSRNOG00000055268	0
ENSRNOG00000055269	0
ENSRNOG00000055270	0
ENSRNOG00000055271	3.55
ENSRNOG00000055272	3.45
ENSRNOG00000055273	0
ENSRNOG00000055274	0
ENSRNOG00000055275	0
ENSRNOG00000055276	0
ENSRNOG00000055277	16.21
ENSRNOG00000055278	8.16
ENSRNOG00000055279	0.21
ENSRNOG00000055280	0
ENSRNOG00000055281	8.24
ENSRNOG00000055282	0
ENSRNOG00000055283	1.62
ENSRNOG00000055284	0
ENSRNOG00000055285	0
ENSRNOG00000055286	0.06
ENSRNOG00000055287	0
ENSRNOG00000055288	0
ENSRNOG00000055289	0
ENSRNOG00000055290	1.91
ENSRNOG00000055291	0
ENSRNOG00000055292	0.76
ENSRNOG00000055293	6.26
ENSRNOG00000055294	0
ENSRNOG00000055295	13.19
ENSRNOG00000055296	0
ENSRNOG00000055297	17.78
ENSRNOG00000055298	0.08
ENSRNOG00000055299	0
ENSRNOG00000055300	4.23
ENSRNOG00000055301	0
ENSRNOG00000055302	0.81
ENSRNOG00000055303	0
ENSRNOG00000055304	0
ENSRNOG00000055305	39.28
ENSRNOG00000055306	0.07
ENSRNOG00000055307	16.24
ENSRNOG00000055308	0.57
ENSRNOG00000055309	32.9
ENSRNOG00000055310	0
ENSRNOG00000055311	0
ENSRNOG00000055312	0
ENSRNOG00000055313	0.59
ENSRNOG00000055314	22.84
ENSRNOG00000055315	0
ENSRNOG00000055316	1.01
ENSRNOG00000055317	1.04
ENSRNOG00000055318	0
ENSRNOG00000055319	163.52
ENSRNOG00000055320	0
ENSRNOG00000055321	0
ENSRNOG00000055322	0
ENSRNOG00000055323	0
ENSRNOG00000055324	0
ENSRNOG00000055325	0
ENSRNOG00000055326	0
ENSRNOG00000055327	0
ENSRNOG00000055328	0
ENSRNOG00000055329	0
ENSRNOG00000055330	2.93
ENSRNOG00000055331	20.67
ENSRNOG00000055332	0
ENSRNOG00000055333	0
ENSRNOG00000055334	0
ENSRNOG00000055335	1.13
ENSRNOG00000055336	0
ENSRNOG00000055337	0
ENSRNOG00000055338	0
ENSRNOG00000055339	0
ENSRNOG00000055340	27.78
ENSRNOG00000055341	0
ENSRNOG00000055342	0
ENSRNOG00000055343	0
ENSRNOG00000055344	13.25
ENSRNOG00000055345	0
ENSRNOG00000055346	0
ENSRNOG00000055347	0
ENSRNOG00000055348	0
ENSRNOG00000055349	0
ENSRNOG00000055350	0
ENSRNOG00000055351	0
ENSRNOG00000055352	0
ENSRNOG00000055353	0
ENSRNOG00000055354	0
ENSRNOG00000055355	0
ENSRNOG00000055356	0
ENSRNOG00000055357	0
ENSRNOG00000055358	0
ENSRNOG00000055359	0
ENSRNOG00000055360	0.41
ENSRNOG00000055361	0.91
ENSRNOG00000055362	0.21
ENSRNOG00000055363	0
ENSRNOG00000055364	0
ENSRNOG00000055365	7.19
ENSRNOG00000055366	0
ENSRNOG00000055367	0
ENSRNOG00000055368	0
ENSRNOG00000055369	0
ENSRNOG00000055370	0
ENSRNOG00000055371	28.86
ENSRNOG00000055372	0
ENSRNOG00000055373	0
ENSRNOG00000055374	0
ENSRNOG00000055375	0
ENSRNOG00000055376	0.27
ENSRNOG00000055377	0
ENSRNOG00000055378	0
ENSRNOG00000055379	0
ENSRNOG00000055380	0
ENSRNOG00000055381	0
ENSRNOG00000055382	3.13
ENSRNOG00000055383	2.16
ENSRNOG00000055384	0
ENSRNOG00000055385	0
ENSRNOG00000055386	0
ENSRNOG00000055387	1.53
ENSRNOG00000055388	0
ENSRNOG00000055389	0
ENSRNOG00000055390	3.63
ENSRNOG00000055391	12.97
ENSRNOG00000055392	0
ENSRNOG00000055393	0
ENSRNOG00000055394	0
ENSRNOG00000055395	0
ENSRNOG00000055396	0
ENSRNOG00000055397	0
ENSRNOG00000055398	0
ENSRNOG00000055399	0
ENSRNOG00000055400	0
ENSRNOG00000055401	54.4
ENSRNOG00000055402	0
ENSRNOG00000055403	0
ENSRNOG00000055404	2.91
ENSRNOG00000055405	0.42
ENSRNOG00000055406	0
ENSRNOG00000055407	0
ENSRNOG00000055408	3.49
ENSRNOG00000055409	0
ENSRNOG00000055410	0
ENSRNOG00000055411	0.12
ENSRNOG00000055412	0
ENSRNOG00000055413	0
ENSRNOG00000055414	0
ENSRNOG00000055415	0
ENSRNOG00000055416	0
ENSRNOG00000055417	0
ENSRNOG00000055418	0.5
ENSRNOG00000055419	0
ENSRNOG00000055420	0
ENSRNOG00000055421	0
ENSRNOG00000055422	0.34
ENSRNOG00000055423	0
ENSRNOG00000055424	0
ENSRNOG00000055425	0
ENSRNOG00000055426	1.41
ENSRNOG00000055427	0
ENSRNOG00000055428	0
ENSRNOG00000055429	0
ENSRNOG00000055430	0
ENSRNOG00000055431	0
ENSRNOG00000055432	0
ENSRNOG00000055433	12.06
ENSRNOG00000055434	0
ENSRNOG00000055435	0
ENSRNOG00000055436	0
ENSRNOG00000055437	0
ENSRNOG00000055438	0
ENSRNOG00000055439	5.6
ENSRNOG00000055440	0
ENSRNOG00000055441	0
ENSRNOG00000055442	0
ENSRNOG00000055443	0
ENSRNOG00000055444	0
ENSRNOG00000055445	0.43
ENSRNOG00000055446	111.43
ENSRNOG00000055447	0
ENSRNOG00000055448	0
ENSRNOG00000055449	0
ENSRNOG00000055450	0.05
ENSRNOG00000055451	3.2
ENSRNOG00000055452	0
ENSRNOG00000055453	0.59
ENSRNOG00000055454	0.08
ENSRNOG00000055455	0
ENSRNOG00000055456	0
ENSRNOG00000055457	0
ENSRNOG00000055458	0
ENSRNOG00000055459	0
ENSRNOG00000055460	0
ENSRNOG00000055461	0
ENSRNOG00000055462	0
ENSRNOG00000055463	0
ENSRNOG00000055464	0
ENSRNOG00000055465	0.43
ENSRNOG00000055466	9.64
ENSRNOG00000055467	0.36
ENSRNOG00000055468	0
ENSRNOG00000055469	0
ENSRNOG00000055470	0
ENSRNOG00000055471	444.06
ENSRNOG00000055472	0
ENSRNOG00000055473	0
ENSRNOG00000055474	0
ENSRNOG00000055475	0
ENSRNOG00000055476	0
ENSRNOG00000055477	0
ENSRNOG00000055478	0
ENSRNOG00000055479	0
ENSRNOG00000055480	3.24
ENSRNOG00000055481	0.06
ENSRNOG00000055482	5.29
ENSRNOG00000055483	0.55
ENSRNOG00000055484	0
ENSRNOG00000055485	0.5
ENSRNOG00000055486	2.49
ENSRNOG00000055487	1.13
ENSRNOG00000055488	11.15
ENSRNOG00000055489	0
ENSRNOG00000055490	0
ENSRNOG00000055491	0
ENSRNOG00000055492	0
ENSRNOG00000055493	0
ENSRNOG00000055494	0.23
ENSRNOG00000055495	0
ENSRNOG00000055496	4.26
ENSRNOG00000055497	0
ENSRNOG00000055498	0
ENSRNOG00000055499	17.46
ENSRNOG00000055500	0
ENSRNOG00000055501	6.86
ENSRNOG00000055502	0
ENSRNOG00000055503	0
ENSRNOG00000055504	0
ENSRNOG00000055505	0
ENSRNOG00000055506	1.03
ENSRNOG00000055507	0
ENSRNOG00000055508	0
ENSRNOG00000055509	0
ENSRNOG00000055510	0
ENSRNOG00000055511	0
ENSRNOG00000055512	0.34
ENSRNOG00000055513	0
ENSRNOG00000055514	0
ENSRNOG00000055515	0
ENSRNOG00000055516	0
ENSRNOG00000055517	0
ENSRNOG00000055518	0
ENSRNOG00000055519	1.82
ENSRNOG00000055520	0
ENSRNOG00000055521	0
ENSRNOG00000055522	0
ENSRNOG00000055523	0
ENSRNOG00000055524	8.4
ENSRNOG00000055525	10.96
ENSRNOG00000055526	0.18
ENSRNOG00000055527	3.37
ENSRNOG00000055528	0
ENSRNOG00000055529	0
ENSRNOG00000055530	47.07
ENSRNOG00000055531	3.19
ENSRNOG00000055532	0
ENSRNOG00000055533	16.43
ENSRNOG00000055534	0
ENSRNOG00000055535	0
ENSRNOG00000055536	0
ENSRNOG00000055537	0
ENSRNOG00000055538	0
ENSRNOG00000055539	0
ENSRNOG00000055540	0
ENSRNOG00000055541	0
ENSRNOG00000055542	0
ENSRNOG00000055543	0
ENSRNOG00000055544	0
ENSRNOG00000055545	0
ENSRNOG00000055546	0
ENSRNOG00000055547	3.11
ENSRNOG00000055548	0.22
ENSRNOG00000055549	0
ENSRNOG00000055550	0
ENSRNOG00000055551	0
ENSRNOG00000055552	0
ENSRNOG00000055553	2.97
ENSRNOG00000055554	3.55
ENSRNOG00000055555	0
ENSRNOG00000055556	1.65
ENSRNOG00000055557	0.03
ENSRNOG00000055558	0
ENSRNOG00000055559	0
ENSRNOG00000055560	4.66
ENSRNOG00000055561	0
ENSRNOG00000055562	30.33
ENSRNOG00000055563	0
ENSRNOG00000055564	14.78
ENSRNOG00000055565	0
ENSRNOG00000055566	0.3
ENSRNOG00000055567	34.66
ENSRNOG00000055568	22.76
ENSRNOG00000055569	0.89
ENSRNOG00000055570	0.12
ENSRNOG00000055571	0
ENSRNOG00000055572	93.77
ENSRNOG00000055573	0
ENSRNOG00000055574	1.28
ENSRNOG00000055575	0
ENSRNOG00000055576	0
ENSRNOG00000055577	0
ENSRNOG00000055578	0
ENSRNOG00000055579	167.07
ENSRNOG00000055580	2.69
ENSRNOG00000055581	0
ENSRNOG00000055582	4.09
ENSRNOG00000055583	42.36
ENSRNOG00000055584	0
ENSRNOG00000055585	0
ENSRNOG00000055586	0.15
ENSRNOG00000055587	0
ENSRNOG00000055588	0.18
ENSRNOG00000055589	0
ENSRNOG00000055590	0
ENSRNOG00000055591	0
ENSRNOG00000055592	0
ENSRNOG00000055593	0
ENSRNOG00000055594	0
ENSRNOG00000055595	0
ENSRNOG00000055596	0
ENSRNOG00000055597	8.23
ENSRNOG00000055598	40.95
ENSRNOG00000055599	0
ENSRNOG00000055600	0
ENSRNOG00000055601	0
ENSRNOG00000055602	0
ENSRNOG00000055603	0
ENSRNOG00000055604	0
ENSRNOG00000055605	2.39
ENSRNOG00000055606	0
ENSRNOG00000055607	0
ENSRNOG00000055608	11.23
ENSRNOG00000055609	0
ENSRNOG00000055610	0.64
ENSRNOG00000055611	0
ENSRNOG00000055612	0
ENSRNOG00000055613	0
ENSRNOG00000055614	0
ENSRNOG00000055615	0
ENSRNOG00000055616	0
ENSRNOG00000055617	0.41
ENSRNOG00000055618	0
ENSRNOG00000055619	0
ENSRNOG00000055620	0
ENSRNOG00000055621	0
ENSRNOG00000055622	0
ENSRNOG00000055623	0
ENSRNOG00000055624	0
ENSRNOG00000055625	0
ENSRNOG00000055626	0
ENSRNOG00000055627	0
ENSRNOG00000055628	0
ENSRNOG00000055629	0
ENSRNOG00000055630	0
ENSRNOG00000055631	14.15
ENSRNOG00000055632	0
ENSRNOG00000055633	0
ENSRNOG00000055634	0
ENSRNOG00000055635	0
ENSRNOG00000055636	0
ENSRNOG00000055637	0.85
ENSRNOG00000055638	0
ENSRNOG00000055639	0
ENSRNOG00000055640	5.37
ENSRNOG00000055641	6.09
ENSRNOG00000055642	0
ENSRNOG00000055643	0
ENSRNOG00000055644	0
ENSRNOG00000055645	0
ENSRNOG00000055646	3.89
ENSRNOG00000055647	14.85
ENSRNOG00000055648	7.57
ENSRNOG00000055649	0
ENSRNOG00000055650	1.28
ENSRNOG00000055651	0
ENSRNOG00000055652	31.69
ENSRNOG00000055653	0.16
ENSRNOG00000055654	0
ENSRNOG00000055655	0
ENSRNOG00000055656	0
ENSRNOG00000055657	0
ENSRNOG00000055658	1.61
ENSRNOG00000055659	0
ENSRNOG00000055660	0
ENSRNOG00000055661	2.87
ENSRNOG00000055662	0.36
ENSRNOG00000055663	0
ENSRNOG00000055664	0
ENSRNOG00000055665	0
ENSRNOG00000055666	0.91
ENSRNOG00000055667	0
ENSRNOG00000055668	0
ENSRNOG00000055669	0
ENSRNOG00000055670	0
ENSRNOG00000055671	0
ENSRNOG00000055672	0.83
ENSRNOG00000055673	10.05
ENSRNOG00000055674	0
ENSRNOG00000055675	4.23
ENSRNOG00000055676	0
ENSRNOG00000055677	0
ENSRNOG00000055678	0
ENSRNOG00000055679	2.47
ENSRNOG00000055680	0
ENSRNOG00000055681	0.18
ENSRNOG00000055682	0.61
ENSRNOG00000055683	0.32
ENSRNOG00000055684	0
ENSRNOG00000055685	0.13
ENSRNOG00000055686	0.07
ENSRNOG00000055687	2.29
ENSRNOG00000055688	0
ENSRNOG00000055689	0
ENSRNOG00000055690	0
ENSRNOG00000055691	0
ENSRNOG00000055692	0
ENSRNOG00000055693	0
ENSRNOG00000055694	0.33
ENSRNOG00000055695	2.4
ENSRNOG00000055696	0
ENSRNOG00000055697	0
ENSRNOG00000055698	0.51
ENSRNOG00000055699	0
ENSRNOG00000055700	1.17
ENSRNOG00000055701	0
ENSRNOG00000055702	0
ENSRNOG00000055703	0
ENSRNOG00000055704	0
ENSRNOG00000055705	0.27
ENSRNOG00000055706	0
ENSRNOG00000055707	0.22
ENSRNOG00000055708	0
ENSRNOG00000055709	0
ENSRNOG00000055710	0
ENSRNOG00000055711	1.26
ENSRNOG00000055712	0
ENSRNOG00000055713	0
ENSRNOG00000055714	1.44
ENSRNOG00000055715	1.3
ENSRNOG00000055716	0.98
ENSRNOG00000055717	0
ENSRNOG00000055718	2.57
ENSRNOG00000055719	0
ENSRNOG00000055720	0
ENSRNOG00000055721	7.71
ENSRNOG00000055722	0
ENSRNOG00000055723	0
ENSRNOG00000055724	0
ENSRNOG00000055725	0
ENSRNOG00000055726	0
ENSRNOG00000055727	0
ENSRNOG00000055728	0
ENSRNOG00000055729	0.05
ENSRNOG00000055730	0.05
ENSRNOG00000055731	0
ENSRNOG00000055732	0
ENSRNOG00000055733	0.29
ENSRNOG00000055734	0
ENSRNOG00000055735	0
ENSRNOG00000055736	0
ENSRNOG00000055737	0.52
ENSRNOG00000055738	0.83
ENSRNOG00000055739	0
ENSRNOG00000055740	0
ENSRNOG00000055741	0.34
ENSRNOG00000055742	0.25
ENSRNOG00000055743	0
ENSRNOG00000055744	0
ENSRNOG00000055745	2.87
ENSRNOG00000055746	0
ENSRNOG00000055747	0.78
ENSRNOG00000055748	0
ENSRNOG00000055749	0
ENSRNOG00000055750	0
ENSRNOG00000055751	1.56
ENSRNOG00000055752	0
ENSRNOG00000055753	0
ENSRNOG00000055754	0.65
ENSRNOG00000055755	0
ENSRNOG00000055756	55.65
ENSRNOG00000055757	0.6
ENSRNOG00000055758	0
ENSRNOG00000055759	0
ENSRNOG00000055760	17.62
ENSRNOG00000055761	14.73
ENSRNOG00000055762	0.13
ENSRNOG00000055763	0
ENSRNOG00000055764	0
ENSRNOG00000055765	43.47
ENSRNOG00000055766	4.43
ENSRNOG00000055767	0.29
ENSRNOG00000055768	0.96
ENSRNOG00000055769	0.22
ENSRNOG00000055770	0
ENSRNOG00000055771	0
ENSRNOG00000055772	0
ENSRNOG00000055773	0.21
ENSRNOG00000055774	0
ENSRNOG00000055775	0
ENSRNOG00000055776	4.2
ENSRNOG00000055777	1.01
ENSRNOG00000055778	0
ENSRNOG00000055779	15.32
ENSRNOG00000055780	0
ENSRNOG00000055781	0
ENSRNOG00000055782	0
ENSRNOG00000055783	0
ENSRNOG00000055784	0
ENSRNOG00000055785	0
ENSRNOG00000055786	0
ENSRNOG00000055787	0
ENSRNOG00000055788	0
ENSRNOG00000055789	0.25
ENSRNOG00000055790	0.18
ENSRNOG00000055791	0
ENSRNOG00000055792	1.86
ENSRNOG00000055793	0.3
ENSRNOG00000055794	0
ENSRNOG00000055795	14.84
ENSRNOG00000055796	0
ENSRNOG00000055797	0
ENSRNOG00000055798	0
ENSRNOG00000055799	0
ENSRNOG00000055800	0
ENSRNOG00000055801	0
ENSRNOG00000055802	0
ENSRNOG00000055803	0
ENSRNOG00000055804	0
ENSRNOG00000055805	0
ENSRNOG00000055806	0.75
ENSRNOG00000055807	0
ENSRNOG00000055808	0
ENSRNOG00000055809	0.95
ENSRNOG00000055810	0
ENSRNOG00000055811	0.22
ENSRNOG00000055812	0
ENSRNOG00000055813	0
ENSRNOG00000055814	0
ENSRNOG00000055815	0
ENSRNOG00000055816	0
ENSRNOG00000055817	4.52
ENSRNOG00000055818	0
ENSRNOG00000055819	0
ENSRNOG00000055820	0
ENSRNOG00000055821	0
ENSRNOG00000055822	0.33
ENSRNOG00000055823	0
ENSRNOG00000055824	1.2
ENSRNOG00000055825	2.6
ENSRNOG00000055826	0
ENSRNOG00000055827	0
ENSRNOG00000055828	0
ENSRNOG00000055829	0
ENSRNOG00000055830	0.12
ENSRNOG00000055831	0
ENSRNOG00000055832	0
ENSRNOG00000055833	0
ENSRNOG00000055834	0
ENSRNOG00000055835	0
ENSRNOG00000055836	0
ENSRNOG00000055837	0
ENSRNOG00000055838	0.23
ENSRNOG00000055839	0.53
ENSRNOG00000055840	0
ENSRNOG00000055841	0
ENSRNOG00000055842	0
ENSRNOG00000055843	0
ENSRNOG00000055844	1.04
ENSRNOG00000055845	3.68
ENSRNOG00000055846	5.48
ENSRNOG00000055847	0.16
ENSRNOG00000055848	0.45
ENSRNOG00000055849	0.06
ENSRNOG00000055850	0.18
ENSRNOG00000055851	0
ENSRNOG00000055852	0
ENSRNOG00000055853	14.97
ENSRNOG00000055854	0
ENSRNOG00000055855	0
ENSRNOG00000055856	0
ENSRNOG00000055857	0
ENSRNOG00000055858	0.87
ENSRNOG00000055859	0
ENSRNOG00000055860	90.86
ENSRNOG00000055861	1.65
ENSRNOG00000055862	0
ENSRNOG00000055863	0
ENSRNOG00000055864	0
ENSRNOG00000055865	1.24
ENSRNOG00000055866	0
ENSRNOG00000055867	0
ENSRNOG00000055868	0.25
ENSRNOG00000055869	0
ENSRNOG00000055870	0
ENSRNOG00000055871	0
ENSRNOG00000055872	0
ENSRNOG00000055873	0
ENSRNOG00000055874	0
ENSRNOG00000055875	0
ENSRNOG00000055876	0
ENSRNOG00000055877	0
ENSRNOG00000055878	1.16
ENSRNOG00000055879	0
ENSRNOG00000055880	0.2
ENSRNOG00000055881	0
ENSRNOG00000055882	0
ENSRNOG00000055883	0.54
ENSRNOG00000055884	0.63
ENSRNOG00000055885	0
ENSRNOG00000055886	1.07
ENSRNOG00000055887	0
ENSRNOG00000055888	0
ENSRNOG00000055889	0.88
ENSRNOG00000055890	0
ENSRNOG00000055891	0
ENSRNOG00000055892	1.02
ENSRNOG00000055893	0.69
ENSRNOG00000055894	0
ENSRNOG00000055895	0
ENSRNOG00000055896	0
ENSRNOG00000055897	0
ENSRNOG00000055898	0
ENSRNOG00000055899	0
ENSRNOG00000055900	0.61
ENSRNOG00000055901	0.28
ENSRNOG00000055902	0
ENSRNOG00000055903	0.23
ENSRNOG00000055904	0
ENSRNOG00000055905	0
ENSRNOG00000055906	0
ENSRNOG00000055907	0
ENSRNOG00000055908	11.76
ENSRNOG00000055909	0.05
ENSRNOG00000055910	0
ENSRNOG00000055911	0
ENSRNOG00000055912	0
ENSRNOG00000055913	0
ENSRNOG00000055914	0.36
ENSRNOG00000055915	12.64
ENSRNOG00000055916	0
ENSRNOG00000055917	14.77
ENSRNOG00000055918	0
ENSRNOG00000055919	0
ENSRNOG00000055920	0
ENSRNOG00000055921	0
ENSRNOG00000055922	0
ENSRNOG00000055923	0
ENSRNOG00000055924	0
ENSRNOG00000055925	68.19
ENSRNOG00000055926	0
ENSRNOG00000055927	0
ENSRNOG00000055928	0
ENSRNOG00000055929	0.78
ENSRNOG00000055930	0
ENSRNOG00000055931	0
ENSRNOG00000055932	0
ENSRNOG00000055933	0.27
ENSRNOG00000055934	7.42
ENSRNOG00000055935	0
ENSRNOG00000055936	71.1
ENSRNOG00000055937	0
ENSRNOG00000055938	0
ENSRNOG00000055939	95.2
ENSRNOG00000055940	0
ENSRNOG00000055941	3.03
ENSRNOG00000055942	0
ENSRNOG00000055943	0.06
ENSRNOG00000055944	0
ENSRNOG00000055945	0
ENSRNOG00000055946	0
ENSRNOG00000055947	0
ENSRNOG00000055948	0
ENSRNOG00000055949	0
ENSRNOG00000055950	0
ENSRNOG00000055951	0
ENSRNOG00000055952	14.55
ENSRNOG00000055953	0
ENSRNOG00000055954	0
ENSRNOG00000055955	1.26
ENSRNOG00000055956	0.16
ENSRNOG00000055957	0
ENSRNOG00000055958	0.18
ENSRNOG00000055959	0
ENSRNOG00000055960	0
ENSRNOG00000055961	0
ENSRNOG00000055962	13.55
ENSRNOG00000055963	0
ENSRNOG00000055964	0
ENSRNOG00000055965	1.17
ENSRNOG00000055966	0.12
ENSRNOG00000055967	0
ENSRNOG00000055968	3.01
ENSRNOG00000055969	0
ENSRNOG00000055970	0
ENSRNOG00000055971	0
ENSRNOG00000055972	0
ENSRNOG00000055973	0
ENSRNOG00000055974	0
ENSRNOG00000055975	0
ENSRNOG00000055976	2.79
ENSRNOG00000055977	0
ENSRNOG00000055978	0
ENSRNOG00000055979	0
ENSRNOG00000055980	0.79
ENSRNOG00000055981	0.27
ENSRNOG00000055982	0
ENSRNOG00000055983	0
ENSRNOG00000055984	48.26
ENSRNOG00000055985	0
ENSRNOG00000055986	0.26
ENSRNOG00000055987	0
ENSRNOG00000055988	0
ENSRNOG00000055989	0
ENSRNOG00000055990	36.13
ENSRNOG00000055991	0
ENSRNOG00000055992	0.03
ENSRNOG00000055993	0
ENSRNOG00000055994	0
ENSRNOG00000055995	0.14
ENSRNOG00000055996	0
ENSRNOG00000055997	0
ENSRNOG00000055998	0
ENSRNOG00000055999	0
ENSRNOG00000056000	0
ENSRNOG00000056001	0.04
ENSRNOG00000056002	0
ENSRNOG00000056003	0.47
ENSRNOG00000056004	0
ENSRNOG00000056005	0
ENSRNOG00000056006	0
ENSRNOG00000056007	0
ENSRNOG00000056008	0
ENSRNOG00000056009	28.37
ENSRNOG00000056010	0.01
ENSRNOG00000056011	2.4
ENSRNOG00000056012	7.49
ENSRNOG00000056013	0.43
ENSRNOG00000056014	0
ENSRNOG00000056015	0
ENSRNOG00000056016	0
ENSRNOG00000056017	28.4
ENSRNOG00000056018	0.1
ENSRNOG00000056019	0
ENSRNOG00000056020	0
ENSRNOG00000056021	0
ENSRNOG00000056022	0
ENSRNOG00000056023	0
ENSRNOG00000056024	10.68
ENSRNOG00000056025	0
ENSRNOG00000056026	2.76
ENSRNOG00000056027	0
ENSRNOG00000056028	0
ENSRNOG00000056029	0
ENSRNOG00000056030	0
ENSRNOG00000056031	0
ENSRNOG00000056032	0.72
ENSRNOG00000056033	0.03
ENSRNOG00000056034	0
ENSRNOG00000056035	0
ENSRNOG00000056036	2.34
ENSRNOG00000056037	0.05
ENSRNOG00000056038	5.41
ENSRNOG00000056039	0
ENSRNOG00000056040	25.94
ENSRNOG00000056041	11.65
ENSRNOG00000056042	0
ENSRNOG00000056043	0
ENSRNOG00000056044	0
ENSRNOG00000056045	0
ENSRNOG00000056046	0.6
ENSRNOG00000056047	0.12
ENSRNOG00000056048	0
ENSRNOG00000056049	0
ENSRNOG00000056050	0.96
ENSRNOG00000056051	0
ENSRNOG00000056052	0
ENSRNOG00000056053	0
ENSRNOG00000056054	0
ENSRNOG00000056055	0
ENSRNOG00000056056	0
ENSRNOG00000056057	0.2
ENSRNOG00000056058	0.54
ENSRNOG00000056059	0
ENSRNOG00000056060	1.31
ENSRNOG00000056061	0
ENSRNOG00000056062	0
ENSRNOG00000056063	0
ENSRNOG00000056064	0
ENSRNOG00000056065	0
ENSRNOG00000056066	0
ENSRNOG00000056067	0
ENSRNOG00000056068	0
ENSRNOG00000056069	0.34
ENSRNOG00000056070	0
ENSRNOG00000056071	0
ENSRNOG00000056072	0
ENSRNOG00000056073	0.2
ENSRNOG00000056074	0
ENSRNOG00000056075	0
ENSRNOG00000056076	0
ENSRNOG00000056077	0
ENSRNOG00000056078	0
ENSRNOG00000056079	0
ENSRNOG00000056080	0
ENSRNOG00000056081	0
ENSRNOG00000056082	0.47
ENSRNOG00000056083	0
ENSRNOG00000056084	1.68
ENSRNOG00000056085	0
ENSRNOG00000056086	0
ENSRNOG00000056087	3.35
ENSRNOG00000056088	0
ENSRNOG00000056089	0
ENSRNOG00000056090	0
ENSRNOG00000056091	0
ENSRNOG00000056092	0.04
ENSRNOG00000056093	0
ENSRNOG00000056094	0.35
ENSRNOG00000056095	0
ENSRNOG00000056096	0
ENSRNOG00000056097	0
ENSRNOG00000056098	13.61
ENSRNOG00000056099	0.22
ENSRNOG00000056100	0
ENSRNOG00000056101	0
ENSRNOG00000056102	0
ENSRNOG00000056103	0
ENSRNOG00000056104	0
ENSRNOG00000056105	0
ENSRNOG00000056106	27.85
ENSRNOG00000056107	0
ENSRNOG00000056108	1.26
ENSRNOG00000056109	0
ENSRNOG00000056110	0
ENSRNOG00000056111	0
ENSRNOG00000056112	0.26
ENSRNOG00000056113	0
ENSRNOG00000056114	0.25
ENSRNOG00000056115	29.44
ENSRNOG00000056116	0
ENSRNOG00000056117	0
ENSRNOG00000056118	30.34
ENSRNOG00000056119	0
ENSRNOG00000056120	0
ENSRNOG00000056121	0
ENSRNOG00000056122	0
ENSRNOG00000056123	0
ENSRNOG00000056124	0
ENSRNOG00000056125	0
ENSRNOG00000056126	0
ENSRNOG00000056127	0
ENSRNOG00000056128	10.99
ENSRNOG00000056129	0.12
ENSRNOG00000056130	5.21
ENSRNOG00000056131	0
ENSRNOG00000056132	0
ENSRNOG00000056133	0
ENSRNOG00000056134	0.42
ENSRNOG00000056135	42.12
ENSRNOG00000056136	0
ENSRNOG00000056137	0
ENSRNOG00000056138	1.24
ENSRNOG00000056139	0
ENSRNOG00000056140	0
ENSRNOG00000056141	0
ENSRNOG00000056142	0
ENSRNOG00000056143	0.21
ENSRNOG00000056144	0
ENSRNOG00000056145	0
ENSRNOG00000056146	0
ENSRNOG00000056147	0
ENSRNOG00000056148	27.89
ENSRNOG00000056149	0.61
ENSRNOG00000056150	33.09
ENSRNOG00000056151	5.74
ENSRNOG00000056152	0
ENSRNOG00000056153	0.1
ENSRNOG00000056154	0
ENSRNOG00000056155	0
ENSRNOG00000056156	16.48
ENSRNOG00000056157	0
ENSRNOG00000056158	0
ENSRNOG00000056159	0
ENSRNOG00000056160	0
ENSRNOG00000056161	0
ENSRNOG00000056162	0.18
ENSRNOG00000056163	0
ENSRNOG00000056164	0
ENSRNOG00000056165	0.25
ENSRNOG00000056166	0
ENSRNOG00000056167	0
ENSRNOG00000056168	0
ENSRNOG00000056169	0
ENSRNOG00000056170	0
ENSRNOG00000056171	0
ENSRNOG00000056172	0
ENSRNOG00000056173	0
ENSRNOG00000056174	26.13
ENSRNOG00000056175	0
ENSRNOG00000056176	0.42
ENSRNOG00000056177	0.04
ENSRNOG00000056178	0
ENSRNOG00000056179	0
ENSRNOG00000056180	1.37
ENSRNOG00000056181	0
ENSRNOG00000056182	1.13
ENSRNOG00000056183	0
ENSRNOG00000056184	0.17
ENSRNOG00000056185	0
ENSRNOG00000056186	0
ENSRNOG00000056187	0.53
ENSRNOG00000056188	0.15
ENSRNOG00000056189	0
ENSRNOG00000056190	0
ENSRNOG00000056191	0
ENSRNOG00000056192	0
ENSRNOG00000056193	8.3
ENSRNOG00000056194	0
ENSRNOG00000056195	0
ENSRNOG00000056196	0
ENSRNOG00000056197	0
ENSRNOG00000056198	0
ENSRNOG00000056199	0
ENSRNOG00000056200	2.8
ENSRNOG00000056201	0.06
ENSRNOG00000056202	0
ENSRNOG00000056203	0
ENSRNOG00000056204	0
ENSRNOG00000056205	0
ENSRNOG00000056206	0.6
ENSRNOG00000056207	69.12
ENSRNOG00000056208	0
ENSRNOG00000056209	0.08
ENSRNOG00000056210	0
ENSRNOG00000056211	0
ENSRNOG00000056212	3.19
ENSRNOG00000056213	0
ENSRNOG00000056214	5.23
ENSRNOG00000056215	0
ENSRNOG00000056216	2.23
ENSRNOG00000056217	0.9
ENSRNOG00000056218	0
ENSRNOG00000056219	0.22
ENSRNOG00000056220	0
ENSRNOG00000056221	3.33
ENSRNOG00000056222	0.1
ENSRNOG00000056223	14.19
ENSRNOG00000056224	0
ENSRNOG00000056225	0
ENSRNOG00000056226	1.82
ENSRNOG00000056227	0
ENSRNOG00000056228	4.78
ENSRNOG00000056229	0
ENSRNOG00000056230	0.06
ENSRNOG00000056231	0
ENSRNOG00000056232	0
ENSRNOG00000056233	55.61
ENSRNOG00000056234	0
ENSRNOG00000056235	0
ENSRNOG00000056236	0.18
ENSRNOG00000056237	0
ENSRNOG00000056238	0.83
ENSRNOG00000056239	0
ENSRNOG00000056240	0
ENSRNOG00000056241	0.5
ENSRNOG00000056242	0
ENSRNOG00000056243	3.16
ENSRNOG00000056244	0
ENSRNOG00000056245	0
ENSRNOG00000056246	49.59
ENSRNOG00000056247	0.95
ENSRNOG00000056248	0
ENSRNOG00000056249	0.68
ENSRNOG00000056250	0
ENSRNOG00000056251	0
ENSRNOG00000056252	0
ENSRNOG00000056253	0
ENSRNOG00000056254	0
ENSRNOG00000056255	0
ENSRNOG00000056256	0
ENSRNOG00000056257	88.5
ENSRNOG00000056258	0
ENSRNOG00000056259	0
ENSRNOG00000056260	0
ENSRNOG00000056261	0
ENSRNOG00000056262	0
ENSRNOG00000056263	0
ENSRNOG00000056264	0.72
ENSRNOG00000056265	1.4
ENSRNOG00000056266	0
ENSRNOG00000056267	0
ENSRNOG00000056268	4.22
ENSRNOG00000056269	0.79
ENSRNOG00000056270	0
ENSRNOG00000056271	0
ENSRNOG00000056272	0
ENSRNOG00000056273	0
ENSRNOG00000056274	0
ENSRNOG00000056275	0
ENSRNOG00000056276	0.48
ENSRNOG00000056277	0
ENSRNOG00000056278	1.53
ENSRNOG00000056279	3.12
ENSRNOG00000056280	0
ENSRNOG00000056281	0.16
ENSRNOG00000056282	0
ENSRNOG00000056283	0
ENSRNOG00000056284	0
ENSRNOG00000056285	0
ENSRNOG00000056286	0
ENSRNOG00000056287	0
ENSRNOG00000056288	0
ENSRNOG00000056289	0
ENSRNOG00000056290	0
ENSRNOG00000056291	0
ENSRNOG00000056292	0
ENSRNOG00000056293	0
ENSRNOG00000056294	0
ENSRNOG00000056295	0
ENSRNOG00000056296	0
ENSRNOG00000056297	6.79
ENSRNOG00000056298	1.96
ENSRNOG00000056299	0
ENSRNOG00000056300	0
ENSRNOG00000056301	0.84
ENSRNOG00000056302	0
ENSRNOG00000056303	0.6
ENSRNOG00000056304	0
ENSRNOG00000056305	0
ENSRNOG00000056306	0
ENSRNOG00000056307	0
ENSRNOG00000056308	0.69
ENSRNOG00000056309	1.39
ENSRNOG00000056310	0.27
ENSRNOG00000056311	0
ENSRNOG00000056312	0
ENSRNOG00000056313	0
ENSRNOG00000056314	1.68
ENSRNOG00000056315	0
ENSRNOG00000056316	0
ENSRNOG00000056317	0.5
ENSRNOG00000056318	0
ENSRNOG00000056319	0
ENSRNOG00000056320	0
ENSRNOG00000056321	0
ENSRNOG00000056322	0
ENSRNOG00000056323	0.46
ENSRNOG00000056324	0.08
ENSRNOG00000056325	26.89
ENSRNOG00000056326	0
ENSRNOG00000056327	0.4
ENSRNOG00000056328	0.33
ENSRNOG00000056329	0
ENSRNOG00000056330	0
ENSRNOG00000056331	0.49
ENSRNOG00000056332	28.88
ENSRNOG00000056333	0
ENSRNOG00000056334	0
ENSRNOG00000056335	0
ENSRNOG00000056336	0.51
ENSRNOG00000056337	19.06
ENSRNOG00000056338	0.23
ENSRNOG00000056339	0.07
ENSRNOG00000056340	0
ENSRNOG00000056341	0
ENSRNOG00000056342	0
ENSRNOG00000056343	7.55
ENSRNOG00000056344	0.4
ENSRNOG00000056345	0
ENSRNOG00000056346	0
ENSRNOG00000056347	0.12
ENSRNOG00000056348	0
ENSRNOG00000056349	0.34
ENSRNOG00000056350	8.35
ENSRNOG00000056351	0
ENSRNOG00000056352	0
ENSRNOG00000056353	0
ENSRNOG00000056354	0
ENSRNOG00000056355	0
ENSRNOG00000056356	0
ENSRNOG00000056357	0
ENSRNOG00000056358	0.03
ENSRNOG00000056359	0
ENSRNOG00000056360	0
ENSRNOG00000056361	0
ENSRNOG00000056362	1.91
ENSRNOG00000056363	0
ENSRNOG00000056364	0
ENSRNOG00000056365	0
ENSRNOG00000056366	0
ENSRNOG00000056367	0
ENSRNOG00000056368	0
ENSRNOG00000056369	0
ENSRNOG00000056370	0
ENSRNOG00000056371	17.07
ENSRNOG00000056372	0.53
ENSRNOG00000056373	0
ENSRNOG00000056374	9.92
ENSRNOG00000056375	0
ENSRNOG00000056376	9.29
ENSRNOG00000056377	0
ENSRNOG00000056378	0
ENSRNOG00000056379	0
ENSRNOG00000056380	0
ENSRNOG00000056381	0
ENSRNOG00000056382	0.97
ENSRNOG00000056383	0
ENSRNOG00000056384	0
ENSRNOG00000056385	0
ENSRNOG00000056386	0
ENSRNOG00000056387	3.84
ENSRNOG00000056388	0
ENSRNOG00000056389	0.83
ENSRNOG00000056390	0
ENSRNOG00000056391	0
ENSRNOG00000056392	0
ENSRNOG00000056393	0
ENSRNOG00000056394	0
ENSRNOG00000056395	0
ENSRNOG00000056396	0
ENSRNOG00000056397	12.28
ENSRNOG00000056398	6.41
ENSRNOG00000056399	0
ENSRNOG00000056400	0
ENSRNOG00000056401	0
ENSRNOG00000056402	0
ENSRNOG00000056403	0
ENSRNOG00000056404	0
ENSRNOG00000056405	0
ENSRNOG00000056406	0
ENSRNOG00000056407	0.84
ENSRNOG00000056408	0
ENSRNOG00000056409	0
ENSRNOG00000056410	0.41
ENSRNOG00000056411	0
ENSRNOG00000056412	0
ENSRNOG00000056413	0.05
ENSRNOG00000056414	0
ENSRNOG00000056415	0
ENSRNOG00000056416	0
ENSRNOG00000056417	0.97
ENSRNOG00000056418	0.22
ENSRNOG00000056419	0
ENSRNOG00000056420	2.42
ENSRNOG00000056421	2.08
ENSRNOG00000056422	5.52
ENSRNOG00000056423	0
ENSRNOG00000056424	0
ENSRNOG00000056425	0
ENSRNOG00000056426	0
ENSRNOG00000056427	0.87
ENSRNOG00000056428	0.1
ENSRNOG00000056429	1.14
ENSRNOG00000056430	0
ENSRNOG00000056431	0
ENSRNOG00000056432	0
ENSRNOG00000056433	0
ENSRNOG00000056434	1.91
ENSRNOG00000056435	19.27
ENSRNOG00000056436	0
ENSRNOG00000056437	0
ENSRNOG00000056438	27.27
ENSRNOG00000056439	0
ENSRNOG00000056440	0
ENSRNOG00000056441	0
ENSRNOG00000056442	0.22
ENSRNOG00000056443	0
ENSRNOG00000056444	0
ENSRNOG00000056445	0
ENSRNOG00000056446	0.84
ENSRNOG00000056447	0
ENSRNOG00000056448	1.21
ENSRNOG00000056449	0
ENSRNOG00000056450	0.66
ENSRNOG00000056451	0
ENSRNOG00000056452	0
ENSRNOG00000056453	0
ENSRNOG00000056454	65.54
ENSRNOG00000056455	0
ENSRNOG00000056456	0
ENSRNOG00000056457	38.63
ENSRNOG00000056458	3.49
ENSRNOG00000056459	0
ENSRNOG00000056460	0
ENSRNOG00000056461	0
ENSRNOG00000056462	27.49
ENSRNOG00000056463	0
ENSRNOG00000056464	0
ENSRNOG00000056465	0
ENSRNOG00000056466	0
ENSRNOG00000056467	0
ENSRNOG00000056468	0
ENSRNOG00000056469	0
ENSRNOG00000056470	0
ENSRNOG00000056471	0.63
ENSRNOG00000056472	0
ENSRNOG00000056473	0
ENSRNOG00000056474	26.69
ENSRNOG00000056475	0
ENSRNOG00000056476	0.77
ENSRNOG00000056477	0
ENSRNOG00000056478	0.63
ENSRNOG00000056479	0
ENSRNOG00000056480	0
ENSRNOG00000056481	0
ENSRNOG00000056482	0
ENSRNOG00000056483	0
ENSRNOG00000056484	0
ENSRNOG00000056485	0.21
ENSRNOG00000056486	0
ENSRNOG00000056487	45.41
ENSRNOG00000056488	2.89
ENSRNOG00000056489	0
ENSRNOG00000056490	0.21
ENSRNOG00000056491	0
ENSRNOG00000056492	0
ENSRNOG00000056493	14.71
ENSRNOG00000056494	0
ENSRNOG00000056495	0
ENSRNOG00000056496	0
ENSRNOG00000056497	0
ENSRNOG00000056498	0.31
ENSRNOG00000056499	0
ENSRNOG00000056500	0
ENSRNOG00000056501	0
ENSRNOG00000056502	0
ENSRNOG00000056503	0
ENSRNOG00000056504	0
ENSRNOG00000056505	0
ENSRNOG00000056506	0
ENSRNOG00000056507	1.67
ENSRNOG00000056508	0
ENSRNOG00000056509	0
ENSRNOG00000056510	0
ENSRNOG00000056511	0
ENSRNOG00000056512	0
ENSRNOG00000056513	0.42
ENSRNOG00000056514	0
ENSRNOG00000056515	0
ENSRNOG00000056516	0.68
ENSRNOG00000056517	0
ENSRNOG00000056518	22.29
ENSRNOG00000056519	0
ENSRNOG00000056520	0
ENSRNOG00000056521	0.75
ENSRNOG00000056522	0
ENSRNOG00000056523	0
ENSRNOG00000056524	4.57
ENSRNOG00000056525	0
ENSRNOG00000056526	0.57
ENSRNOG00000056527	0.82
ENSRNOG00000056528	0
ENSRNOG00000056529	0
ENSRNOG00000056530	0
ENSRNOG00000056531	0
ENSRNOG00000056532	0.19
ENSRNOG00000056533	0
ENSRNOG00000056534	0
ENSRNOG00000056535	0
ENSRNOG00000056536	0
ENSRNOG00000056537	0.46
ENSRNOG00000056538	0
ENSRNOG00000056539	0
ENSRNOG00000056540	0.18
ENSRNOG00000056541	0
ENSRNOG00000056542	0.07
ENSRNOG00000056543	0
ENSRNOG00000056544	0
ENSRNOG00000056545	0
ENSRNOG00000056546	0
ENSRNOG00000056547	0
ENSRNOG00000056548	0.45
ENSRNOG00000056549	0
ENSRNOG00000056550	14.43
ENSRNOG00000056551	0
ENSRNOG00000056552	0
ENSRNOG00000056553	0.5
ENSRNOG00000056554	0
ENSRNOG00000056555	2.39
ENSRNOG00000056556	1.28
ENSRNOG00000056557	0
ENSRNOG00000056558	12.3
ENSRNOG00000056559	1.64
ENSRNOG00000056560	0
ENSRNOG00000056561	0
ENSRNOG00000056562	20.38
ENSRNOG00000056563	0
ENSRNOG00000056564	0
ENSRNOG00000056565	0.29
ENSRNOG00000056566	0
ENSRNOG00000056567	1.22
ENSRNOG00000056568	0
ENSRNOG00000056569	0
ENSRNOG00000056570	0
ENSRNOG00000056571	3.14
ENSRNOG00000056572	0.12
ENSRNOG00000056573	0
ENSRNOG00000056574	0.27
ENSRNOG00000056575	0.54
ENSRNOG00000056576	0
ENSRNOG00000056577	7.67
ENSRNOG00000056578	0
ENSRNOG00000056579	0
ENSRNOG00000056580	0.43
ENSRNOG00000056581	0
ENSRNOG00000056582	0.09
ENSRNOG00000056583	0
ENSRNOG00000056584	0
ENSRNOG00000056585	85.1
ENSRNOG00000056586	0
ENSRNOG00000056587	0
ENSRNOG00000056588	0
ENSRNOG00000056589	0
ENSRNOG00000056590	0
ENSRNOG00000056591	0
ENSRNOG00000056592	0.38
ENSRNOG00000056593	0
ENSRNOG00000056594	0
ENSRNOG00000056595	0
ENSRNOG00000056596	29.04
ENSRNOG00000056597	0
ENSRNOG00000056598	0
ENSRNOG00000056599	3.41
ENSRNOG00000056600	0
ENSRNOG00000056601	0
ENSRNOG00000056602	0
ENSRNOG00000056603	0
ENSRNOG00000056604	0
ENSRNOG00000056605	0
ENSRNOG00000056606	0
ENSRNOG00000056607	0.5
ENSRNOG00000056608	5.05
ENSRNOG00000056609	7.16
ENSRNOG00000056610	8.84
ENSRNOG00000056611	0
ENSRNOG00000056612	21.6
ENSRNOG00000056613	0
ENSRNOG00000056614	0
ENSRNOG00000056615	0
ENSRNOG00000056616	0
ENSRNOG00000056617	1.72
ENSRNOG00000056618	0
ENSRNOG00000056619	0
ENSRNOG00000056620	0.74
ENSRNOG00000056621	0.29
ENSRNOG00000056622	3.47
ENSRNOG00000056623	0
ENSRNOG00000056624	1.08
ENSRNOG00000056625	0
ENSRNOG00000056626	0
ENSRNOG00000056627	0
ENSRNOG00000056628	34.12
ENSRNOG00000056629	0
ENSRNOG00000056630	0
ENSRNOG00000056631	0.54
ENSRNOG00000056632	0
ENSRNOG00000056633	0
ENSRNOG00000056634	0
ENSRNOG00000056635	0
ENSRNOG00000056636	0
ENSRNOG00000056637	23.33
ENSRNOG00000056638	1.79
ENSRNOG00000056639	0
ENSRNOG00000056640	0
ENSRNOG00000056641	1.49
ENSRNOG00000056642	0.29
ENSRNOG00000056643	13.7
ENSRNOG00000056644	0
ENSRNOG00000056645	0
ENSRNOG00000056646	0
ENSRNOG00000056647	11.89
ENSRNOG00000056648	5.25
ENSRNOG00000056649	0
ENSRNOG00000056650	0
ENSRNOG00000056651	0
ENSRNOG00000056652	0
ENSRNOG00000056653	0
ENSRNOG00000056654	0.84
ENSRNOG00000056655	0
ENSRNOG00000056656	0.8
ENSRNOG00000056657	0
ENSRNOG00000056658	8.99
ENSRNOG00000056659	12.24
ENSRNOG00000056660	0.16
ENSRNOG00000056661	0
ENSRNOG00000056662	0
ENSRNOG00000056663	0.44
ENSRNOG00000056664	0
ENSRNOG00000056665	0
ENSRNOG00000056666	0
ENSRNOG00000056667	0
ENSRNOG00000056668	0.47
ENSRNOG00000056669	0
ENSRNOG00000056670	7.01
ENSRNOG00000056671	0
ENSRNOG00000056672	0
ENSRNOG00000056673	0
ENSRNOG00000056674	0
ENSRNOG00000056675	0
ENSRNOG00000056676	0
ENSRNOG00000056677	0
ENSRNOG00000056678	10.67
ENSRNOG00000056679	0
ENSRNOG00000056680	0
ENSRNOG00000056681	0
ENSRNOG00000056682	0
ENSRNOG00000056683	0
ENSRNOG00000056684	0
ENSRNOG00000056685	0.85
ENSRNOG00000056686	0
ENSRNOG00000056687	0
ENSRNOG00000056688	0.2
ENSRNOG00000056689	0
ENSRNOG00000056690	0
ENSRNOG00000056691	0
ENSRNOG00000056692	0.64
ENSRNOG00000056693	0
ENSRNOG00000056694	5.52
ENSRNOG00000056695	0
ENSRNOG00000056696	0
ENSRNOG00000056697	60.4
ENSRNOG00000056698	0
ENSRNOG00000056699	0.42
ENSRNOG00000056700	0
ENSRNOG00000056701	15.56
ENSRNOG00000056702	0
ENSRNOG00000056703	15.8
ENSRNOG00000056704	0.15
ENSRNOG00000056705	0
ENSRNOG00000056706	0
ENSRNOG00000056707	0
ENSRNOG00000056708	0.58
ENSRNOG00000056709	0
ENSRNOG00000056710	0
ENSRNOG00000056711	0
ENSRNOG00000056712	0
ENSRNOG00000056713	0
ENSRNOG00000056714	1.04
ENSRNOG00000056715	0.07
ENSRNOG00000056716	3.24
ENSRNOG00000056717	0
ENSRNOG00000056718	4.97
ENSRNOG00000056719	0
ENSRNOG00000056720	0
ENSRNOG00000056721	3.79
ENSRNOG00000056722	0.41
ENSRNOG00000056723	1.22
ENSRNOG00000056724	0
ENSRNOG00000056725	0.15
ENSRNOG00000056726	0
ENSRNOG00000056727	0
ENSRNOG00000056728	48.52
ENSRNOG00000056729	0.19
ENSRNOG00000056730	0
ENSRNOG00000056731	2.54
ENSRNOG00000056732	0
ENSRNOG00000056733	0
ENSRNOG00000056734	0
ENSRNOG00000056735	10.29
ENSRNOG00000056736	0
ENSRNOG00000056737	4.3
ENSRNOG00000056738	0
ENSRNOG00000056739	1.34
ENSRNOG00000056740	0
ENSRNOG00000056741	0
ENSRNOG00000056742	0
ENSRNOG00000056743	0
ENSRNOG00000056744	0
ENSRNOG00000056745	0
ENSRNOG00000056746	0.61
ENSRNOG00000056747	0
ENSRNOG00000056748	0.05
ENSRNOG00000056749	1.37
ENSRNOG00000056750	0
ENSRNOG00000056751	0
ENSRNOG00000056752	0
ENSRNOG00000056753	5.38
ENSRNOG00000056754	0
ENSRNOG00000056755	1.42
ENSRNOG00000056756	46.88
ENSRNOG00000056757	0
ENSRNOG00000056758	0.15
ENSRNOG00000056759	0
ENSRNOG00000056760	0
ENSRNOG00000056761	0
ENSRNOG00000056762	0
ENSRNOG00000056763	0
ENSRNOG00000056764	0
ENSRNOG00000056765	207.57
ENSRNOG00000056766	0
ENSRNOG00000056767	0.28
ENSRNOG00000056768	9.98
ENSRNOG00000056769	0
ENSRNOG00000056770	9.35
ENSRNOG00000056771	0
ENSRNOG00000056772	0.64
ENSRNOG00000056773	0.4
ENSRNOG00000056774	0
ENSRNOG00000056775	0
ENSRNOG00000056776	0
ENSRNOG00000056777	0
ENSRNOG00000056778	0.27
ENSRNOG00000056779	0
ENSRNOG00000056780	0
ENSRNOG00000056781	0.1
ENSRNOG00000056782	0.95
ENSRNOG00000056783	0
ENSRNOG00000056784	0
ENSRNOG00000056785	0
ENSRNOG00000056786	1.99
ENSRNOG00000056787	0
ENSRNOG00000056788	0
ENSRNOG00000056789	3.15
ENSRNOG00000056790	0
ENSRNOG00000056791	0
ENSRNOG00000056792	0
ENSRNOG00000056793	0.04
ENSRNOG00000056794	0.32
ENSRNOG00000056795	0
ENSRNOG00000056796	0
ENSRNOG00000056797	0
ENSRNOG00000056798	0
ENSRNOG00000056799	0
ENSRNOG00000056800	0
ENSRNOG00000056801	0.32
ENSRNOG00000056802	0.37
ENSRNOG00000056803	0
ENSRNOG00000056804	0
ENSRNOG00000056805	0
ENSRNOG00000056806	0
ENSRNOG00000056807	0
ENSRNOG00000056808	0
ENSRNOG00000056809	0
ENSRNOG00000056810	0.99
ENSRNOG00000056811	1.04
ENSRNOG00000056812	0
ENSRNOG00000056813	0
ENSRNOG00000056814	0
ENSRNOG00000056815	0
ENSRNOG00000056816	0.58
ENSRNOG00000056817	5.57
ENSRNOG00000056818	0
ENSRNOG00000056819	0.35
ENSRNOG00000056820	0
ENSRNOG00000056821	0
ENSRNOG00000056822	0
ENSRNOG00000056823	0
ENSRNOG00000056824	0.36
ENSRNOG00000056825	0
ENSRNOG00000056826	21.31
ENSRNOG00000056827	0
ENSRNOG00000056828	0
ENSRNOG00000056829	0
ENSRNOG00000056830	0
ENSRNOG00000056831	0.06
ENSRNOG00000056832	1.04
ENSRNOG00000056833	0
ENSRNOG00000056834	3
ENSRNOG00000056835	0
ENSRNOG00000056836	20.76
ENSRNOG00000056837	73.22
ENSRNOG00000056838	0
ENSRNOG00000056839	1.03
ENSRNOG00000056840	0
ENSRNOG00000056841	0
ENSRNOG00000056842	0
ENSRNOG00000056843	0
ENSRNOG00000056844	0
ENSRNOG00000056845	0
ENSRNOG00000056846	0
ENSRNOG00000056847	0.55
ENSRNOG00000056848	0
ENSRNOG00000056849	3.75
ENSRNOG00000056850	0
ENSRNOG00000056851	0
ENSRNOG00000056852	0.83
ENSRNOG00000056853	84.37
ENSRNOG00000056854	0
ENSRNOG00000056855	0.15
ENSRNOG00000056856	0
ENSRNOG00000056857	1.91
ENSRNOG00000056858	0
ENSRNOG00000056859	0
ENSRNOG00000056860	0.24
ENSRNOG00000056861	0
ENSRNOG00000056862	0
ENSRNOG00000056863	0
ENSRNOG00000056864	0.64
ENSRNOG00000056865	0
ENSRNOG00000056866	0
ENSRNOG00000056867	0.42
ENSRNOG00000056868	1.2
ENSRNOG00000056869	0.05
ENSRNOG00000056870	290.98
ENSRNOG00000056871	0
ENSRNOG00000056872	0
ENSRNOG00000056873	0
ENSRNOG00000056874	0.58
ENSRNOG00000056875	0
ENSRNOG00000056876	0
ENSRNOG00000056877	0
ENSRNOG00000056878	0.81
ENSRNOG00000056879	0
ENSRNOG00000056880	0
ENSRNOG00000056881	0
ENSRNOG00000056882	0
ENSRNOG00000056883	1.01
ENSRNOG00000056884	0
ENSRNOG00000056885	0.89
ENSRNOG00000056886	0
ENSRNOG00000056887	0
ENSRNOG00000056888	0
ENSRNOG00000056889	13.23
ENSRNOG00000056890	0.43
ENSRNOG00000056891	0
ENSRNOG00000056892	0
ENSRNOG00000056893	0
ENSRNOG00000056894	17.9
ENSRNOG00000056895	1.79
ENSRNOG00000056896	0
ENSRNOG00000056897	0
ENSRNOG00000056898	1.88
ENSRNOG00000056899	0
ENSRNOG00000056900	0
ENSRNOG00000056901	0
ENSRNOG00000056902	0
ENSRNOG00000056903	0
ENSRNOG00000056904	19.69
ENSRNOG00000056905	0
ENSRNOG00000056906	0
ENSRNOG00000056907	11.19
ENSRNOG00000056908	0
ENSRNOG00000056909	0
ENSRNOG00000056910	0
ENSRNOG00000056911	0
ENSRNOG00000056912	0
ENSRNOG00000056913	2.12
ENSRNOG00000056914	0
ENSRNOG00000056915	0
ENSRNOG00000056916	0.51
ENSRNOG00000056917	0
ENSRNOG00000056918	0
ENSRNOG00000056919	0
ENSRNOG00000056920	0
ENSRNOG00000056921	0
ENSRNOG00000056922	0
ENSRNOG00000056923	0
ENSRNOG00000056924	0
ENSRNOG00000056925	0
ENSRNOG00000056926	0
ENSRNOG00000056927	0
ENSRNOG00000056928	0
ENSRNOG00000056929	0
ENSRNOG00000056930	0
ENSRNOG00000056931	0
ENSRNOG00000056932	0
ENSRNOG00000056933	0.93
ENSRNOG00000056934	0
ENSRNOG00000056935	0
ENSRNOG00000056936	0.2
ENSRNOG00000056937	0
ENSRNOG00000056938	0
ENSRNOG00000056939	0
ENSRNOG00000056940	26.75
ENSRNOG00000056941	2.9
ENSRNOG00000056942	12.5
ENSRNOG00000056943	0
ENSRNOG00000056944	5.78
ENSRNOG00000056945	0
ENSRNOG00000056946	51.06
ENSRNOG00000056947	0.19
ENSRNOG00000056948	0
ENSRNOG00000056949	0
ENSRNOG00000056950	4.55
ENSRNOG00000056951	2.03
ENSRNOG00000056952	0
ENSRNOG00000056953	0
ENSRNOG00000056954	24
ENSRNOG00000056955	14.4
ENSRNOG00000056956	5.13
ENSRNOG00000056957	0
ENSRNOG00000056958	0
ENSRNOG00000056959	0
ENSRNOG00000056960	0
ENSRNOG00000056961	0
ENSRNOG00000056962	0
ENSRNOG00000056963	0
ENSRNOG00000056964	2.57
ENSRNOG00000056965	0
ENSRNOG00000056966	0
ENSRNOG00000056967	0
ENSRNOG00000056968	0
ENSRNOG00000056969	0
ENSRNOG00000056970	0
ENSRNOG00000056971	0
ENSRNOG00000056972	0.27
ENSRNOG00000056973	0
ENSRNOG00000056974	0
ENSRNOG00000056975	0
ENSRNOG00000056976	0
ENSRNOG00000056977	0.05
ENSRNOG00000056978	7.21
ENSRNOG00000056979	0
ENSRNOG00000056980	0
ENSRNOG00000056981	0
ENSRNOG00000056982	0
ENSRNOG00000056983	0.07
ENSRNOG00000056984	12.36
ENSRNOG00000056985	0
ENSRNOG00000056986	0
ENSRNOG00000056987	0
ENSRNOG00000056988	1.19
ENSRNOG00000056989	0
ENSRNOG00000056990	0.59
ENSRNOG00000056991	0
ENSRNOG00000056992	0
ENSRNOG00000056993	0
ENSRNOG00000056994	0
ENSRNOG00000056995	0
ENSRNOG00000056996	0.85
ENSRNOG00000056997	0
ENSRNOG00000056998	0
ENSRNOG00000056999	0
ENSRNOG00000057000	1.2
ENSRNOG00000057001	0
ENSRNOG00000057002	0
ENSRNOG00000057003	0.17
ENSRNOG00000057004	0
ENSRNOG00000057005	0
ENSRNOG00000057006	0
ENSRNOG00000057007	0
ENSRNOG00000057008	1.31
ENSRNOG00000057009	0.12
ENSRNOG00000057010	0
ENSRNOG00000057011	0
ENSRNOG00000057012	5.69
ENSRNOG00000057013	0
ENSRNOG00000057014	0
ENSRNOG00000057015	0
ENSRNOG00000057016	0.32
ENSRNOG00000057017	0.4
ENSRNOG00000057018	0
ENSRNOG00000057019	0
ENSRNOG00000057020	0
ENSRNOG00000057021	0
ENSRNOG00000057022	0.14
ENSRNOG00000057023	2.06
ENSRNOG00000057024	0
ENSRNOG00000057025	0
ENSRNOG00000057026	0
ENSRNOG00000057027	2.54
ENSRNOG00000057028	0.32
ENSRNOG00000057029	0
ENSRNOG00000057030	0
ENSRNOG00000057031	34.37
ENSRNOG00000057032	0
ENSRNOG00000057033	0.59
ENSRNOG00000057034	0
ENSRNOG00000057035	0
ENSRNOG00000057036	0
ENSRNOG00000057037	0.23
ENSRNOG00000057038	0.35
ENSRNOG00000057039	1.44
ENSRNOG00000057040	13.03
ENSRNOG00000057041	0
ENSRNOG00000057042	10.13
ENSRNOG00000057043	0
ENSRNOG00000057044	14.6
ENSRNOG00000057045	0.36
ENSRNOG00000057046	0
ENSRNOG00000057047	0
ENSRNOG00000057048	0
ENSRNOG00000057049	0
ENSRNOG00000057050	0.05
ENSRNOG00000057051	0
ENSRNOG00000057052	0.11
ENSRNOG00000057053	0
ENSRNOG00000057054	0.31
ENSRNOG00000057055	0
ENSRNOG00000057056	26.89
ENSRNOG00000057057	0.73
ENSRNOG00000057058	1.32
ENSRNOG00000057059	62.94
ENSRNOG00000057060	0
ENSRNOG00000057061	0
ENSRNOG00000057062	0
ENSRNOG00000057063	0
ENSRNOG00000057064	0
ENSRNOG00000057065	0
ENSRNOG00000057066	5.37
ENSRNOG00000057067	0
ENSRNOG00000057068	0
ENSRNOG00000057069	0
ENSRNOG00000057070	0
ENSRNOG00000057071	0
ENSRNOG00000057072	2.12
ENSRNOG00000057073	0
ENSRNOG00000057074	0
ENSRNOG00000057075	0.48
ENSRNOG00000057076	0
ENSRNOG00000057077	0
ENSRNOG00000057078	25.07
ENSRNOG00000057079	0
ENSRNOG00000057080	37.19
ENSRNOG00000057081	0
ENSRNOG00000057082	0.49
ENSRNOG00000057083	0
ENSRNOG00000057084	0
ENSRNOG00000057085	0.7
ENSRNOG00000057086	0
ENSRNOG00000057087	0
ENSRNOG00000057088	0
ENSRNOG00000057089	0.04
ENSRNOG00000057090	4.26
ENSRNOG00000057091	0
ENSRNOG00000057092	0.66
ENSRNOG00000057093	0
ENSRNOG00000057094	0
ENSRNOG00000057095	0
ENSRNOG00000057096	64.67
ENSRNOG00000057097	2.13
ENSRNOG00000057098	0
ENSRNOG00000057099	0.96
ENSRNOG00000057100	0
ENSRNOG00000057101	0.69
ENSRNOG00000057102	73.79
ENSRNOG00000057103	0
ENSRNOG00000057104	0
ENSRNOG00000057105	0
ENSRNOG00000057106	1.01
ENSRNOG00000057107	0.85
ENSRNOG00000057108	0
ENSRNOG00000057109	0
ENSRNOG00000057110	0.06
ENSRNOG00000057111	0
ENSRNOG00000057112	0
ENSRNOG00000057113	0
ENSRNOG00000057114	0
ENSRNOG00000057115	0
ENSRNOG00000057116	20.24
ENSRNOG00000057117	0.19
ENSRNOG00000057118	0
ENSRNOG00000057119	0
ENSRNOG00000057120	0
ENSRNOG00000057121	0
ENSRNOG00000057122	0
ENSRNOG00000057123	0
ENSRNOG00000057124	0
ENSRNOG00000057125	70.1
ENSRNOG00000057126	0.46
ENSRNOG00000057127	0.86
ENSRNOG00000057128	0
ENSRNOG00000057129	0.14
ENSRNOG00000057130	0
ENSRNOG00000057131	0
ENSRNOG00000057132	0
ENSRNOG00000057133	0
ENSRNOG00000057134	0
ENSRNOG00000057135	0
ENSRNOG00000057136	0
ENSRNOG00000057137	2.33
ENSRNOG00000057138	0
ENSRNOG00000057139	0
ENSRNOG00000057140	0
ENSRNOG00000057141	0.2
ENSRNOG00000057142	0
ENSRNOG00000057143	0
ENSRNOG00000057144	0.34
ENSRNOG00000057145	0
ENSRNOG00000057146	0.52
ENSRNOG00000057147	68.31
ENSRNOG00000057148	0
ENSRNOG00000057149	0
ENSRNOG00000057150	0
ENSRNOG00000057151	0
ENSRNOG00000057152	3.96
ENSRNOG00000057153	1.45
ENSRNOG00000057154	0
ENSRNOG00000057155	0
ENSRNOG00000057156	0
ENSRNOG00000057157	0
ENSRNOG00000057158	0
ENSRNOG00000057159	1.77
ENSRNOG00000057160	0
ENSRNOG00000057161	25.4
ENSRNOG00000057162	0.31
ENSRNOG00000057163	0
ENSRNOG00000057164	0
ENSRNOG00000057165	0
ENSRNOG00000057166	0
ENSRNOG00000057167	0
ENSRNOG00000057168	2.42
ENSRNOG00000057169	0
ENSRNOG00000057170	0
ENSRNOG00000057171	0
ENSRNOG00000057172	0
ENSRNOG00000057173	0.07
ENSRNOG00000057174	0
ENSRNOG00000057175	0
ENSRNOG00000057176	0
ENSRNOG00000057177	0.27
ENSRNOG00000057178	0
ENSRNOG00000057179	0
ENSRNOG00000057180	0
ENSRNOG00000057181	0
ENSRNOG00000057182	0
ENSRNOG00000057183	0
ENSRNOG00000057184	0
ENSRNOG00000057185	0
ENSRNOG00000057186	7.66
ENSRNOG00000057187	0
ENSRNOG00000057188	0.21
ENSRNOG00000057189	0.06
ENSRNOG00000057190	1.48
ENSRNOG00000057191	0
ENSRNOG00000057192	0
ENSRNOG00000057193	0
ENSRNOG00000057194	19.12
ENSRNOG00000057195	0.06
ENSRNOG00000057196	0
ENSRNOG00000057197	0
ENSRNOG00000057198	0.53
ENSRNOG00000057199	0
ENSRNOG00000057200	0
ENSRNOG00000057201	0.97
ENSRNOG00000057202	0
ENSRNOG00000057203	0
ENSRNOG00000057204	10.47
ENSRNOG00000057205	0
ENSRNOG00000057206	0
ENSRNOG00000057207	0.15
ENSRNOG00000057208	0.11
ENSRNOG00000057209	0
ENSRNOG00000057210	0
ENSRNOG00000057211	0
ENSRNOG00000057212	0.88
ENSRNOG00000057213	2.58
ENSRNOG00000057214	9.25
ENSRNOG00000057215	0
ENSRNOG00000057216	0
ENSRNOG00000057217	0
ENSRNOG00000057218	0
ENSRNOG00000057219	0
ENSRNOG00000057220	0
ENSRNOG00000057221	41.68
ENSRNOG00000057222	10.41
ENSRNOG00000057223	0
ENSRNOG00000057224	0
ENSRNOG00000057225	0
ENSRNOG00000057226	0
ENSRNOG00000057227	2.73
ENSRNOG00000057228	5.39
ENSRNOG00000057229	0
ENSRNOG00000057230	0
ENSRNOG00000057231	22.45
ENSRNOG00000057232	0
ENSRNOG00000057233	0
ENSRNOG00000057234	0
ENSRNOG00000057235	6.78
ENSRNOG00000057236	1.92
ENSRNOG00000057237	0
ENSRNOG00000057238	1.92
ENSRNOG00000057239	0
ENSRNOG00000057240	3.63
ENSRNOG00000057241	0.87
ENSRNOG00000057242	0
ENSRNOG00000057243	0.32
ENSRNOG00000057244	0
ENSRNOG00000057245	0.29
ENSRNOG00000057246	0
ENSRNOG00000057247	0
ENSRNOG00000057248	0
ENSRNOG00000057249	3.58
ENSRNOG00000057250	1.68
ENSRNOG00000057251	0
ENSRNOG00000057252	0.61
ENSRNOG00000057253	0.06
ENSRNOG00000057254	0
ENSRNOG00000057255	0
ENSRNOG00000057256	2.3
ENSRNOG00000057257	0
ENSRNOG00000057258	0.08
ENSRNOG00000057259	0
ENSRNOG00000057260	1.24
ENSRNOG00000057261	0
ENSRNOG00000057262	0
ENSRNOG00000057263	0
ENSRNOG00000057264	0
ENSRNOG00000057265	0
ENSRNOG00000057266	0
ENSRNOG00000057267	0
ENSRNOG00000057268	0
ENSRNOG00000057269	0
ENSRNOG00000057270	1.03
ENSRNOG00000057271	0.62
ENSRNOG00000057272	0
ENSRNOG00000057273	0.29
ENSRNOG00000057274	0
ENSRNOG00000057275	0.62
ENSRNOG00000057276	0
ENSRNOG00000057277	0
ENSRNOG00000057278	38.01
ENSRNOG00000057279	1.38
ENSRNOG00000057280	0
ENSRNOG00000057281	0
ENSRNOG00000057282	0
ENSRNOG00000057283	0
ENSRNOG00000057284	57.56
ENSRNOG00000057285	0
ENSRNOG00000057286	0
ENSRNOG00000057287	0.5
ENSRNOG00000057288	0
ENSRNOG00000057289	0
ENSRNOG00000057290	5.6
ENSRNOG00000057291	49.02
ENSRNOG00000057292	0
ENSRNOG00000057293	0
ENSRNOG00000057294	0
ENSRNOG00000057295	0
ENSRNOG00000057296	0.04
ENSRNOG00000057297	0.26
ENSRNOG00000057298	3.24
ENSRNOG00000057299	0.46
ENSRNOG00000057300	0
ENSRNOG00000057301	0
ENSRNOG00000057302	0
ENSRNOG00000057303	0
ENSRNOG00000057304	0
ENSRNOG00000057305	0.15
ENSRNOG00000057306	0
ENSRNOG00000057307	0.47
ENSRNOG00000057308	0
ENSRNOG00000057309	0
ENSRNOG00000057310	0
ENSRNOG00000057311	0
ENSRNOG00000057312	0
ENSRNOG00000057313	0
ENSRNOG00000057314	0
ENSRNOG00000057315	11.43
ENSRNOG00000057316	6.37
ENSRNOG00000057317	0
ENSRNOG00000057318	0.68
ENSRNOG00000057319	0
ENSRNOG00000057320	0
ENSRNOG00000057321	0
ENSRNOG00000057322	11.96
ENSRNOG00000057323	0
ENSRNOG00000057324	0
ENSRNOG00000057325	0
ENSRNOG00000057326	29.99
ENSRNOG00000057327	2.22
ENSRNOG00000057328	0
ENSRNOG00000057329	0
ENSRNOG00000057330	0
ENSRNOG00000057331	0.79
ENSRNOG00000057332	0
ENSRNOG00000057333	0
ENSRNOG00000057334	0
ENSRNOG00000057335	0
ENSRNOG00000057336	0
ENSRNOG00000057337	0
ENSRNOG00000057338	0
ENSRNOG00000057339	3.17
ENSRNOG00000057340	0
ENSRNOG00000057341	0
ENSRNOG00000057342	0
ENSRNOG00000057343	0
ENSRNOG00000057344	0
ENSRNOG00000057345	0
ENSRNOG00000057346	0
ENSRNOG00000057347	2.91
ENSRNOG00000057348	0
ENSRNOG00000057349	0
ENSRNOG00000057350	17.65
ENSRNOG00000057351	0
ENSRNOG00000057352	4.75
ENSRNOG00000057353	0
ENSRNOG00000057354	0
ENSRNOG00000057355	0
ENSRNOG00000057356	0
ENSRNOG00000057357	0
ENSRNOG00000057358	0
ENSRNOG00000057359	0
ENSRNOG00000057360	0
ENSRNOG00000057361	0
ENSRNOG00000057362	0
ENSRNOG00000057363	0.48
ENSRNOG00000057364	0
ENSRNOG00000057365	0
ENSRNOG00000057366	0
ENSRNOG00000057367	153.44
ENSRNOG00000057368	0
ENSRNOG00000057369	0
ENSRNOG00000057370	1.09
ENSRNOG00000057371	0
ENSRNOG00000057372	7.8
ENSRNOG00000057373	0
ENSRNOG00000057374	0
ENSRNOG00000057375	0
ENSRNOG00000057376	0
ENSRNOG00000057377	0
ENSRNOG00000057378	16.49
ENSRNOG00000057379	0
ENSRNOG00000057380	0.26
ENSRNOG00000057381	0.13
ENSRNOG00000057382	0.47
ENSRNOG00000057383	0
ENSRNOG00000057384	2.62
ENSRNOG00000057385	0
ENSRNOG00000057386	2.75
ENSRNOG00000057387	0
ENSRNOG00000057388	0
ENSRNOG00000057389	5.52
ENSRNOG00000057390	0
ENSRNOG00000057391	0
ENSRNOG00000057392	0.17
ENSRNOG00000057393	0.69
ENSRNOG00000057394	0
ENSRNOG00000057395	0
ENSRNOG00000057396	0.33
ENSRNOG00000057397	0
ENSRNOG00000057398	3.22
ENSRNOG00000057399	0
ENSRNOG00000057400	0
ENSRNOG00000057401	0
ENSRNOG00000057402	0
ENSRNOG00000057403	0
ENSRNOG00000057404	0
ENSRNOG00000057405	0
ENSRNOG00000057406	0
ENSRNOG00000057407	0
ENSRNOG00000057408	0
ENSRNOG00000057409	0.93
ENSRNOG00000057410	0
ENSRNOG00000057411	0
ENSRNOG00000057412	0
ENSRNOG00000057413	3.1
ENSRNOG00000057414	0
ENSRNOG00000057415	1.33
ENSRNOG00000057416	6.51
ENSRNOG00000057417	0
ENSRNOG00000057418	2.36
ENSRNOG00000057419	0
ENSRNOG00000057420	0
ENSRNOG00000057421	0
ENSRNOG00000057422	1.24
ENSRNOG00000057423	0
ENSRNOG00000057424	0
ENSRNOG00000057425	0.11
ENSRNOG00000057426	0
ENSRNOG00000057427	0.47
ENSRNOG00000057428	0
ENSRNOG00000057429	0
ENSRNOG00000057430	2.57
ENSRNOG00000057431	0
ENSRNOG00000057432	0
ENSRNOG00000057433	0.21
ENSRNOG00000057434	0
ENSRNOG00000057435	0
ENSRNOG00000057436	0
ENSRNOG00000057437	0
ENSRNOG00000057438	0
ENSRNOG00000057439	0
ENSRNOG00000057440	0.04
ENSRNOG00000057441	0
ENSRNOG00000057442	0
ENSRNOG00000057443	0.02
ENSRNOG00000057444	0.46
ENSRNOG00000057445	0
ENSRNOG00000057446	0.62
ENSRNOG00000057447	12.75
ENSRNOG00000057448	0
ENSRNOG00000057449	0
ENSRNOG00000057450	0
ENSRNOG00000057451	0.65
ENSRNOG00000057452	0
ENSRNOG00000057453	0
ENSRNOG00000057454	0.28
ENSRNOG00000057455	0
ENSRNOG00000057456	0.14
ENSRNOG00000057457	0
ENSRNOG00000057458	0.09
ENSRNOG00000057459	0
ENSRNOG00000057460	1.75
ENSRNOG00000057461	0
ENSRNOG00000057462	0
ENSRNOG00000057463	0.23
ENSRNOG00000057464	14.85
ENSRNOG00000057465	1.53
ENSRNOG00000057466	0
ENSRNOG00000057467	0
ENSRNOG00000057468	0
ENSRNOG00000057469	0.14
ENSRNOG00000057470	10.18
ENSRNOG00000057471	0
ENSRNOG00000057472	0
ENSRNOG00000057473	0
ENSRNOG00000057474	0
ENSRNOG00000057475	0
ENSRNOG00000057476	1.21
ENSRNOG00000057477	0
ENSRNOG00000057478	1.21
ENSRNOG00000057479	0
ENSRNOG00000057480	0
ENSRNOG00000057481	0
ENSRNOG00000057482	0.3
ENSRNOG00000057483	0
ENSRNOG00000057484	1.27
ENSRNOG00000057485	1.7
ENSRNOG00000057486	0
ENSRNOG00000057487	0
ENSRNOG00000057488	8.17
ENSRNOG00000057489	3.81
ENSRNOG00000057490	0
ENSRNOG00000057491	0
ENSRNOG00000057492	0
ENSRNOG00000057493	0
ENSRNOG00000057494	0.27
ENSRNOG00000057495	0
ENSRNOG00000057496	0.1
ENSRNOG00000057497	0
ENSRNOG00000057498	3.18
ENSRNOG00000057499	6.27
ENSRNOG00000057500	0
ENSRNOG00000057501	9.93
ENSRNOG00000057502	38.67
ENSRNOG00000057503	0
ENSRNOG00000057504	0.93
ENSRNOG00000057505	0.72
ENSRNOG00000057506	0.2
ENSRNOG00000057507	0
ENSRNOG00000057508	0
ENSRNOG00000057509	0
ENSRNOG00000057510	0
ENSRNOG00000057511	0
ENSRNOG00000057512	0.63
ENSRNOG00000057513	0
ENSRNOG00000057514	0
ENSRNOG00000057515	0
ENSRNOG00000057516	0
ENSRNOG00000057517	0
ENSRNOG00000057518	1.61
ENSRNOG00000057519	0
ENSRNOG00000057520	1.67
ENSRNOG00000057521	0
ENSRNOG00000057522	0
ENSRNOG00000057523	0
ENSRNOG00000057524	0
ENSRNOG00000057525	0
ENSRNOG00000057526	0
ENSRNOG00000057527	1.18
ENSRNOG00000057528	0
ENSRNOG00000057529	0
ENSRNOG00000057530	0
ENSRNOG00000057531	1.22
ENSRNOG00000057532	0
ENSRNOG00000057533	0
ENSRNOG00000057534	0
ENSRNOG00000057535	0
ENSRNOG00000057536	0.56
ENSRNOG00000057537	3.29
ENSRNOG00000057538	0
ENSRNOG00000057539	0
ENSRNOG00000057540	0
ENSRNOG00000057541	0
ENSRNOG00000057542	6.12
ENSRNOG00000057543	0.49
ENSRNOG00000057544	0
ENSRNOG00000057545	0.75
ENSRNOG00000057546	0
ENSRNOG00000057547	0
ENSRNOG00000057548	0
ENSRNOG00000057549	0.77
ENSRNOG00000057550	0
ENSRNOG00000057551	0
ENSRNOG00000057552	0
ENSRNOG00000057553	0
ENSRNOG00000057554	0.02
ENSRNOG00000057555	0
ENSRNOG00000057556	6.05
ENSRNOG00000057557	0.5
ENSRNOG00000057558	0.39
ENSRNOG00000057559	0
ENSRNOG00000057560	0
ENSRNOG00000057561	1.23
ENSRNOG00000057562	0
ENSRNOG00000057563	0
ENSRNOG00000057564	0
ENSRNOG00000057565	0
ENSRNOG00000057566	0.67
ENSRNOG00000057567	3.75
ENSRNOG00000057568	1.44
ENSRNOG00000057569	5.44
ENSRNOG00000057570	0
ENSRNOG00000057571	0
ENSRNOG00000057572	0
ENSRNOG00000057573	0
ENSRNOG00000057574	0.62
ENSRNOG00000057575	0
ENSRNOG00000057576	0
ENSRNOG00000057577	1.14
ENSRNOG00000057578	0
ENSRNOG00000057579	0
ENSRNOG00000057580	0
ENSRNOG00000057581	0
ENSRNOG00000057582	0
ENSRNOG00000057583	0
ENSRNOG00000057584	0.16
ENSRNOG00000057585	0
ENSRNOG00000057586	0
ENSRNOG00000057587	0
ENSRNOG00000057588	0
ENSRNOG00000057589	91.84
ENSRNOG00000057590	0
ENSRNOG00000057591	0
ENSRNOG00000057592	0
ENSRNOG00000057593	0
ENSRNOG00000057594	0
ENSRNOG00000057595	0
ENSRNOG00000057596	0
ENSRNOG00000057597	0
ENSRNOG00000057598	0
ENSRNOG00000057599	0
ENSRNOG00000057600	0
ENSRNOG00000057601	70.5
ENSRNOG00000057602	0
ENSRNOG00000057603	0
ENSRNOG00000057604	0
ENSRNOG00000057605	0
ENSRNOG00000057606	0
ENSRNOG00000057607	0
ENSRNOG00000057608	0
ENSRNOG00000057609	0.29
ENSRNOG00000057610	0
ENSRNOG00000057611	0
ENSRNOG00000057612	0
ENSRNOG00000057613	0
ENSRNOG00000057614	0
ENSRNOG00000057615	0
ENSRNOG00000057616	1.21
ENSRNOG00000057617	0
ENSRNOG00000057618	0
ENSRNOG00000057619	0.46
ENSRNOG00000057620	75.73
ENSRNOG00000057621	0
ENSRNOG00000057622	2.78
ENSRNOG00000057623	22.65
ENSRNOG00000057624	0
ENSRNOG00000057625	0
ENSRNOG00000057626	96.67
ENSRNOG00000057627	0
ENSRNOG00000057628	23.29
ENSRNOG00000057629	0.57
ENSRNOG00000057630	0.72
ENSRNOG00000057631	0
ENSRNOG00000057632	0
ENSRNOG00000057633	0.09
ENSRNOG00000057634	0
ENSRNOG00000057635	0
ENSRNOG00000057636	0
ENSRNOG00000057637	0
ENSRNOG00000057638	0.07
ENSRNOG00000057639	0
ENSRNOG00000057640	0
ENSRNOG00000057641	1.19
ENSRNOG00000057642	0
ENSRNOG00000057643	0.04
ENSRNOG00000057644	0
ENSRNOG00000057645	1.13
ENSRNOG00000057646	0
ENSRNOG00000057647	0
ENSRNOG00000057648	0
ENSRNOG00000057649	16.57
ENSRNOG00000057650	0
ENSRNOG00000057651	0
ENSRNOG00000057652	0
ENSRNOG00000057653	0.77
ENSRNOG00000057654	0
ENSRNOG00000057655	0
ENSRNOG00000057656	0
ENSRNOG00000057657	0
ENSRNOG00000057658	0
ENSRNOG00000057659	0.42
ENSRNOG00000057660	0
ENSRNOG00000057661	1.6
ENSRNOG00000057662	0.04
ENSRNOG00000057663	0
ENSRNOG00000057664	0
ENSRNOG00000057665	5.69
ENSRNOG00000057666	6.13
ENSRNOG00000057667	0
ENSRNOG00000057668	0
ENSRNOG00000057669	0
ENSRNOG00000057670	0
ENSRNOG00000057671	0
ENSRNOG00000057672	2.17
ENSRNOG00000057673	0
ENSRNOG00000057674	0
ENSRNOG00000057675	0
ENSRNOG00000057676	39.54
ENSRNOG00000057677	0.19
ENSRNOG00000057678	0
ENSRNOG00000057679	0
ENSRNOG00000057680	0.66
ENSRNOG00000057681	0
ENSRNOG00000057682	4.41
ENSRNOG00000057683	26.71
ENSRNOG00000057684	0
ENSRNOG00000057685	0
ENSRNOG00000057686	0
ENSRNOG00000057687	0.23
ENSRNOG00000057688	0.18
ENSRNOG00000057689	0
ENSRNOG00000057690	0
ENSRNOG00000057691	0
ENSRNOG00000057692	0
ENSRNOG00000057693	0
ENSRNOG00000057694	0
ENSRNOG00000057695	0
ENSRNOG00000057696	0.14
ENSRNOG00000057697	1.34
ENSRNOG00000057698	0
ENSRNOG00000057699	25.57
ENSRNOG00000057700	0.54
ENSRNOG00000057701	0.17
ENSRNOG00000057702	0.81
ENSRNOG00000057703	4.73
ENSRNOG00000057704	0
ENSRNOG00000057705	0
ENSRNOG00000057706	12.13
ENSRNOG00000057707	0
ENSRNOG00000057708	0
ENSRNOG00000057709	0.59
ENSRNOG00000057710	7.93
ENSRNOG00000057711	0.03
ENSRNOG00000057712	0
ENSRNOG00000057713	12.57
ENSRNOG00000057714	0
ENSRNOG00000057715	0
ENSRNOG00000057716	1.95
ENSRNOG00000057717	0.25
ENSRNOG00000057718	0.23
ENSRNOG00000057719	0
ENSRNOG00000057720	0
ENSRNOG00000057721	0
ENSRNOG00000057722	0
ENSRNOG00000057723	0
ENSRNOG00000057724	6.64
ENSRNOG00000057725	0
ENSRNOG00000057726	0
ENSRNOG00000057727	0
ENSRNOG00000057728	0
ENSRNOG00000057729	32.71
ENSRNOG00000057730	0
ENSRNOG00000057731	0.13
ENSRNOG00000057732	0
ENSRNOG00000057733	0
ENSRNOG00000057734	0
ENSRNOG00000057735	0
ENSRNOG00000057736	0
ENSRNOG00000057737	6.71
ENSRNOG00000057738	0.16
ENSRNOG00000057739	0.34
ENSRNOG00000057740	1.49
ENSRNOG00000057741	0
ENSRNOG00000057742	0
ENSRNOG00000057743	0
ENSRNOG00000057744	0.08
ENSRNOG00000057745	10.49
ENSRNOG00000057746	0
ENSRNOG00000057747	0.4
ENSRNOG00000057748	0
ENSRNOG00000057749	0
ENSRNOG00000057750	0.17
ENSRNOG00000057751	0
ENSRNOG00000057752	0
ENSRNOG00000057753	0.08
ENSRNOG00000057754	16.45
ENSRNOG00000057755	0.7
ENSRNOG00000057756	28.44
ENSRNOG00000057757	0.15
ENSRNOG00000057758	0.34
ENSRNOG00000057759	2.5
ENSRNOG00000057760	0.67
ENSRNOG00000057761	1.65
ENSRNOG00000057762	2.96
ENSRNOG00000057763	0
ENSRNOG00000057764	0
ENSRNOG00000057765	0.63
ENSRNOG00000057766	0
ENSRNOG00000057767	0
ENSRNOG00000057768	0.29
ENSRNOG00000057769	0.04
ENSRNOG00000057770	0
ENSRNOG00000057771	0
ENSRNOG00000057772	0
ENSRNOG00000057773	0
ENSRNOG00000057774	30.85
ENSRNOG00000057775	0
ENSRNOG00000057776	0.25
ENSRNOG00000057777	0
ENSRNOG00000057778	0.49
ENSRNOG00000057779	0
ENSRNOG00000057780	0
ENSRNOG00000057781	0
ENSRNOG00000057782	0
ENSRNOG00000057783	0
ENSRNOG00000057784	0
ENSRNOG00000057785	0
ENSRNOG00000057786	0
ENSRNOG00000057787	0.06
ENSRNOG00000057788	0
ENSRNOG00000057789	0
ENSRNOG00000057790	0
ENSRNOG00000057791	0.3
ENSRNOG00000057792	0.34
ENSRNOG00000057793	0
ENSRNOG00000057794	0.75
ENSRNOG00000057795	0
ENSRNOG00000057796	0
ENSRNOG00000057797	0
ENSRNOG00000057798	6.14
ENSRNOG00000057799	0
ENSRNOG00000057800	0
ENSRNOG00000057801	0
ENSRNOG00000057802	0
ENSRNOG00000057803	0
ENSRNOG00000057804	0
ENSRNOG00000057805	0
ENSRNOG00000057806	10.93
ENSRNOG00000057807	0.5
ENSRNOG00000057808	0
ENSRNOG00000057809	0
ENSRNOG00000057810	0
ENSRNOG00000057811	0
ENSRNOG00000057812	0
ENSRNOG00000057813	11.6
ENSRNOG00000057814	9.57
ENSRNOG00000057815	1.86
ENSRNOG00000057816	0.5
ENSRNOG00000057817	41.44
ENSRNOG00000057818	0
ENSRNOG00000057819	0
ENSRNOG00000057820	0
ENSRNOG00000057821	19.77
ENSRNOG00000057822	0.16
ENSRNOG00000057823	8.36
ENSRNOG00000057824	0
ENSRNOG00000057825	0
ENSRNOG00000057826	1.7
ENSRNOG00000057827	0.35
ENSRNOG00000057828	0
ENSRNOG00000057829	1.18
ENSRNOG00000057830	0
ENSRNOG00000057831	0
ENSRNOG00000057832	1.26
ENSRNOG00000057833	0
ENSRNOG00000057834	0.09
ENSRNOG00000057835	0.51
ENSRNOG00000057836	0
ENSRNOG00000057837	0.55
ENSRNOG00000057838	0
ENSRNOG00000057839	0
ENSRNOG00000057840	0.3
ENSRNOG00000057841	0
ENSRNOG00000057842	0
ENSRNOG00000057843	0
ENSRNOG00000057844	0
ENSRNOG00000057845	0
ENSRNOG00000057846	0
ENSRNOG00000057847	0
ENSRNOG00000057848	25.2
ENSRNOG00000057849	0.15
ENSRNOG00000057850	0
ENSRNOG00000057851	5.72
ENSRNOG00000057852	0.29
ENSRNOG00000057853	0
ENSRNOG00000057854	0
ENSRNOG00000057855	0.19
ENSRNOG00000057856	0.06
ENSRNOG00000057857	0
ENSRNOG00000057858	0
ENSRNOG00000057859	0
ENSRNOG00000057860	0.92
ENSRNOG00000057861	1.18
ENSRNOG00000057862	1.39
ENSRNOG00000057863	0
ENSRNOG00000057864	0
ENSRNOG00000057865	0
ENSRNOG00000057866	0
ENSRNOG00000057867	1.79
ENSRNOG00000057868	0.62
ENSRNOG00000057869	0
ENSRNOG00000057870	0.16
ENSRNOG00000057871	0
ENSRNOG00000057872	0
ENSRNOG00000057873	0
ENSRNOG00000057874	0
ENSRNOG00000057875	0
ENSRNOG00000057876	0
ENSRNOG00000057877	0
ENSRNOG00000057878	0
ENSRNOG00000057879	0.16
ENSRNOG00000057880	4.14
ENSRNOG00000057881	21.49
ENSRNOG00000057882	0
ENSRNOG00000057883	0
ENSRNOG00000057884	0
ENSRNOG00000057885	0
ENSRNOG00000057886	0.44
ENSRNOG00000057887	0
ENSRNOG00000057888	0
ENSRNOG00000057889	0.07
ENSRNOG00000057890	0
ENSRNOG00000057891	0
ENSRNOG00000057892	0
ENSRNOG00000057893	0
ENSRNOG00000057894	0
ENSRNOG00000057895	0.69
ENSRNOG00000057896	0
ENSRNOG00000057897	0
ENSRNOG00000057898	0
ENSRNOG00000057899	0
ENSRNOG00000057900	0
ENSRNOG00000057901	3.95
ENSRNOG00000057902	0
ENSRNOG00000057903	1.35
ENSRNOG00000057904	0
ENSRNOG00000057905	0
ENSRNOG00000057906	0
ENSRNOG00000057907	0
ENSRNOG00000057908	0.52
ENSRNOG00000057909	0
ENSRNOG00000057910	0
ENSRNOG00000057911	0.66
ENSRNOG00000057912	0.82
ENSRNOG00000057913	0
ENSRNOG00000057914	0
ENSRNOG00000057915	0
ENSRNOG00000057916	0
ENSRNOG00000057917	2.25
ENSRNOG00000057918	0
ENSRNOG00000057919	0.19
ENSRNOG00000057920	0
ENSRNOG00000057921	0
ENSRNOG00000057922	0
ENSRNOG00000057923	0
ENSRNOG00000057924	0
ENSRNOG00000057925	6.24
ENSRNOG00000057926	0
ENSRNOG00000057927	4.23
ENSRNOG00000057928	0.28
ENSRNOG00000057929	0
ENSRNOG00000057930	0
ENSRNOG00000057931	0
ENSRNOG00000057932	0
ENSRNOG00000057933	0
ENSRNOG00000057934	43.89
ENSRNOG00000057935	0
ENSRNOG00000057936	0.23
ENSRNOG00000057937	0.69
ENSRNOG00000057938	0
ENSRNOG00000057939	2.01
ENSRNOG00000057940	0
ENSRNOG00000057941	8.88
ENSRNOG00000057942	0
ENSRNOG00000057943	4.03
ENSRNOG00000057944	0
ENSRNOG00000057945	2.69
ENSRNOG00000057946	0
ENSRNOG00000057947	0
ENSRNOG00000057948	0
ENSRNOG00000057949	1.13
ENSRNOG00000057950	0
ENSRNOG00000057951	0
ENSRNOG00000057952	6.1
ENSRNOG00000057953	0.27
ENSRNOG00000057954	0
ENSRNOG00000057955	0
ENSRNOG00000057956	0
ENSRNOG00000057957	0.16
ENSRNOG00000057958	0.51
ENSRNOG00000057959	0
ENSRNOG00000057960	0
ENSRNOG00000057961	0
ENSRNOG00000057962	0
ENSRNOG00000057963	0
ENSRNOG00000057964	0
ENSRNOG00000057965	0
ENSRNOG00000057966	0
ENSRNOG00000057967	0
ENSRNOG00000057968	0
ENSRNOG00000057969	0
ENSRNOG00000057970	0.93
ENSRNOG00000057971	0
ENSRNOG00000057972	0
ENSRNOG00000057973	0
ENSRNOG00000057974	0
ENSRNOG00000057975	0
ENSRNOG00000057976	0
ENSRNOG00000057977	1.52
ENSRNOG00000057978	3.53
ENSRNOG00000057979	0.98
ENSRNOG00000057980	0
ENSRNOG00000057981	0
ENSRNOG00000057982	0
ENSRNOG00000057983	0
ENSRNOG00000057984	0
ENSRNOG00000057985	0
ENSRNOG00000057986	0.44
ENSRNOG00000057987	0.45
ENSRNOG00000057988	169.64
ENSRNOG00000057989	0
ENSRNOG00000057990	0
ENSRNOG00000057991	0
ENSRNOG00000057992	0
ENSRNOG00000057993	2.76
ENSRNOG00000057994	0
ENSRNOG00000057995	0
ENSRNOG00000057996	71.77
ENSRNOG00000057997	0.69
ENSRNOG00000057998	0.1
ENSRNOG00000057999	1.36
ENSRNOG00000058000	0.22
ENSRNOG00000058001	0
ENSRNOG00000058002	0
ENSRNOG00000058003	12.43
ENSRNOG00000058004	0.98
ENSRNOG00000058005	0.71
ENSRNOG00000058006	4.6
ENSRNOG00000058007	4.34
ENSRNOG00000058008	0
ENSRNOG00000058009	0.93
ENSRNOG00000058010	0
ENSRNOG00000058011	0
ENSRNOG00000058012	0.28
ENSRNOG00000058013	0
ENSRNOG00000058014	0
ENSRNOG00000058015	0
ENSRNOG00000058016	0
ENSRNOG00000058017	0
ENSRNOG00000058018	1.01
ENSRNOG00000058019	0
ENSRNOG00000058020	0
ENSRNOG00000058021	0
ENSRNOG00000058022	0
ENSRNOG00000058023	0.16
ENSRNOG00000058024	0.29
ENSRNOG00000058025	0
ENSRNOG00000058026	0
ENSRNOG00000058027	0
ENSRNOG00000058028	0
ENSRNOG00000058029	0
ENSRNOG00000058030	4.8
ENSRNOG00000058031	0
ENSRNOG00000058032	0
ENSRNOG00000058033	1
ENSRNOG00000058034	0
ENSRNOG00000058035	0
ENSRNOG00000058036	0.4
ENSRNOG00000058037	0
ENSRNOG00000058038	0
ENSRNOG00000058039	7.18
ENSRNOG00000058040	0
ENSRNOG00000058041	0.99
ENSRNOG00000058042	0.27
ENSRNOG00000058043	0
ENSRNOG00000058044	0
ENSRNOG00000058045	0
ENSRNOG00000058046	0
ENSRNOG00000058047	3.36
ENSRNOG00000058048	0
ENSRNOG00000058049	0.5
ENSRNOG00000058050	18.16
ENSRNOG00000058051	0
ENSRNOG00000058052	2.1
ENSRNOG00000058053	56.25
ENSRNOG00000058054	0
ENSRNOG00000058055	0
ENSRNOG00000058056	0
ENSRNOG00000058057	4.22
ENSRNOG00000058058	0
ENSRNOG00000058059	2.53
ENSRNOG00000058060	0
ENSRNOG00000058061	0
ENSRNOG00000058062	0
ENSRNOG00000058063	0
ENSRNOG00000058064	0
ENSRNOG00000058065	0
ENSRNOG00000058066	0
ENSRNOG00000058067	0
ENSRNOG00000058068	0.43
ENSRNOG00000058069	0
ENSRNOG00000058070	0.24
ENSRNOG00000058071	0
ENSRNOG00000058072	0
ENSRNOG00000058073	0.12
ENSRNOG00000058074	0
ENSRNOG00000058075	0
ENSRNOG00000058076	0
ENSRNOG00000058077	11.7
ENSRNOG00000058078	0
ENSRNOG00000058079	0
ENSRNOG00000058080	1.26
ENSRNOG00000058081	0
ENSRNOG00000058082	0
ENSRNOG00000058083	0
ENSRNOG00000058084	0
ENSRNOG00000058085	0
ENSRNOG00000058086	0
ENSRNOG00000058087	0
ENSRNOG00000058088	0
ENSRNOG00000058089	0
ENSRNOG00000058090	0
ENSRNOG00000058091	0
ENSRNOG00000058092	0
ENSRNOG00000058093	1.7
ENSRNOG00000058094	4.12
ENSRNOG00000058095	0
ENSRNOG00000058096	1.63
ENSRNOG00000058097	0
ENSRNOG00000058098	0
ENSRNOG00000058099	0
ENSRNOG00000058100	0
ENSRNOG00000058101	0.96
ENSRNOG00000058102	0
ENSRNOG00000058103	0
ENSRNOG00000058104	0
ENSRNOG00000058105	152.33
ENSRNOG00000058106	0.27
ENSRNOG00000058107	0
ENSRNOG00000058108	0
ENSRNOG00000058109	0
ENSRNOG00000058110	0
ENSRNOG00000058111	0.02
ENSRNOG00000058112	0
ENSRNOG00000058113	0.49
ENSRNOG00000058114	0
ENSRNOG00000058115	0.99
ENSRNOG00000058116	0.53
ENSRNOG00000058117	0
ENSRNOG00000058118	0
ENSRNOG00000058119	0
ENSRNOG00000058120	0.18
ENSRNOG00000058121	0
ENSRNOG00000058122	0.12
ENSRNOG00000058123	0.5
ENSRNOG00000058124	0
ENSRNOG00000058125	0
ENSRNOG00000058126	1.86
ENSRNOG00000058127	0
ENSRNOG00000058128	0
ENSRNOG00000058129	0
ENSRNOG00000058130	12.57
ENSRNOG00000058131	0
ENSRNOG00000058132	45.31
ENSRNOG00000058133	0.41
ENSRNOG00000058134	0
ENSRNOG00000058135	1.11
ENSRNOG00000058136	0.04
ENSRNOG00000058137	0
ENSRNOG00000058138	0
ENSRNOG00000058139	0
ENSRNOG00000058140	4.47
ENSRNOG00000058141	0.11
ENSRNOG00000058142	0
ENSRNOG00000058143	0
ENSRNOG00000058144	0
ENSRNOG00000058145	0
ENSRNOG00000058146	0
ENSRNOG00000058147	0
ENSRNOG00000058148	3.91
ENSRNOG00000058149	0
ENSRNOG00000058150	0
ENSRNOG00000058151	0
ENSRNOG00000058152	0
ENSRNOG00000058153	2.28
ENSRNOG00000058154	0
ENSRNOG00000058155	0
ENSRNOG00000058156	22.07
ENSRNOG00000058157	9.45
ENSRNOG00000058158	0.26
ENSRNOG00000058159	0
ENSRNOG00000058160	0
ENSRNOG00000058161	0
ENSRNOG00000058162	0
ENSRNOG00000058163	0.17
ENSRNOG00000058164	0
ENSRNOG00000058165	0
ENSRNOG00000058166	5.44
ENSRNOG00000058167	0
ENSRNOG00000058168	0
ENSRNOG00000058169	0
ENSRNOG00000058170	0
ENSRNOG00000058171	0
ENSRNOG00000058172	0
ENSRNOG00000058173	0.83
ENSRNOG00000058174	0
ENSRNOG00000058175	0
ENSRNOG00000058176	0
ENSRNOG00000058177	0.48
ENSRNOG00000058178	2.62
ENSRNOG00000058179	0
ENSRNOG00000058180	0
ENSRNOG00000058181	0
ENSRNOG00000058182	0
ENSRNOG00000058183	6.74
ENSRNOG00000058184	0
ENSRNOG00000058185	0
ENSRNOG00000058186	12.89
ENSRNOG00000058187	0
ENSRNOG00000058188	0
ENSRNOG00000058189	0.15
ENSRNOG00000058190	0
ENSRNOG00000058191	0
ENSRNOG00000058192	0.23
ENSRNOG00000058193	0.6
ENSRNOG00000058194	0
ENSRNOG00000058195	0
ENSRNOG00000058196	0
ENSRNOG00000058197	0
ENSRNOG00000058198	0.54
ENSRNOG00000058199	0
ENSRNOG00000058200	0
ENSRNOG00000058201	0
ENSRNOG00000058202	95.46
ENSRNOG00000058203	0
ENSRNOG00000058204	0
ENSRNOG00000058205	0
ENSRNOG00000058206	0
ENSRNOG00000058207	0
ENSRNOG00000058208	0
ENSRNOG00000058209	0.03
ENSRNOG00000058210	0
ENSRNOG00000058211	0
ENSRNOG00000058212	0
ENSRNOG00000058213	0
ENSRNOG00000058214	0
ENSRNOG00000058215	0
ENSRNOG00000058216	0
ENSRNOG00000058217	3.9
ENSRNOG00000058218	0.29
ENSRNOG00000058219	0
ENSRNOG00000058220	1.86
ENSRNOG00000058221	0
ENSRNOG00000058222	0.77
ENSRNOG00000058223	0.24
ENSRNOG00000058224	0
ENSRNOG00000058225	0
ENSRNOG00000058226	0
ENSRNOG00000058227	0
ENSRNOG00000058228	0
ENSRNOG00000058229	0
ENSRNOG00000058230	0
ENSRNOG00000058231	0
ENSRNOG00000058232	0
ENSRNOG00000058233	0
ENSRNOG00000058234	0
ENSRNOG00000058235	0
ENSRNOG00000058236	0
ENSRNOG00000058237	0
ENSRNOG00000058238	0
ENSRNOG00000058239	0
ENSRNOG00000058240	0
ENSRNOG00000058241	0.25
ENSRNOG00000058242	0
ENSRNOG00000058243	0.83
ENSRNOG00000058244	1.42
ENSRNOG00000058245	3.29
ENSRNOG00000058246	0
ENSRNOG00000058247	0
ENSRNOG00000058248	8.78
ENSRNOG00000058249	262.69
ENSRNOG00000058250	1.79
ENSRNOG00000058251	0.3
ENSRNOG00000058252	0
ENSRNOG00000058253	0
ENSRNOG00000058254	0
ENSRNOG00000058255	0
ENSRNOG00000058256	0
ENSRNOG00000058257	0
ENSRNOG00000058258	0
ENSRNOG00000058259	0.22
ENSRNOG00000058260	0
ENSRNOG00000058261	0
ENSRNOG00000058262	0.12
ENSRNOG00000058263	0
ENSRNOG00000058264	0
ENSRNOG00000058265	0
ENSRNOG00000058266	0
ENSRNOG00000058267	0.16
ENSRNOG00000058268	0
ENSRNOG00000058269	2.06
ENSRNOG00000058270	0
ENSRNOG00000058271	23.46
ENSRNOG00000058272	0
ENSRNOG00000058273	0
ENSRNOG00000058274	0
ENSRNOG00000058275	0.23
ENSRNOG00000058276	3.27
ENSRNOG00000058277	4.28
ENSRNOG00000058278	0
ENSRNOG00000058279	0
ENSRNOG00000058280	0.07
ENSRNOG00000058281	0
ENSRNOG00000058282	0
ENSRNOG00000058283	7.02
ENSRNOG00000058284	0
ENSRNOG00000058285	0.09
ENSRNOG00000058286	0
ENSRNOG00000058287	0
ENSRNOG00000058288	2.31
ENSRNOG00000058289	5.41
ENSRNOG00000058290	0
ENSRNOG00000058291	0.45
ENSRNOG00000058292	0
ENSRNOG00000058293	0
ENSRNOG00000058294	0
ENSRNOG00000058295	0
ENSRNOG00000058296	0
ENSRNOG00000058297	0
ENSRNOG00000058298	0
ENSRNOG00000058299	0
ENSRNOG00000058300	0
ENSRNOG00000058301	0.2
ENSRNOG00000058302	0
ENSRNOG00000058303	0
ENSRNOG00000058304	1.92
ENSRNOG00000058305	0
ENSRNOG00000058306	0.16
ENSRNOG00000058307	0
ENSRNOG00000058308	9.45
ENSRNOG00000058309	0
ENSRNOG00000058310	0
ENSRNOG00000058311	1.3
ENSRNOG00000058312	0
ENSRNOG00000058313	0
ENSRNOG00000058314	0
ENSRNOG00000058315	0
ENSRNOG00000058316	5.27
ENSRNOG00000058317	7.05
ENSRNOG00000058318	0
ENSRNOG00000058319	0
ENSRNOG00000058320	3.65
ENSRNOG00000058321	1.57
ENSRNOG00000058322	0
ENSRNOG00000058323	4.18
ENSRNOG00000058324	0
ENSRNOG00000058325	0
ENSRNOG00000058326	0
ENSRNOG00000058327	5.93
ENSRNOG00000058328	0
ENSRNOG00000058329	0.16
ENSRNOG00000058330	0
ENSRNOG00000058331	0
ENSRNOG00000058332	0
ENSRNOG00000058333	0
ENSRNOG00000058334	0
ENSRNOG00000058335	5.54
ENSRNOG00000058336	0
ENSRNOG00000058337	1.14
ENSRNOG00000058338	5.2
ENSRNOG00000058339	0
ENSRNOG00000058340	0.03
ENSRNOG00000058341	0
ENSRNOG00000058342	0
ENSRNOG00000058343	0
ENSRNOG00000058344	0
ENSRNOG00000058345	0
ENSRNOG00000058346	0
ENSRNOG00000058347	0.23
ENSRNOG00000058348	0
ENSRNOG00000058349	0
ENSRNOG00000058350	0
ENSRNOG00000058351	0
ENSRNOG00000058352	0
ENSRNOG00000058353	0
ENSRNOG00000058354	0
ENSRNOG00000058355	0
ENSRNOG00000058356	0
ENSRNOG00000058357	0
ENSRNOG00000058358	0
ENSRNOG00000058359	158.91
ENSRNOG00000058360	0
ENSRNOG00000058361	0.31
ENSRNOG00000058362	0
ENSRNOG00000058363	0
ENSRNOG00000058364	0.38
ENSRNOG00000058365	0
ENSRNOG00000058366	0
ENSRNOG00000058367	0
ENSRNOG00000058368	0
ENSRNOG00000058369	0
ENSRNOG00000058370	0.46
ENSRNOG00000058371	4.08
ENSRNOG00000058372	2.54
ENSRNOG00000058373	0
ENSRNOG00000058374	0
ENSRNOG00000058375	0
ENSRNOG00000058376	0
ENSRNOG00000058377	0
ENSRNOG00000058378	0
ENSRNOG00000058379	0
ENSRNOG00000058380	0.57
ENSRNOG00000058381	0
ENSRNOG00000058382	0
ENSRNOG00000058383	0
ENSRNOG00000058384	0
ENSRNOG00000058385	0
ENSRNOG00000058386	17.68
ENSRNOG00000058387	0
ENSRNOG00000058388	3.99
ENSRNOG00000058389	0.18
ENSRNOG00000058390	0
ENSRNOG00000058391	0
ENSRNOG00000058392	0
ENSRNOG00000058393	5.55
ENSRNOG00000058394	0
ENSRNOG00000058395	0.5
ENSRNOG00000058396	0
ENSRNOG00000058397	0
ENSRNOG00000058398	0.31
ENSRNOG00000058399	0.25
ENSRNOG00000058400	0
ENSRNOG00000058401	0.17
ENSRNOG00000058402	0
ENSRNOG00000058403	0
ENSRNOG00000058404	0
ENSRNOG00000058405	0
ENSRNOG00000058406	0.3
ENSRNOG00000058407	0.34
ENSRNOG00000058408	1.52
ENSRNOG00000058409	0
ENSRNOG00000058410	0
ENSRNOG00000058411	0
ENSRNOG00000058412	202.22
ENSRNOG00000058413	0.17
ENSRNOG00000058414	0
ENSRNOG00000058415	0
ENSRNOG00000058416	0.18
ENSRNOG00000058417	1.18
ENSRNOG00000058418	0
ENSRNOG00000058419	0.2
ENSRNOG00000058420	0
ENSRNOG00000058421	0.1
ENSRNOG00000058422	0.03
ENSRNOG00000058423	0
ENSRNOG00000058424	0
ENSRNOG00000058425	1.31
ENSRNOG00000058426	0
ENSRNOG00000058427	0.19
ENSRNOG00000058428	0
ENSRNOG00000058429	0.21
ENSRNOG00000058430	4.99
ENSRNOG00000058431	0
ENSRNOG00000058432	0
ENSRNOG00000058433	0
ENSRNOG00000058434	3.71
ENSRNOG00000058435	0
ENSRNOG00000058436	0.5
ENSRNOG00000058437	1.8
ENSRNOG00000058438	0
ENSRNOG00000058439	0
ENSRNOG00000058440	0
ENSRNOG00000058441	0
ENSRNOG00000058442	0
ENSRNOG00000058443	0
ENSRNOG00000058444	1.03
ENSRNOG00000058445	2.19
ENSRNOG00000058446	1.17
ENSRNOG00000058447	0.39
ENSRNOG00000058448	0.11
ENSRNOG00000058449	0.49
ENSRNOG00000058450	0
ENSRNOG00000058451	2.05
ENSRNOG00000058452	0
ENSRNOG00000058453	0
ENSRNOG00000058454	8.16
ENSRNOG00000058455	0
ENSRNOG00000058456	0.92
ENSRNOG00000058457	6.11
ENSRNOG00000058458	0
ENSRNOG00000058459	0
ENSRNOG00000058460	0
ENSRNOG00000058461	60.37
ENSRNOG00000058462	0.43
ENSRNOG00000058463	0
ENSRNOG00000058464	0
ENSRNOG00000058465	0
ENSRNOG00000058466	0
ENSRNOG00000058467	0.23
ENSRNOG00000058468	0
ENSRNOG00000058469	0
ENSRNOG00000058470	1.7
ENSRNOG00000058471	0
ENSRNOG00000058472	0.42
ENSRNOG00000058473	0
ENSRNOG00000058474	0.22
ENSRNOG00000058475	0
ENSRNOG00000058476	29.01
ENSRNOG00000058477	0.15
ENSRNOG00000058478	157.58
ENSRNOG00000058479	0.84
ENSRNOG00000058480	0
ENSRNOG00000058481	0
ENSRNOG00000058482	14.05
ENSRNOG00000058483	0
ENSRNOG00000058484	14.44
ENSRNOG00000058485	0
ENSRNOG00000058486	1.06
ENSRNOG00000058487	0
ENSRNOG00000058488	0
ENSRNOG00000058489	0
ENSRNOG00000058490	0.73
ENSRNOG00000058491	0.12
ENSRNOG00000058492	0
ENSRNOG00000058493	0
ENSRNOG00000058494	0
ENSRNOG00000058495	0
ENSRNOG00000058496	0
ENSRNOG00000058497	5.6
ENSRNOG00000058498	0
ENSRNOG00000058499	0
ENSRNOG00000058500	0
ENSRNOG00000058501	0
ENSRNOG00000058502	0
ENSRNOG00000058503	0
ENSRNOG00000058504	4.96
ENSRNOG00000058505	0
ENSRNOG00000058506	0.79
ENSRNOG00000058507	0.8
ENSRNOG00000058508	0
ENSRNOG00000058509	0.08
ENSRNOG00000058510	3.67
ENSRNOG00000058511	0
ENSRNOG00000058512	0
ENSRNOG00000058513	0
ENSRNOG00000058514	0
ENSRNOG00000058515	1.45
ENSRNOG00000058516	0.05
ENSRNOG00000058517	0.2
ENSRNOG00000058518	0
ENSRNOG00000058519	0
ENSRNOG00000058520	0
ENSRNOG00000058521	0
ENSRNOG00000058522	17.83
ENSRNOG00000058523	0
ENSRNOG00000058524	0
ENSRNOG00000058525	0
ENSRNOG00000058526	0
ENSRNOG00000058527	0
ENSRNOG00000058528	0
ENSRNOG00000058529	0
ENSRNOG00000058530	0
ENSRNOG00000058531	0.83
ENSRNOG00000058532	0
ENSRNOG00000058533	0
ENSRNOG00000058534	0
ENSRNOG00000058535	0.52
ENSRNOG00000058536	0
ENSRNOG00000058537	0
ENSRNOG00000058538	0
ENSRNOG00000058539	1.52
ENSRNOG00000058540	0
ENSRNOG00000058541	0
ENSRNOG00000058542	0
ENSRNOG00000058543	0
ENSRNOG00000058544	0
ENSRNOG00000058545	4.81
ENSRNOG00000058546	0
ENSRNOG00000058547	0
ENSRNOG00000058548	0
ENSRNOG00000058549	0
ENSRNOG00000058550	0
ENSRNOG00000058551	0
ENSRNOG00000058552	0
ENSRNOG00000058553	0
ENSRNOG00000058554	0
ENSRNOG00000058555	0.97
ENSRNOG00000058556	0
ENSRNOG00000058557	0.64
ENSRNOG00000058558	0
ENSRNOG00000058559	0
ENSRNOG00000058560	0.81
ENSRNOG00000058561	141.12
ENSRNOG00000058562	0
ENSRNOG00000058563	0
ENSRNOG00000058564	1.14
ENSRNOG00000058565	0
ENSRNOG00000058566	0.1
ENSRNOG00000058567	0
ENSRNOG00000058568	0.88
ENSRNOG00000058569	0
ENSRNOG00000058570	0
ENSRNOG00000058571	13.16
ENSRNOG00000058572	13.48
ENSRNOG00000058573	0
ENSRNOG00000058574	0
ENSRNOG00000058575	0
ENSRNOG00000058576	0.11
ENSRNOG00000058577	0
ENSRNOG00000058578	0.05
ENSRNOG00000058579	0
ENSRNOG00000058580	25.71
ENSRNOG00000058581	0
ENSRNOG00000058582	0
ENSRNOG00000058583	0
ENSRNOG00000058584	0.62
ENSRNOG00000058585	0
ENSRNOG00000058586	60.54
ENSRNOG00000058587	0
ENSRNOG00000058588	8.65
ENSRNOG00000058589	0
ENSRNOG00000058590	0
ENSRNOG00000058591	0
ENSRNOG00000058592	0
ENSRNOG00000058593	8.01
ENSRNOG00000058594	0
ENSRNOG00000058595	0
ENSRNOG00000058596	0
ENSRNOG00000058597	0
ENSRNOG00000058598	0.08
ENSRNOG00000058599	0.18
ENSRNOG00000058600	0
ENSRNOG00000058601	0
ENSRNOG00000058602	0
ENSRNOG00000058603	0
ENSRNOG00000058604	2.17
ENSRNOG00000058605	0
ENSRNOG00000058606	1.45
ENSRNOG00000058607	0
ENSRNOG00000058608	0
ENSRNOG00000058609	4.5
ENSRNOG00000058610	0
ENSRNOG00000058611	1.21
ENSRNOG00000058612	0
ENSRNOG00000058613	0
ENSRNOG00000058614	0
ENSRNOG00000058615	4.82
ENSRNOG00000058616	25.48
ENSRNOG00000058617	0
ENSRNOG00000058618	2.58
ENSRNOG00000058619	0
ENSRNOG00000058620	0
ENSRNOG00000058621	0
ENSRNOG00000058622	0
ENSRNOG00000058623	0
ENSRNOG00000058624	0
ENSRNOG00000058625	0.06
ENSRNOG00000058626	0.33
ENSRNOG00000058627	0
ENSRNOG00000058628	0
ENSRNOG00000058629	0
ENSRNOG00000058630	0
ENSRNOG00000058631	0
ENSRNOG00000058632	0
ENSRNOG00000058633	0
ENSRNOG00000058634	0
ENSRNOG00000058635	0
ENSRNOG00000058636	0
ENSRNOG00000058637	0.2
ENSRNOG00000058638	0
ENSRNOG00000058639	0
ENSRNOG00000058640	0
ENSRNOG00000058641	0
ENSRNOG00000058642	0
ENSRNOG00000058643	10.55
ENSRNOG00000058644	0
ENSRNOG00000058645	6.3
ENSRNOG00000058646	15.88
ENSRNOG00000058647	0.59
ENSRNOG00000058648	0
ENSRNOG00000058649	0
ENSRNOG00000058650	0
ENSRNOG00000058651	0
ENSRNOG00000058652	0
ENSRNOG00000058653	0.43
ENSRNOG00000058654	0.56
ENSRNOG00000058655	0
ENSRNOG00000058656	0
ENSRNOG00000058657	1.67
ENSRNOG00000058658	50.55
ENSRNOG00000058659	0
ENSRNOG00000058660	0.9
ENSRNOG00000058661	0
ENSRNOG00000058662	31.07
ENSRNOG00000058663	11.77
ENSRNOG00000058664	0.01
ENSRNOG00000058665	0
ENSRNOG00000058666	4.33
ENSRNOG00000058667	0
ENSRNOG00000058668	0
ENSRNOG00000058669	0
ENSRNOG00000058670	0
ENSRNOG00000058671	0
ENSRNOG00000058672	1.57
ENSRNOG00000058673	0
ENSRNOG00000058674	0
ENSRNOG00000058675	0.05
ENSRNOG00000058676	0
ENSRNOG00000058677	14.31
ENSRNOG00000058678	1.08
ENSRNOG00000058679	1.37
ENSRNOG00000058680	0
ENSRNOG00000058681	7.62
ENSRNOG00000058682	0.79
ENSRNOG00000058683	0.35
ENSRNOG00000058684	0
ENSRNOG00000058685	0
ENSRNOG00000058686	0
ENSRNOG00000058687	0
ENSRNOG00000058688	1.68
ENSRNOG00000058689	0
ENSRNOG00000058690	0
ENSRNOG00000058691	0
ENSRNOG00000058692	0.02
ENSRNOG00000058693	0.61
ENSRNOG00000058694	9.55
ENSRNOG00000058695	0
ENSRNOG00000058696	0.31
ENSRNOG00000058697	0
ENSRNOG00000058698	0
ENSRNOG00000058699	0
ENSRNOG00000058700	0
ENSRNOG00000058701	1.79
ENSRNOG00000058702	0
ENSRNOG00000058703	0
ENSRNOG00000058704	0
ENSRNOG00000058705	0
ENSRNOG00000058706	0
ENSRNOG00000058707	0
ENSRNOG00000058708	0
ENSRNOG00000058709	0
ENSRNOG00000058710	0
ENSRNOG00000058711	0
ENSRNOG00000058712	0
ENSRNOG00000058713	0
ENSRNOG00000058714	0.09
ENSRNOG00000058715	3.26
ENSRNOG00000058716	0
ENSRNOG00000058717	0
ENSRNOG00000058718	0
ENSRNOG00000058719	0
ENSRNOG00000058720	0
ENSRNOG00000058721	0
ENSRNOG00000058722	0
ENSRNOG00000058723	0
ENSRNOG00000058724	4.7
ENSRNOG00000058725	0
ENSRNOG00000058726	0
ENSRNOG00000058727	0.19
ENSRNOG00000058728	0.6
ENSRNOG00000058729	0
ENSRNOG00000058730	0
ENSRNOG00000058731	0
ENSRNOG00000058732	0
ENSRNOG00000058733	21.06
ENSRNOG00000058734	0
ENSRNOG00000058735	0
ENSRNOG00000058736	0
ENSRNOG00000058737	0
ENSRNOG00000058738	0
ENSRNOG00000058739	46.63
ENSRNOG00000058740	0
ENSRNOG00000058741	0
ENSRNOG00000058742	0.03
ENSRNOG00000058743	0
ENSRNOG00000058744	0
ENSRNOG00000058745	0
ENSRNOG00000058746	11.09
ENSRNOG00000058747	0
ENSRNOG00000058748	0
ENSRNOG00000058749	0.23
ENSRNOG00000058750	8.5
ENSRNOG00000058751	2.66
ENSRNOG00000058752	1.42
ENSRNOG00000058753	0
ENSRNOG00000058754	0
ENSRNOG00000058755	0.03
ENSRNOG00000058756	0
ENSRNOG00000058757	0
ENSRNOG00000058758	0
ENSRNOG00000058759	0
ENSRNOG00000058760	3.54
ENSRNOG00000058761	0
ENSRNOG00000058762	0
ENSRNOG00000058763	0
ENSRNOG00000058764	0
ENSRNOG00000058765	0
ENSRNOG00000058766	9.99
ENSRNOG00000058767	1.53
ENSRNOG00000058768	0
ENSRNOG00000058769	0
ENSRNOG00000058770	0
ENSRNOG00000058771	0
ENSRNOG00000058772	0
ENSRNOG00000058773	0
ENSRNOG00000058774	0.7
ENSRNOG00000058775	0
ENSRNOG00000058776	0
ENSRNOG00000058777	1.11
ENSRNOG00000058778	0.11
ENSRNOG00000058779	0
ENSRNOG00000058780	0.08
ENSRNOG00000058781	0
ENSRNOG00000058782	0
ENSRNOG00000058783	0
ENSRNOG00000058784	5.15
ENSRNOG00000058785	1.2
ENSRNOG00000058786	0
ENSRNOG00000058787	0.47
ENSRNOG00000058788	0
ENSRNOG00000058789	14.77
ENSRNOG00000058790	21.17
ENSRNOG00000058791	0
ENSRNOG00000058792	0
ENSRNOG00000058793	0
ENSRNOG00000058794	2.65
ENSRNOG00000058795	0
ENSRNOG00000058796	1.14
ENSRNOG00000058797	0
ENSRNOG00000058798	0.24
ENSRNOG00000058799	0
ENSRNOG00000058800	0
ENSRNOG00000058801	0
ENSRNOG00000058802	0
ENSRNOG00000058803	0
ENSRNOG00000058804	1.35
ENSRNOG00000058805	14.37
ENSRNOG00000058806	0
ENSRNOG00000058807	0
ENSRNOG00000058808	0
ENSRNOG00000058809	0
ENSRNOG00000058810	4.57
ENSRNOG00000058811	0
ENSRNOG00000058812	0
ENSRNOG00000058813	0
ENSRNOG00000058814	0
ENSRNOG00000058815	0
ENSRNOG00000058816	2.76
ENSRNOG00000058817	0
ENSRNOG00000058818	0.23
ENSRNOG00000058819	0.03
ENSRNOG00000058820	0
ENSRNOG00000058821	0
ENSRNOG00000058822	0
ENSRNOG00000058823	0
ENSRNOG00000058824	0
ENSRNOG00000058825	6.24
ENSRNOG00000058826	0
ENSRNOG00000058827	0
ENSRNOG00000058828	0
ENSRNOG00000058829	0.1
ENSRNOG00000058830	0
ENSRNOG00000058831	0
ENSRNOG00000058832	0
ENSRNOG00000058833	0
ENSRNOG00000058834	0.26
ENSRNOG00000058835	0.19
ENSRNOG00000058836	0
ENSRNOG00000058837	0
ENSRNOG00000058838	0
ENSRNOG00000058839	0
ENSRNOG00000058840	0
ENSRNOG00000058841	2.7
ENSRNOG00000058842	93.48
ENSRNOG00000058843	0
ENSRNOG00000058844	0
ENSRNOG00000058845	0
ENSRNOG00000058846	0
ENSRNOG00000058847	0.59
ENSRNOG00000058848	0
ENSRNOG00000058849	0
ENSRNOG00000058850	0
ENSRNOG00000058851	0
ENSRNOG00000058852	0.43
ENSRNOG00000058853	0
ENSRNOG00000058854	0
ENSRNOG00000058855	0
ENSRNOG00000058856	1.59
ENSRNOG00000058857	0
ENSRNOG00000058858	0
ENSRNOG00000058859	0
ENSRNOG00000058860	0
ENSRNOG00000058861	1.28
ENSRNOG00000058862	0.37
ENSRNOG00000058863	0
ENSRNOG00000058864	3.15
ENSRNOG00000058865	0
ENSRNOG00000058866	64.31
ENSRNOG00000058867	0
ENSRNOG00000058868	0
ENSRNOG00000058869	0
ENSRNOG00000058870	2.71
ENSRNOG00000058871	0.4
ENSRNOG00000058872	0
ENSRNOG00000058873	0
ENSRNOG00000058874	0
ENSRNOG00000058875	0
ENSRNOG00000058876	0.09
ENSRNOG00000058877	0
ENSRNOG00000058878	0
ENSRNOG00000058879	0
ENSRNOG00000058880	0
ENSRNOG00000058881	0
ENSRNOG00000058882	7.99
ENSRNOG00000058883	0.04
ENSRNOG00000058884	0
ENSRNOG00000058885	0
ENSRNOG00000058886	0
ENSRNOG00000058887	0
ENSRNOG00000058888	0.17
ENSRNOG00000058889	0
ENSRNOG00000058890	11.51
ENSRNOG00000058891	3.35
ENSRNOG00000058892	0
ENSRNOG00000058893	0
ENSRNOG00000058894	0
ENSRNOG00000058895	0
ENSRNOG00000058896	0
ENSRNOG00000058897	0
ENSRNOG00000058898	112.56
ENSRNOG00000058899	12.53
ENSRNOG00000058900	0
ENSRNOG00000058901	0
ENSRNOG00000058902	0
ENSRNOG00000058903	1.49
ENSRNOG00000058904	0.18
ENSRNOG00000058905	0
ENSRNOG00000058906	0.25
ENSRNOG00000058907	0
ENSRNOG00000058908	26.87
ENSRNOG00000058909	7.51
ENSRNOG00000058910	0
ENSRNOG00000058911	0
ENSRNOG00000058912	2.19
ENSRNOG00000058913	0.49
ENSRNOG00000058914	105.83
ENSRNOG00000058915	4.54
ENSRNOG00000058916	10.78
ENSRNOG00000058917	0
ENSRNOG00000058918	0
ENSRNOG00000058919	0
ENSRNOG00000058920	0
ENSRNOG00000058921	0.4
ENSRNOG00000058922	0
ENSRNOG00000058923	0
ENSRNOG00000058924	0
ENSRNOG00000058925	0.72
ENSRNOG00000058926	0.39
ENSRNOG00000058927	0
ENSRNOG00000058928	0
ENSRNOG00000058929	0
ENSRNOG00000058930	0
ENSRNOG00000058931	0
ENSRNOG00000058932	3.19
ENSRNOG00000058933	1.95
ENSRNOG00000058934	0
ENSRNOG00000058935	5.69
ENSRNOG00000058936	0
ENSRNOG00000058937	0
ENSRNOG00000058938	86.27
ENSRNOG00000058939	0.28
ENSRNOG00000058940	0.65
ENSRNOG00000058941	0
ENSRNOG00000058942	0
ENSRNOG00000058943	0
ENSRNOG00000058944	0.98
ENSRNOG00000058945	0
ENSRNOG00000058946	0
ENSRNOG00000058947	0
ENSRNOG00000058948	0
ENSRNOG00000058949	0
ENSRNOG00000058950	0
ENSRNOG00000058951	0
ENSRNOG00000058952	0
ENSRNOG00000058953	0
ENSRNOG00000058954	0
ENSRNOG00000058955	0
ENSRNOG00000058956	0
ENSRNOG00000058957	0
ENSRNOG00000058958	0
ENSRNOG00000058959	0
ENSRNOG00000058960	0
ENSRNOG00000058961	0
ENSRNOG00000058962	0
ENSRNOG00000058963	0
ENSRNOG00000058964	0
ENSRNOG00000058965	0
ENSRNOG00000058966	0.99
ENSRNOG00000058967	0
ENSRNOG00000058968	0.16
ENSRNOG00000058969	0
ENSRNOG00000058970	0
ENSRNOG00000058971	3.98
ENSRNOG00000058972	0
ENSRNOG00000058973	3.57
ENSRNOG00000058974	0
ENSRNOG00000058975	16.83
ENSRNOG00000058976	0
ENSRNOG00000058977	0
ENSRNOG00000058978	0
ENSRNOG00000058979	0
ENSRNOG00000058980	0.09
ENSRNOG00000058981	0.96
ENSRNOG00000058982	0
ENSRNOG00000058983	0.03
ENSRNOG00000058984	4.53
ENSRNOG00000058985	0
ENSRNOG00000058986	0
ENSRNOG00000058987	2.2
ENSRNOG00000058988	0
ENSRNOG00000058989	0.32
ENSRNOG00000058990	0.47
ENSRNOG00000058991	0
ENSRNOG00000058992	0
ENSRNOG00000058993	0
ENSRNOG00000058994	0
ENSRNOG00000058995	0
ENSRNOG00000058996	0
ENSRNOG00000058997	0
ENSRNOG00000058998	0
ENSRNOG00000058999	0.12
ENSRNOG00000059000	0
ENSRNOG00000059001	0
ENSRNOG00000059002	0
ENSRNOG00000059003	0
ENSRNOG00000059004	0
ENSRNOG00000059005	0.06
ENSRNOG00000059006	0
ENSRNOG00000059007	0
ENSRNOG00000059008	17.1
ENSRNOG00000059009	0
ENSRNOG00000059010	0.43
ENSRNOG00000059011	0
ENSRNOG00000059012	1.82
ENSRNOG00000059013	3.19
ENSRNOG00000059014	0
ENSRNOG00000059015	2.47
ENSRNOG00000059016	17.88
ENSRNOG00000059017	42.65
ENSRNOG00000059018	0
ENSRNOG00000059019	0
ENSRNOG00000059020	0
ENSRNOG00000059021	0
ENSRNOG00000059022	0
ENSRNOG00000059023	0
ENSRNOG00000059024	0
ENSRNOG00000059025	0
ENSRNOG00000059026	0.13
ENSRNOG00000059027	5.01
ENSRNOG00000059028	0
ENSRNOG00000059029	0
ENSRNOG00000059030	0
ENSRNOG00000059031	0
ENSRNOG00000059032	0
ENSRNOG00000059033	0
ENSRNOG00000059034	0
ENSRNOG00000059035	0
ENSRNOG00000059036	0.04
ENSRNOG00000059037	0
ENSRNOG00000059038	0
ENSRNOG00000059039	0.95
ENSRNOG00000059040	0.64
ENSRNOG00000059041	2.18
ENSRNOG00000059042	0
ENSRNOG00000059043	25.59
ENSRNOG00000059044	0
ENSRNOG00000059045	0
ENSRNOG00000059046	0
ENSRNOG00000059047	0
ENSRNOG00000059048	0
ENSRNOG00000059049	0.69
ENSRNOG00000059050	0.12
ENSRNOG00000059051	1.53
ENSRNOG00000059052	0
ENSRNOG00000059053	0
ENSRNOG00000059054	0
ENSRNOG00000059055	1.78
ENSRNOG00000059056	0.11
ENSRNOG00000059057	4.14
ENSRNOG00000059058	0
ENSRNOG00000059059	2.43
ENSRNOG00000059060	0
ENSRNOG00000059061	121.03
ENSRNOG00000059062	0
ENSRNOG00000059063	0
ENSRNOG00000059064	0
ENSRNOG00000059065	0
ENSRNOG00000059066	0
ENSRNOG00000059067	0
ENSRNOG00000059068	0
ENSRNOG00000059069	0
ENSRNOG00000059070	0
ENSRNOG00000059071	0
ENSRNOG00000059072	0
ENSRNOG00000059073	0.07
ENSRNOG00000059074	0.09
ENSRNOG00000059075	2.38
ENSRNOG00000059076	0
ENSRNOG00000059077	0
ENSRNOG00000059078	0
ENSRNOG00000059079	0
ENSRNOG00000059080	0
ENSRNOG00000059081	15.24
ENSRNOG00000059082	0
ENSRNOG00000059083	0
ENSRNOG00000059084	0
ENSRNOG00000059085	0
ENSRNOG00000059086	0
ENSRNOG00000059087	0.22
ENSRNOG00000059088	0
ENSRNOG00000059089	0
ENSRNOG00000059090	0
ENSRNOG00000059091	0.41
ENSRNOG00000059092	0
ENSRNOG00000059093	1.09
ENSRNOG00000059094	0
ENSRNOG00000059095	0
ENSRNOG00000059096	0
ENSRNOG00000059097	0.8
ENSRNOG00000059098	10.61
ENSRNOG00000059099	0
ENSRNOG00000059100	3.73
ENSRNOG00000059101	0
ENSRNOG00000059102	0
ENSRNOG00000059103	0
ENSRNOG00000059104	0
ENSRNOG00000059105	0
ENSRNOG00000059106	6.1
ENSRNOG00000059107	0
ENSRNOG00000059108	3.07
ENSRNOG00000059109	0
ENSRNOG00000059110	7.14
ENSRNOG00000059111	0
ENSRNOG00000059112	4.16
ENSRNOG00000059113	2.89
ENSRNOG00000059114	0.26
ENSRNOG00000059115	0
ENSRNOG00000059116	32.17
ENSRNOG00000059117	0
ENSRNOG00000059118	0
ENSRNOG00000059119	0
ENSRNOG00000059120	0.21
ENSRNOG00000059121	0
ENSRNOG00000059122	0
ENSRNOG00000059123	0
ENSRNOG00000059124	0.09
ENSRNOG00000059125	2.41
ENSRNOG00000059126	0
ENSRNOG00000059127	0
ENSRNOG00000059128	0
ENSRNOG00000059129	0
ENSRNOG00000059130	0.45
ENSRNOG00000059131	0
ENSRNOG00000059132	0
ENSRNOG00000059133	0.32
ENSRNOG00000059134	0.53
ENSRNOG00000059135	0
ENSRNOG00000059136	0.2
ENSRNOG00000059137	0.08
ENSRNOG00000059138	0
ENSRNOG00000059139	0
ENSRNOG00000059140	0.29
ENSRNOG00000059141	0
ENSRNOG00000059142	1.61
ENSRNOG00000059143	0
ENSRNOG00000059144	0
ENSRNOG00000059145	8.02
ENSRNOG00000059146	0
ENSRNOG00000059147	0
ENSRNOG00000059148	7.37
ENSRNOG00000059149	0.36
ENSRNOG00000059150	0
ENSRNOG00000059151	0
ENSRNOG00000059152	0
ENSRNOG00000059153	0
ENSRNOG00000059154	0
ENSRNOG00000059155	0
ENSRNOG00000059156	0
ENSRNOG00000059157	0
ENSRNOG00000059158	0
ENSRNOG00000059159	0
ENSRNOG00000059160	0.1
ENSRNOG00000059161	0
ENSRNOG00000059162	0
ENSRNOG00000059163	3.19
ENSRNOG00000059164	0
ENSRNOG00000059165	0
ENSRNOG00000059166	2.1
ENSRNOG00000059167	0
ENSRNOG00000059168	0.06
ENSRNOG00000059169	0.17
ENSRNOG00000059170	0.11
ENSRNOG00000059171	2.97
ENSRNOG00000059172	0
ENSRNOG00000059173	0
ENSRNOG00000059174	0.63
ENSRNOG00000059175	0
ENSRNOG00000059176	0
ENSRNOG00000059177	0
ENSRNOG00000059178	0
ENSRNOG00000059179	1.14
ENSRNOG00000059180	0
ENSRNOG00000059181	4.73
ENSRNOG00000059182	0
ENSRNOG00000059183	0
ENSRNOG00000059184	0
ENSRNOG00000059185	0
ENSRNOG00000059186	0
ENSRNOG00000059187	0
ENSRNOG00000059188	0
ENSRNOG00000059189	1.55
ENSRNOG00000059190	0
ENSRNOG00000059191	0
ENSRNOG00000059192	0.06
ENSRNOG00000059193	0
ENSRNOG00000059194	0
ENSRNOG00000059195	0
ENSRNOG00000059196	0
ENSRNOG00000059197	0
ENSRNOG00000059198	0
ENSRNOG00000059199	0
ENSRNOG00000059200	0
ENSRNOG00000059201	0.04
ENSRNOG00000059202	32.1
ENSRNOG00000059203	17.38
ENSRNOG00000059204	0.55
ENSRNOG00000059205	0
ENSRNOG00000059206	0
ENSRNOG00000059207	0.09
ENSRNOG00000059208	0
ENSRNOG00000059209	0
ENSRNOG00000059210	0.16
ENSRNOG00000059211	0.69
ENSRNOG00000059212	2.41
ENSRNOG00000059213	0
ENSRNOG00000059214	0
ENSRNOG00000059215	10.72
ENSRNOG00000059216	0
ENSRNOG00000059217	0
ENSRNOG00000059218	2.21
ENSRNOG00000059219	0.15
ENSRNOG00000059220	0
ENSRNOG00000059221	0
ENSRNOG00000059222	0
ENSRNOG00000059223	0.19
ENSRNOG00000059224	8.34
ENSRNOG00000059225	1.12
ENSRNOG00000059226	0
ENSRNOG00000059227	0.21
ENSRNOG00000059228	0.65
ENSRNOG00000059229	0
ENSRNOG00000059230	0
ENSRNOG00000059231	1.06
ENSRNOG00000059232	0
ENSRNOG00000059233	0
ENSRNOG00000059234	0
ENSRNOG00000059235	0
ENSRNOG00000059236	0
ENSRNOG00000059237	0.09
ENSRNOG00000059238	0
ENSRNOG00000059239	0
ENSRNOG00000059240	0.08
ENSRNOG00000059241	0
ENSRNOG00000059242	0
ENSRNOG00000059243	1.99
ENSRNOG00000059244	0
ENSRNOG00000059245	0.68
ENSRNOG00000059246	6.09
ENSRNOG00000059247	0
ENSRNOG00000059248	0
ENSRNOG00000059249	0
ENSRNOG00000059250	0
ENSRNOG00000059251	0
ENSRNOG00000059252	0.04
ENSRNOG00000059253	0
ENSRNOG00000059254	0
ENSRNOG00000059255	0
ENSRNOG00000059256	0
ENSRNOG00000059257	0
ENSRNOG00000059258	0
ENSRNOG00000059259	0
ENSRNOG00000059260	0.16
ENSRNOG00000059261	0
ENSRNOG00000059262	2.23
ENSRNOG00000059263	0
ENSRNOG00000059264	0
ENSRNOG00000059265	0
ENSRNOG00000059266	1.41
ENSRNOG00000059267	0
ENSRNOG00000059268	14.79
ENSRNOG00000059269	0
ENSRNOG00000059270	2.66
ENSRNOG00000059271	6.7
ENSRNOG00000059272	0
ENSRNOG00000059273	0
ENSRNOG00000059274	0
ENSRNOG00000059275	0
ENSRNOG00000059276	1.35
ENSRNOG00000059277	86.72
ENSRNOG00000059278	0
ENSRNOG00000059279	0
ENSRNOG00000059280	0
ENSRNOG00000059281	0
ENSRNOG00000059282	0
ENSRNOG00000059283	0
ENSRNOG00000059284	0.05
ENSRNOG00000059285	0
ENSRNOG00000059286	0
ENSRNOG00000059287	0
ENSRNOG00000059288	0
ENSRNOG00000059289	0
ENSRNOG00000059290	0
ENSRNOG00000059291	0
ENSRNOG00000059292	2.82
ENSRNOG00000059293	0
ENSRNOG00000059294	0
ENSRNOG00000059295	22.02
ENSRNOG00000059296	0
ENSRNOG00000059297	0
ENSRNOG00000059298	0
ENSRNOG00000059299	0
ENSRNOG00000059300	0
ENSRNOG00000059301	0
ENSRNOG00000059302	0
ENSRNOG00000059303	0
ENSRNOG00000059304	3.56
ENSRNOG00000059305	0
ENSRNOG00000059306	0
ENSRNOG00000059307	0
ENSRNOG00000059308	0
ENSRNOG00000059309	0
ENSRNOG00000059310	0
ENSRNOG00000059311	0.21
ENSRNOG00000059312	0.92
ENSRNOG00000059313	0
ENSRNOG00000059314	0.15
ENSRNOG00000059315	1.47
ENSRNOG00000059316	0
ENSRNOG00000059317	0
ENSRNOG00000059318	1.05
ENSRNOG00000059319	9
ENSRNOG00000059320	0
ENSRNOG00000059321	0
ENSRNOG00000059322	9.6
ENSRNOG00000059323	0
ENSRNOG00000059324	0
ENSRNOG00000059325	0
ENSRNOG00000059326	0.86
ENSRNOG00000059327	0
ENSRNOG00000059328	0
ENSRNOG00000059329	0
ENSRNOG00000059330	0
ENSRNOG00000059331	0.49
ENSRNOG00000059332	0
ENSRNOG00000059333	0
ENSRNOG00000059334	23.69
ENSRNOG00000059335	0
ENSRNOG00000059336	0
ENSRNOG00000059337	0
ENSRNOG00000059338	0.23
ENSRNOG00000059339	0
ENSRNOG00000059340	0.42
ENSRNOG00000059341	0
ENSRNOG00000059342	0
ENSRNOG00000059343	0
ENSRNOG00000059344	19.54
ENSRNOG00000059345	0
ENSRNOG00000059346	0
ENSRNOG00000059347	2.65
ENSRNOG00000059348	24.37
ENSRNOG00000059349	0
ENSRNOG00000059350	0.03
ENSRNOG00000059351	0
ENSRNOG00000059352	0
ENSRNOG00000059353	0
ENSRNOG00000059354	0
ENSRNOG00000059355	0
ENSRNOG00000059356	0
ENSRNOG00000059357	0
ENSRNOG00000059358	0
ENSRNOG00000059359	0
ENSRNOG00000059360	0
ENSRNOG00000059361	0
ENSRNOG00000059362	0.79
ENSRNOG00000059363	0.36
ENSRNOG00000059364	0
ENSRNOG00000059365	0
ENSRNOG00000059366	0
ENSRNOG00000059367	0
ENSRNOG00000059368	0
ENSRNOG00000059369	0
ENSRNOG00000059370	0.52
ENSRNOG00000059371	0
ENSRNOG00000059372	0
ENSRNOG00000059373	0
ENSRNOG00000059374	1.92
ENSRNOG00000059375	0.19
ENSRNOG00000059376	0
ENSRNOG00000059377	1.07
ENSRNOG00000059378	0
ENSRNOG00000059379	1.13
ENSRNOG00000059380	0.21
ENSRNOG00000059381	27.47
ENSRNOG00000059382	0
ENSRNOG00000059383	0
ENSRNOG00000059384	0
ENSRNOG00000059385	0
ENSRNOG00000059386	11.22
ENSRNOG00000059387	0.05
ENSRNOG00000059388	0
ENSRNOG00000059389	1.41
ENSRNOG00000059390	0
ENSRNOG00000059391	0
ENSRNOG00000059392	0.13
ENSRNOG00000059393	0
ENSRNOG00000059394	0
ENSRNOG00000059395	0.63
ENSRNOG00000059396	0.7
ENSRNOG00000059397	0
ENSRNOG00000059398	0.39
ENSRNOG00000059399	0
ENSRNOG00000059400	0
ENSRNOG00000059401	0.91
ENSRNOG00000059402	26.13
ENSRNOG00000059403	0.21
ENSRNOG00000059404	1.44
ENSRNOG00000059405	4.14
ENSRNOG00000059406	8.34
ENSRNOG00000059407	0.49
ENSRNOG00000059408	12.25
ENSRNOG00000059409	0
ENSRNOG00000059410	0
ENSRNOG00000059411	0
ENSRNOG00000059412	0.09
ENSRNOG00000059413	1.81
ENSRNOG00000059414	0
ENSRNOG00000059415	0
ENSRNOG00000059416	0
ENSRNOG00000059417	0
ENSRNOG00000059418	0
ENSRNOG00000059419	0
ENSRNOG00000059420	0
ENSRNOG00000059421	0.09
ENSRNOG00000059422	1.53
ENSRNOG00000059423	0
ENSRNOG00000059424	0.06
ENSRNOG00000059425	0
ENSRNOG00000059426	0
ENSRNOG00000059427	0
ENSRNOG00000059428	0.85
ENSRNOG00000059429	1.78
ENSRNOG00000059430	0
ENSRNOG00000059431	0
ENSRNOG00000059432	0
ENSRNOG00000059433	0
ENSRNOG00000059434	13.03
ENSRNOG00000059435	1.82
ENSRNOG00000059436	0
ENSRNOG00000059437	0.19
ENSRNOG00000059438	0
ENSRNOG00000059439	0
ENSRNOG00000059440	3.54
ENSRNOG00000059441	0
ENSRNOG00000059442	3.02
ENSRNOG00000059443	0
ENSRNOG00000059444	0.59
ENSRNOG00000059445	3.15
ENSRNOG00000059446	0
ENSRNOG00000059447	0
ENSRNOG00000059448	0
ENSRNOG00000059449	0.21
ENSRNOG00000059450	1.01
ENSRNOG00000059451	0
ENSRNOG00000059452	0
ENSRNOG00000059453	4.31
ENSRNOG00000059454	0
ENSRNOG00000059455	0
ENSRNOG00000059456	5.56
ENSRNOG00000059457	0
ENSRNOG00000059458	14.74
ENSRNOG00000059459	1.44
ENSRNOG00000059460	7.85
ENSRNOG00000059461	1.55
ENSRNOG00000059462	0
ENSRNOG00000059463	22.69
ENSRNOG00000059464	0
ENSRNOG00000059465	0
ENSRNOG00000059466	2.1
ENSRNOG00000059467	1.69
ENSRNOG00000059468	0.65
ENSRNOG00000059469	0.53
ENSRNOG00000059470	0.44
ENSRNOG00000059471	0
ENSRNOG00000059472	0
ENSRNOG00000059473	0
ENSRNOG00000059474	8.73
ENSRNOG00000059475	0.96
ENSRNOG00000059476	0
ENSRNOG00000059477	1
ENSRNOG00000059478	0.95
ENSRNOG00000059479	50.3
ENSRNOG00000059480	18.86
ENSRNOG00000059481	1.07
ENSRNOG00000059482	0.04
ENSRNOG00000059483	0
ENSRNOG00000059484	0
ENSRNOG00000059485	0.25
ENSRNOG00000059486	0
ENSRNOG00000059487	34.01
ENSRNOG00000059488	0
ENSRNOG00000059489	0.63
ENSRNOG00000059490	0
ENSRNOG00000059491	4.84
ENSRNOG00000059492	4.35
ENSRNOG00000059493	0
ENSRNOG00000059494	0.14
ENSRNOG00000059495	0
ENSRNOG00000059496	0
ENSRNOG00000059497	0
ENSRNOG00000059498	0
ENSRNOG00000059499	0
ENSRNOG00000059500	2.46
ENSRNOG00000059501	0
ENSRNOG00000059502	0.95
ENSRNOG00000059503	0.14
ENSRNOG00000059504	0
ENSRNOG00000059505	0
ENSRNOG00000059506	0.11
ENSRNOG00000059507	2.17
ENSRNOG00000059508	0
ENSRNOG00000059509	14.32
ENSRNOG00000059510	16.66
ENSRNOG00000059511	0
ENSRNOG00000059512	0
ENSRNOG00000059513	0
ENSRNOG00000059514	0
ENSRNOG00000059515	0.35
ENSRNOG00000059516	0
ENSRNOG00000059517	0
ENSRNOG00000059518	0.24
ENSRNOG00000059519	0.58
ENSRNOG00000059520	0.35
ENSRNOG00000059521	0
ENSRNOG00000059522	0
ENSRNOG00000059523	0
ENSRNOG00000059524	0
ENSRNOG00000059525	0
ENSRNOG00000059526	0
ENSRNOG00000059527	3.01
ENSRNOG00000059528	0
ENSRNOG00000059529	0.27
ENSRNOG00000059530	0
ENSRNOG00000059531	0
ENSRNOG00000059532	0.14
ENSRNOG00000059533	0
ENSRNOG00000059534	0
ENSRNOG00000059535	0
ENSRNOG00000059536	0
ENSRNOG00000059537	0
ENSRNOG00000059538	10.28
ENSRNOG00000059539	5.48
ENSRNOG00000059540	0.03
ENSRNOG00000059541	0
ENSRNOG00000059542	0
ENSRNOG00000059543	0
ENSRNOG00000059544	0
ENSRNOG00000059545	0.63
ENSRNOG00000059546	0
ENSRNOG00000059547	0
ENSRNOG00000059548	0
ENSRNOG00000059549	0.2
ENSRNOG00000059550	11.58
ENSRNOG00000059551	0
ENSRNOG00000059552	5.39
ENSRNOG00000059553	0
ENSRNOG00000059554	0
ENSRNOG00000059555	0
ENSRNOG00000059556	0.98
ENSRNOG00000059557	0
ENSRNOG00000059558	1.22
ENSRNOG00000059559	0
ENSRNOG00000059560	0.45
ENSRNOG00000059561	1.26
ENSRNOG00000059562	0
ENSRNOG00000059563	0
ENSRNOG00000059564	0
ENSRNOG00000059565	0
ENSRNOG00000059566	0
ENSRNOG00000059567	0
ENSRNOG00000059568	0.05
ENSRNOG00000059569	0
ENSRNOG00000059570	0
ENSRNOG00000059571	0
ENSRNOG00000059572	8.82
ENSRNOG00000059573	0
ENSRNOG00000059574	0
ENSRNOG00000059575	0
ENSRNOG00000059576	0
ENSRNOG00000059577	0
ENSRNOG00000059578	0.17
ENSRNOG00000059579	9.61
ENSRNOG00000059580	0
ENSRNOG00000059581	0.47
ENSRNOG00000059582	1.01
ENSRNOG00000059583	0
ENSRNOG00000059584	0
ENSRNOG00000059585	0
ENSRNOG00000059586	0
ENSRNOG00000059587	0
ENSRNOG00000059588	43.22
ENSRNOG00000059589	12.2
ENSRNOG00000059590	0
ENSRNOG00000059591	0
ENSRNOG00000059592	0.38
ENSRNOG00000059593	38.03
ENSRNOG00000059594	0
ENSRNOG00000059595	0
ENSRNOG00000059596	0
ENSRNOG00000059597	0
ENSRNOG00000059598	0
ENSRNOG00000059599	0
ENSRNOG00000059600	0
ENSRNOG00000059601	1.06
ENSRNOG00000059602	0
ENSRNOG00000059603	0
ENSRNOG00000059604	1.86
ENSRNOG00000059605	91.77
ENSRNOG00000059606	0
ENSRNOG00000059607	0
ENSRNOG00000059608	4.16
ENSRNOG00000059609	0
ENSRNOG00000059610	0
ENSRNOG00000059611	0
ENSRNOG00000059612	0
ENSRNOG00000059613	0
ENSRNOG00000059614	0
ENSRNOG00000059615	17.61
ENSRNOG00000059616	0
ENSRNOG00000059617	0.24
ENSRNOG00000059618	2.8
ENSRNOG00000059619	0
ENSRNOG00000059620	0
ENSRNOG00000059621	0.55
ENSRNOG00000059622	1.71
ENSRNOG00000059623	0
ENSRNOG00000059624	0
ENSRNOG00000059625	0
ENSRNOG00000059626	5.37
ENSRNOG00000059627	0
ENSRNOG00000059628	1.21
ENSRNOG00000059629	0
ENSRNOG00000059630	0
ENSRNOG00000059631	0
ENSRNOG00000059632	0
ENSRNOG00000059633	0
ENSRNOG00000059634	0
ENSRNOG00000059635	0.28
ENSRNOG00000059636	0
ENSRNOG00000059637	0
ENSRNOG00000059638	0
ENSRNOG00000059639	0
ENSRNOG00000059640	0.45
ENSRNOG00000059641	0.5
ENSRNOG00000059642	0
ENSRNOG00000059643	0
ENSRNOG00000059644	0
ENSRNOG00000059645	0
ENSRNOG00000059646	0
ENSRNOG00000059647	0
ENSRNOG00000059648	0
ENSRNOG00000059649	0.27
ENSRNOG00000059650	0
ENSRNOG00000059651	0
ENSRNOG00000059652	0
ENSRNOG00000059653	6.87
ENSRNOG00000059654	2.35
ENSRNOG00000059655	0.57
ENSRNOG00000059656	0.53
ENSRNOG00000059657	0
ENSRNOG00000059658	0
ENSRNOG00000059659	26.67
ENSRNOG00000059660	597.25
ENSRNOG00000059661	1.95
ENSRNOG00000059662	1.46
ENSRNOG00000059663	0
ENSRNOG00000059664	0
ENSRNOG00000059665	0
ENSRNOG00000059666	0.23
ENSRNOG00000059667	0
ENSRNOG00000059668	0
ENSRNOG00000059669	0
ENSRNOG00000059670	0
ENSRNOG00000059671	0
ENSRNOG00000059672	0
ENSRNOG00000059673	0.71
ENSRNOG00000059674	0
ENSRNOG00000059675	0
ENSRNOG00000059676	0
ENSRNOG00000059677	0
ENSRNOG00000059678	0
ENSRNOG00000059679	0.03
ENSRNOG00000059680	0
ENSRNOG00000059681	0
ENSRNOG00000059682	0.99
ENSRNOG00000059683	39.88
ENSRNOG00000059684	0
ENSRNOG00000059685	0
ENSRNOG00000059686	0
ENSRNOG00000059687	0
ENSRNOG00000059688	0
ENSRNOG00000059689	0
ENSRNOG00000059690	0
ENSRNOG00000059691	0.13
ENSRNOG00000059692	0
ENSRNOG00000059693	0
ENSRNOG00000059694	0
ENSRNOG00000059695	0
ENSRNOG00000059696	0.18
ENSRNOG00000059697	0.68
ENSRNOG00000059698	0
ENSRNOG00000059699	0
ENSRNOG00000059700	0
ENSRNOG00000059701	0
ENSRNOG00000059702	9.35
ENSRNOG00000059703	1.23
ENSRNOG00000059704	0
ENSRNOG00000059705	73.34
ENSRNOG00000059706	0
ENSRNOG00000059707	0
ENSRNOG00000059708	0
ENSRNOG00000059709	0
ENSRNOG00000059710	0.08
ENSRNOG00000059711	0
ENSRNOG00000059712	0
ENSRNOG00000059713	0
ENSRNOG00000059714	100.2
ENSRNOG00000059715	12.95
ENSRNOG00000059716	0
ENSRNOG00000059717	0
ENSRNOG00000059718	0
ENSRNOG00000059719	0.22
ENSRNOG00000059720	396.46
ENSRNOG00000059721	0
ENSRNOG00000059722	0.42
ENSRNOG00000059723	0
ENSRNOG00000059724	0
ENSRNOG00000059725	0
ENSRNOG00000059726	0.49
ENSRNOG00000059727	0
ENSRNOG00000059728	0.33
ENSRNOG00000059729	0
ENSRNOG00000059730	0
ENSRNOG00000059731	0
ENSRNOG00000059732	0
ENSRNOG00000059733	0
ENSRNOG00000059734	3.31
ENSRNOG00000059735	0
ENSRNOG00000059736	0
ENSRNOG00000059737	0
ENSRNOG00000059738	0
ENSRNOG00000059739	0
ENSRNOG00000059740	0
ENSRNOG00000059741	0.08
ENSRNOG00000059742	0
ENSRNOG00000059743	0
ENSRNOG00000059744	54.58
ENSRNOG00000059745	0
ENSRNOG00000059746	2.93
ENSRNOG00000059747	0
ENSRNOG00000059748	0
ENSRNOG00000059749	0
ENSRNOG00000059750	3.45
ENSRNOG00000059751	1.04
ENSRNOG00000059752	0
ENSRNOG00000059753	0.1
ENSRNOG00000059754	0
ENSRNOG00000059755	0
ENSRNOG00000059756	0.08
ENSRNOG00000059757	0.41
ENSRNOG00000059758	0
ENSRNOG00000059759	0
ENSRNOG00000059760	0
ENSRNOG00000059761	0.79
ENSRNOG00000059762	0
ENSRNOG00000059763	0
ENSRNOG00000059764	2.28
ENSRNOG00000059765	23.5
ENSRNOG00000059766	0
ENSRNOG00000059767	0
ENSRNOG00000059768	0
ENSRNOG00000059769	0
ENSRNOG00000059770	2.3
ENSRNOG00000059771	0
ENSRNOG00000059772	0
ENSRNOG00000059773	0.23
ENSRNOG00000059774	0
ENSRNOG00000059775	0.44
ENSRNOG00000059776	0
ENSRNOG00000059777	0
ENSRNOG00000059778	0
ENSRNOG00000059779	0
ENSRNOG00000059780	0
ENSRNOG00000059781	0
ENSRNOG00000059782	0
ENSRNOG00000059783	0.23
ENSRNOG00000059784	3.97
ENSRNOG00000059785	1.09
ENSRNOG00000059786	2.82
ENSRNOG00000059787	1.69
ENSRNOG00000059788	0
ENSRNOG00000059789	0
ENSRNOG00000059790	0
ENSRNOG00000059791	1.01
ENSRNOG00000059792	0
ENSRNOG00000059793	17.43
ENSRNOG00000059794	0
ENSRNOG00000059795	0
ENSRNOG00000059796	0.02
ENSRNOG00000059797	0
ENSRNOG00000059798	1.57
ENSRNOG00000059799	6.72
ENSRNOG00000059800	0
ENSRNOG00000059801	7.55
ENSRNOG00000059802	0.07
ENSRNOG00000059803	0
ENSRNOG00000059804	1.82
ENSRNOG00000059805	1.41
ENSRNOG00000059806	0
ENSRNOG00000059807	0
ENSRNOG00000059808	0
ENSRNOG00000059809	0
ENSRNOG00000059810	5.66
ENSRNOG00000059811	0
ENSRNOG00000059812	0
ENSRNOG00000059813	0
ENSRNOG00000059814	0
ENSRNOG00000059815	0
ENSRNOG00000059816	0
ENSRNOG00000059817	0.03
ENSRNOG00000059818	0
ENSRNOG00000059819	0
ENSRNOG00000059820	0.91
ENSRNOG00000059821	9.76
ENSRNOG00000059822	0
ENSRNOG00000059823	0
ENSRNOG00000059824	0.54
ENSRNOG00000059825	1.31
ENSRNOG00000059826	0
ENSRNOG00000059827	32.86
ENSRNOG00000059828	0.62
ENSRNOG00000059829	0
ENSRNOG00000059830	0
ENSRNOG00000059831	0
ENSRNOG00000059832	0.66
ENSRNOG00000059833	1.78
ENSRNOG00000059834	12.45
ENSRNOG00000059835	0.6
ENSRNOG00000059836	0
ENSRNOG00000059837	0.07
ENSRNOG00000059838	0
ENSRNOG00000059839	0
ENSRNOG00000059840	7.96
ENSRNOG00000059841	0.16
ENSRNOG00000059842	0
ENSRNOG00000059843	0.89
ENSRNOG00000059844	0
ENSRNOG00000059845	0
ENSRNOG00000059846	0
ENSRNOG00000059847	0
ENSRNOG00000059848	0
ENSRNOG00000059849	0
ENSRNOG00000059850	0.42
ENSRNOG00000059851	1.34
ENSRNOG00000059852	0
ENSRNOG00000059853	0
ENSRNOG00000059854	0.94
ENSRNOG00000059855	0
ENSRNOG00000059856	0
ENSRNOG00000059857	6.73
ENSRNOG00000059858	0
ENSRNOG00000059859	126.46
ENSRNOG00000059860	0
ENSRNOG00000059861	0
ENSRNOG00000059862	1.6
ENSRNOG00000059863	0.33
ENSRNOG00000059864	0
ENSRNOG00000059865	2.66
ENSRNOG00000059866	7.85
ENSRNOG00000059867	0
ENSRNOG00000059868	0
ENSRNOG00000059869	0.48
ENSRNOG00000059870	0
ENSRNOG00000059871	0
ENSRNOG00000059872	0.95
ENSRNOG00000059873	0
ENSRNOG00000059874	0
ENSRNOG00000059875	4.39
ENSRNOG00000059876	6.43
ENSRNOG00000059877	0
ENSRNOG00000059878	2.05
ENSRNOG00000059879	0
ENSRNOG00000059880	24.11
ENSRNOG00000059881	0
ENSRNOG00000059882	0
ENSRNOG00000059883	5.29
ENSRNOG00000059884	0
ENSRNOG00000059885	0
ENSRNOG00000059886	2.54
ENSRNOG00000059887	0
ENSRNOG00000059888	0
ENSRNOG00000059889	1.04
ENSRNOG00000059890	0.03
ENSRNOG00000059891	12.58
ENSRNOG00000059892	0
ENSRNOG00000059893	0
ENSRNOG00000059894	1.95
ENSRNOG00000059895	0
ENSRNOG00000059896	0
ENSRNOG00000059897	0.24
ENSRNOG00000059898	0.52
ENSRNOG00000059899	0
ENSRNOG00000059900	7.16
ENSRNOG00000059901	0
ENSRNOG00000059902	0
ENSRNOG00000059903	1.92
ENSRNOG00000059904	0.07
ENSRNOG00000059905	0
ENSRNOG00000059906	0
ENSRNOG00000059907	0
ENSRNOG00000059908	1.42
ENSRNOG00000059909	0
ENSRNOG00000059910	0
ENSRNOG00000059911	21.23
ENSRNOG00000059912	0
ENSRNOG00000059913	0
ENSRNOG00000059914	0.38
ENSRNOG00000059915	0
ENSRNOG00000059916	0
ENSRNOG00000059917	0.63
ENSRNOG00000059918	0
ENSRNOG00000059919	13.45
ENSRNOG00000059920	0.2
ENSRNOG00000059921	0
ENSRNOG00000059922	0.36
ENSRNOG00000059923	0
ENSRNOG00000059924	0
ENSRNOG00000059925	0
ENSRNOG00000059926	3.07
ENSRNOG00000059927	0
ENSRNOG00000059928	0.19
ENSRNOG00000059929	0
ENSRNOG00000059930	0
ENSRNOG00000059931	0.92
ENSRNOG00000059932	0
ENSRNOG00000059933	0
ENSRNOG00000059934	0
ENSRNOG00000059935	0
ENSRNOG00000059936	0
ENSRNOG00000059937	0
ENSRNOG00000059938	0.29
ENSRNOG00000059939	0
ENSRNOG00000059940	0
ENSRNOG00000059941	0
ENSRNOG00000059942	0
ENSRNOG00000059943	0
ENSRNOG00000059944	0.36
ENSRNOG00000059945	0
ENSRNOG00000059946	0
ENSRNOG00000059947	0.48
ENSRNOG00000059948	0
ENSRNOG00000059949	0.34
ENSRNOG00000059950	0
ENSRNOG00000059951	0
ENSRNOG00000059952	3.61
ENSRNOG00000059953	0
ENSRNOG00000059954	0
ENSRNOG00000059955	0
ENSRNOG00000059956	1.91
ENSRNOG00000059957	1.02
ENSRNOG00000059958	0
ENSRNOG00000059959	0
ENSRNOG00000059960	0
ENSRNOG00000059961	27.31
ENSRNOG00000059962	0.64
ENSRNOG00000059963	2.32
ENSRNOG00000059964	19.89
ENSRNOG00000059965	0
ENSRNOG00000059966	0
ENSRNOG00000059967	0
ENSRNOG00000059968	9.54
ENSRNOG00000059969	0.84
ENSRNOG00000059970	1.64
ENSRNOG00000059971	0
ENSRNOG00000059972	0
ENSRNOG00000059973	3.45
ENSRNOG00000059974	0.1
ENSRNOG00000059975	0
ENSRNOG00000059976	0
ENSRNOG00000059977	0
ENSRNOG00000059978	0.58
ENSRNOG00000059979	0
ENSRNOG00000059980	0
ENSRNOG00000059981	0
ENSRNOG00000059982	0
ENSRNOG00000059983	0
ENSRNOG00000059984	3.33
ENSRNOG00000059985	0
ENSRNOG00000059986	0
ENSRNOG00000059987	0
ENSRNOG00000059988	0
ENSRNOG00000059989	0
ENSRNOG00000059990	0
ENSRNOG00000059991	0
ENSRNOG00000059992	0
ENSRNOG00000059993	0
ENSRNOG00000059994	0
ENSRNOG00000059995	0
ENSRNOG00000059996	0
ENSRNOG00000059997	0.8
ENSRNOG00000059998	0
ENSRNOG00000059999	0
ENSRNOG00000060000	3.22
ENSRNOG00000060001	0.2
ENSRNOG00000060002	0
ENSRNOG00000060003	0
ENSRNOG00000060004	0
ENSRNOG00000060005	15.64
ENSRNOG00000060006	2.24
ENSRNOG00000060007	0
ENSRNOG00000060008	13.04
ENSRNOG00000060009	0.24
ENSRNOG00000060010	10.04
ENSRNOG00000060011	0
ENSRNOG00000060012	0
ENSRNOG00000060013	22.2
ENSRNOG00000060014	0.35
ENSRNOG00000060015	0
ENSRNOG00000060016	0
ENSRNOG00000060017	0.63
ENSRNOG00000060018	1.08
ENSRNOG00000060019	3.65
ENSRNOG00000060020	0.09
ENSRNOG00000060021	0.21
ENSRNOG00000060022	0.17
ENSRNOG00000060023	0
ENSRNOG00000060024	1.62
ENSRNOG00000060025	0
ENSRNOG00000060026	0
ENSRNOG00000060027	0
ENSRNOG00000060028	0
ENSRNOG00000060029	0.11
ENSRNOG00000060030	0
ENSRNOG00000060031	4.83
ENSRNOG00000060032	0
ENSRNOG00000060033	0
ENSRNOG00000060034	0
ENSRNOG00000060035	0
ENSRNOG00000060036	0
ENSRNOG00000060037	1.97
ENSRNOG00000060038	0
ENSRNOG00000060039	0
ENSRNOG00000060040	0
ENSRNOG00000060041	0.29
ENSRNOG00000060042	0
ENSRNOG00000060043	0
ENSRNOG00000060044	0
ENSRNOG00000060045	42.15
ENSRNOG00000060046	0
ENSRNOG00000060047	0
ENSRNOG00000060048	32.8
ENSRNOG00000060049	0
ENSRNOG00000060050	0
ENSRNOG00000060051	26.07
ENSRNOG00000060052	0.02
ENSRNOG00000060053	0
ENSRNOG00000060054	23.89
ENSRNOG00000060055	0
ENSRNOG00000060056	0
ENSRNOG00000060057	0
ENSRNOG00000060058	0
ENSRNOG00000060059	0
ENSRNOG00000060060	0
ENSRNOG00000060061	16.16
ENSRNOG00000060062	0
ENSRNOG00000060063	14.77
ENSRNOG00000060064	0
ENSRNOG00000060065	0.87
ENSRNOG00000060066	0.03
ENSRNOG00000060067	0.45
ENSRNOG00000060068	0
ENSRNOG00000060069	57.65
ENSRNOG00000060070	0
ENSRNOG00000060071	0
ENSRNOG00000060072	0
ENSRNOG00000060073	0
ENSRNOG00000060074	0
ENSRNOG00000060075	0
ENSRNOG00000060076	0
ENSRNOG00000060077	0
ENSRNOG00000060078	0
ENSRNOG00000060079	2.58
ENSRNOG00000060080	0.2
ENSRNOG00000060081	0
ENSRNOG00000060082	0
ENSRNOG00000060083	0
ENSRNOG00000060084	0
ENSRNOG00000060085	0
ENSRNOG00000060086	0
ENSRNOG00000060087	14.71
ENSRNOG00000060088	6.78
ENSRNOG00000060089	7.23
ENSRNOG00000060090	0.44
ENSRNOG00000060091	0
ENSRNOG00000060092	0
ENSRNOG00000060093	1.58
ENSRNOG00000060094	0
ENSRNOG00000060095	0
ENSRNOG00000060096	0
ENSRNOG00000060097	0
ENSRNOG00000060098	316.67
ENSRNOG00000060099	0
ENSRNOG00000060100	0.1
ENSRNOG00000060101	0
ENSRNOG00000060102	0
ENSRNOG00000060103	13.54
ENSRNOG00000060104	0
ENSRNOG00000060105	11.63
ENSRNOG00000060106	0
ENSRNOG00000060107	14.62
ENSRNOG00000060108	0
ENSRNOG00000060109	0.28
ENSRNOG00000060110	0
ENSRNOG00000060111	0
ENSRNOG00000060112	0
ENSRNOG00000060113	0
ENSRNOG00000060114	0
ENSRNOG00000060115	0
ENSRNOG00000060116	0.3
ENSRNOG00000060117	0
ENSRNOG00000060118	0
ENSRNOG00000060119	0
ENSRNOG00000060120	11.58
ENSRNOG00000060121	0
ENSRNOG00000060122	0
ENSRNOG00000060123	58.52
ENSRNOG00000060124	0
ENSRNOG00000060125	0
ENSRNOG00000060126	0
ENSRNOG00000060127	0
ENSRNOG00000060128	0
ENSRNOG00000060129	7.21
ENSRNOG00000060130	9.75
ENSRNOG00000060131	0
ENSRNOG00000060132	0
ENSRNOG00000060133	0
ENSRNOG00000060134	0
ENSRNOG00000060135	0.67
ENSRNOG00000060136	0
ENSRNOG00000060137	2.58
ENSRNOG00000060138	0.37
ENSRNOG00000060139	0
ENSRNOG00000060140	0
ENSRNOG00000060141	41.37
ENSRNOG00000060142	0
ENSRNOG00000060143	0
ENSRNOG00000060144	14.24
ENSRNOG00000060145	0
ENSRNOG00000060146	1.28
ENSRNOG00000060147	0
ENSRNOG00000060148	0
ENSRNOG00000060149	0
ENSRNOG00000060150	0
ENSRNOG00000060151	0
ENSRNOG00000060152	0
ENSRNOG00000060153	4.03
ENSRNOG00000060154	39.39
ENSRNOG00000060155	0
ENSRNOG00000060156	8.26
ENSRNOG00000060157	3.91
ENSRNOG00000060158	0
ENSRNOG00000060159	0
ENSRNOG00000060160	0.14
ENSRNOG00000060161	0
ENSRNOG00000060162	8.43
ENSRNOG00000060163	0
ENSRNOG00000060164	0
ENSRNOG00000060165	0
ENSRNOG00000060166	0
ENSRNOG00000060167	0
ENSRNOG00000060168	3.48
ENSRNOG00000060169	0
ENSRNOG00000060170	0.4
ENSRNOG00000060171	0
ENSRNOG00000060172	0
ENSRNOG00000060173	0
ENSRNOG00000060174	0
ENSRNOG00000060175	6.19
ENSRNOG00000060176	0
ENSRNOG00000060177	0
ENSRNOG00000060178	0
ENSRNOG00000060179	4.05
ENSRNOG00000060180	0
ENSRNOG00000060181	11.64
ENSRNOG00000060182	0
ENSRNOG00000060183	0
ENSRNOG00000060184	0
ENSRNOG00000060185	11.68
ENSRNOG00000060186	0
ENSRNOG00000060187	2.8
ENSRNOG00000060188	5.02
ENSRNOG00000060189	0
ENSRNOG00000060190	0.24
ENSRNOG00000060191	0
ENSRNOG00000060192	0
ENSRNOG00000060193	1.15
ENSRNOG00000060194	1.32
ENSRNOG00000060195	2.22
ENSRNOG00000060196	0.6
ENSRNOG00000060197	5.06
ENSRNOG00000060198	0.35
ENSRNOG00000060199	0
ENSRNOG00000060200	0
ENSRNOG00000060201	0
ENSRNOG00000060202	0
ENSRNOG00000060203	5.57
ENSRNOG00000060204	0
ENSRNOG00000060205	0
ENSRNOG00000060206	7.06
ENSRNOG00000060207	0
ENSRNOG00000060208	0
ENSRNOG00000060209	0
ENSRNOG00000060210	0
ENSRNOG00000060211	150.77
ENSRNOG00000060212	0
ENSRNOG00000060213	0.33
ENSRNOG00000060214	0
ENSRNOG00000060215	0
ENSRNOG00000060216	0
ENSRNOG00000060217	0
ENSRNOG00000060218	0.15
ENSRNOG00000060219	0.41
ENSRNOG00000060220	0
ENSRNOG00000060221	0
ENSRNOG00000060222	0
ENSRNOG00000060223	1.51
ENSRNOG00000060224	0
ENSRNOG00000060225	1.7
ENSRNOG00000060226	0.46
ENSRNOG00000060227	0
ENSRNOG00000060228	0.04
ENSRNOG00000060229	208.35
ENSRNOG00000060230	0
ENSRNOG00000060231	0
ENSRNOG00000060232	0
ENSRNOG00000060233	0
ENSRNOG00000060234	0
ENSRNOG00000060235	0.4
ENSRNOG00000060236	0
ENSRNOG00000060237	4.94
ENSRNOG00000060238	0.64
ENSRNOG00000060239	0
ENSRNOG00000060240	0
ENSRNOG00000060241	0
ENSRNOG00000060242	0
ENSRNOG00000060243	0
ENSRNOG00000060244	0
ENSRNOG00000060245	0.04
ENSRNOG00000060246	0.3
ENSRNOG00000060247	0.48
ENSRNOG00000060248	18.17
ENSRNOG00000060249	0
ENSRNOG00000060250	0
ENSRNOG00000060251	0
ENSRNOG00000060252	0
ENSRNOG00000060253	0
ENSRNOG00000060254	0
ENSRNOG00000060255	0
ENSRNOG00000060256	0
ENSRNOG00000060257	0
ENSRNOG00000060258	0
ENSRNOG00000060259	0
ENSRNOG00000060260	0
ENSRNOG00000060261	0
ENSRNOG00000060262	31.72
ENSRNOG00000060263	0
ENSRNOG00000060264	0
ENSRNOG00000060265	0
ENSRNOG00000060266	10.96
ENSRNOG00000060267	3.07
ENSRNOG00000060268	0
ENSRNOG00000060269	0
ENSRNOG00000060270	0
ENSRNOG00000060271	0
ENSRNOG00000060272	0
ENSRNOG00000060273	0
ENSRNOG00000060274	1.75
ENSRNOG00000060275	0
ENSRNOG00000060276	0
ENSRNOG00000060277	0
ENSRNOG00000060278	2.99
ENSRNOG00000060279	0
ENSRNOG00000060280	0
ENSRNOG00000060281	0
ENSRNOG00000060282	1.22
ENSRNOG00000060283	0
ENSRNOG00000060284	0
ENSRNOG00000060285	0
ENSRNOG00000060286	0
ENSRNOG00000060287	0
ENSRNOG00000060288	1.96
ENSRNOG00000060289	0
ENSRNOG00000060290	0
ENSRNOG00000060291	0
ENSRNOG00000060292	0
ENSRNOG00000060293	121.65
ENSRNOG00000060294	0
ENSRNOG00000060295	0
ENSRNOG00000060296	0
ENSRNOG00000060297	0
ENSRNOG00000060298	0
ENSRNOG00000060299	0
ENSRNOG00000060300	0
ENSRNOG00000060301	0
ENSRNOG00000060302	0.12
ENSRNOG00000060303	0
ENSRNOG00000060304	0
ENSRNOG00000060305	0.05
ENSRNOG00000060306	0
ENSRNOG00000060307	9.51
ENSRNOG00000060308	4.77
ENSRNOG00000060309	0
ENSRNOG00000060310	2.67
ENSRNOG00000060311	0.96
ENSRNOG00000060312	0.13
ENSRNOG00000060313	0.19
ENSRNOG00000060314	0
ENSRNOG00000060315	0
ENSRNOG00000060316	0
ENSRNOG00000060317	0.26
ENSRNOG00000060318	0
ENSRNOG00000060319	0
ENSRNOG00000060320	0.07
ENSRNOG00000060321	0
ENSRNOG00000060322	0
ENSRNOG00000060323	0
ENSRNOG00000060324	1.66
ENSRNOG00000060325	0.61
ENSRNOG00000060326	0
ENSRNOG00000060327	0
ENSRNOG00000060328	0
ENSRNOG00000060329	10.16
ENSRNOG00000060330	0
ENSRNOG00000060331	0
ENSRNOG00000060332	0
ENSRNOG00000060333	0
ENSRNOG00000060334	0.16
ENSRNOG00000060335	14.86
ENSRNOG00000060336	0
ENSRNOG00000060337	8.1
ENSRNOG00000060338	0
ENSRNOG00000060339	0
ENSRNOG00000060340	13.2
ENSRNOG00000060341	1.11
ENSRNOG00000060342	0
ENSRNOG00000060343	0
ENSRNOG00000060344	0
ENSRNOG00000060345	0
ENSRNOG00000060346	0
ENSRNOG00000060347	0
ENSRNOG00000060348	2.78
ENSRNOG00000060349	19.23
ENSRNOG00000060350	88.37
ENSRNOG00000060351	0
ENSRNOG00000060352	0
ENSRNOG00000060353	0
ENSRNOG00000060354	0
ENSRNOG00000060355	0.48
ENSRNOG00000060356	0.73
ENSRNOG00000060357	0
ENSRNOG00000060358	0
ENSRNOG00000060359	7.96
ENSRNOG00000060360	11.89
ENSRNOG00000060361	0.18
ENSRNOG00000060362	3.79
ENSRNOG00000060363	0
ENSRNOG00000060364	0
ENSRNOG00000060365	0.12
ENSRNOG00000060366	0
ENSRNOG00000060367	8.77
ENSRNOG00000060368	0
ENSRNOG00000060369	2.03
ENSRNOG00000060370	0
ENSRNOG00000060371	0
ENSRNOG00000060372	0
ENSRNOG00000060373	0
ENSRNOG00000060374	0
ENSRNOG00000060375	0
ENSRNOG00000060376	0.71
ENSRNOG00000060377	0
ENSRNOG00000060378	0
ENSRNOG00000060379	13.76
ENSRNOG00000060380	1.44
ENSRNOG00000060381	0.56
ENSRNOG00000060382	0.23
ENSRNOG00000060383	6.16
ENSRNOG00000060384	0
ENSRNOG00000060385	0
ENSRNOG00000060386	0
ENSRNOG00000060387	0.29
ENSRNOG00000060388	4.54
ENSRNOG00000060389	0
ENSRNOG00000060390	0.52
ENSRNOG00000060391	0.06
ENSRNOG00000060392	0
ENSRNOG00000060393	6.2
ENSRNOG00000060394	1.23
ENSRNOG00000060395	0.3
ENSRNOG00000060396	0
ENSRNOG00000060397	0
ENSRNOG00000060398	0
ENSRNOG00000060399	0.83
ENSRNOG00000060400	0
ENSRNOG00000060401	0
ENSRNOG00000060402	0
ENSRNOG00000060403	0
ENSRNOG00000060404	0
ENSRNOG00000060405	0
ENSRNOG00000060406	2.78
ENSRNOG00000060407	18.97
ENSRNOG00000060408	0
ENSRNOG00000060409	0
ENSRNOG00000060410	27.41
ENSRNOG00000060411	0
ENSRNOG00000060412	0
ENSRNOG00000060413	0.14
ENSRNOG00000060414	6.65
ENSRNOG00000060415	0
ENSRNOG00000060416	0
ENSRNOG00000060417	0
ENSRNOG00000060418	0
ENSRNOG00000060419	0.22
ENSRNOG00000060420	0.12
ENSRNOG00000060421	0
ENSRNOG00000060422	0.11
ENSRNOG00000060423	0
ENSRNOG00000060424	0
ENSRNOG00000060425	0
ENSRNOG00000060426	0
ENSRNOG00000060427	0
ENSRNOG00000060428	0
ENSRNOG00000060429	4.5
ENSRNOG00000060430	1.15
ENSRNOG00000060431	0.06
ENSRNOG00000060432	0
ENSRNOG00000060433	0
ENSRNOG00000060434	0
ENSRNOG00000060435	2.53
ENSRNOG00000060436	38.65
ENSRNOG00000060437	2.43
ENSRNOG00000060438	1.1
ENSRNOG00000060439	0.2
ENSRNOG00000060440	5.59
ENSRNOG00000060441	0
ENSRNOG00000060442	0
ENSRNOG00000060443	0
ENSRNOG00000060444	0
ENSRNOG00000060445	0
ENSRNOG00000060446	0
ENSRNOG00000060447	1.2
ENSRNOG00000060448	0
ENSRNOG00000060449	195.17
ENSRNOG00000060450	0
ENSRNOG00000060451	0
ENSRNOG00000060452	1.79
ENSRNOG00000060453	0.13
ENSRNOG00000060454	0
ENSRNOG00000060455	0
ENSRNOG00000060456	0.51
ENSRNOG00000060457	9.49
ENSRNOG00000060458	0
ENSRNOG00000060459	0
ENSRNOG00000060460	0.18
ENSRNOG00000060461	0
ENSRNOG00000060462	0
ENSRNOG00000060463	37.12
ENSRNOG00000060464	8.25
ENSRNOG00000060465	0
ENSRNOG00000060466	0
ENSRNOG00000060467	0
ENSRNOG00000060468	0
ENSRNOG00000060469	0
ENSRNOG00000060470	0.07
ENSRNOG00000060471	0
ENSRNOG00000060472	1.25
ENSRNOG00000060473	0
ENSRNOG00000060474	0
ENSRNOG00000060475	3.76
ENSRNOG00000060476	0
ENSRNOG00000060477	0
ENSRNOG00000060478	0
ENSRNOG00000060479	13.37
ENSRNOG00000060480	0
ENSRNOG00000060481	0
ENSRNOG00000060482	2.26
ENSRNOG00000060483	0
ENSRNOG00000060484	0
ENSRNOG00000060485	0
ENSRNOG00000060486	2.49
ENSRNOG00000060487	0.86
ENSRNOG00000060488	0
ENSRNOG00000060489	1.28
ENSRNOG00000060490	0
ENSRNOG00000060491	0
ENSRNOG00000060492	0.16
ENSRNOG00000060493	0
ENSRNOG00000060494	0
ENSRNOG00000060495	0.46
ENSRNOG00000060496	7.36
ENSRNOG00000060497	0
ENSRNOG00000060498	0
ENSRNOG00000060499	0
ENSRNOG00000060500	0
ENSRNOG00000060501	0
ENSRNOG00000060502	10.47
ENSRNOG00000060503	0
ENSRNOG00000060504	0
ENSRNOG00000060505	0
ENSRNOG00000060506	0
ENSRNOG00000060507	1.74
ENSRNOG00000060508	1.06
ENSRNOG00000060509	4.92
ENSRNOG00000060510	0
ENSRNOG00000060511	1.47
ENSRNOG00000060512	2.09
ENSRNOG00000060513	0
ENSRNOG00000060514	1.15
ENSRNOG00000060515	0
ENSRNOG00000060516	0
ENSRNOG00000060517	0.02
ENSRNOG00000060518	102.22
ENSRNOG00000060519	0.36
ENSRNOG00000060520	0.23
ENSRNOG00000060521	0
ENSRNOG00000060522	0.45
ENSRNOG00000060523	7.76
ENSRNOG00000060524	0
ENSRNOG00000060525	0
ENSRNOG00000060526	0
ENSRNOG00000060527	0.23
ENSRNOG00000060528	15.69
ENSRNOG00000060529	0
ENSRNOG00000060530	29.11
ENSRNOG00000060531	0
ENSRNOG00000060532	0.77
ENSRNOG00000060533	0
ENSRNOG00000060534	0
ENSRNOG00000060535	0
ENSRNOG00000060536	0.11
ENSRNOG00000060537	0
ENSRNOG00000060538	26.53
ENSRNOG00000060539	5.43
ENSRNOG00000060540	0.41
ENSRNOG00000060541	0
ENSRNOG00000060542	10.58
ENSRNOG00000060543	0.32
ENSRNOG00000060544	15.03
ENSRNOG00000060545	0
ENSRNOG00000060546	0.47
ENSRNOG00000060547	0
ENSRNOG00000060548	0
ENSRNOG00000060549	0
ENSRNOG00000060550	55.43
ENSRNOG00000060551	0
ENSRNOG00000060552	0
ENSRNOG00000060553	0.41
ENSRNOG00000060554	0
ENSRNOG00000060555	0
ENSRNOG00000060556	0
ENSRNOG00000060557	0
ENSRNOG00000060558	0
ENSRNOG00000060559	0.39
ENSRNOG00000060560	0
ENSRNOG00000060561	31.58
ENSRNOG00000060562	0
ENSRNOG00000060563	0
ENSRNOG00000060564	0
ENSRNOG00000060565	0
ENSRNOG00000060566	0
ENSRNOG00000060567	0
ENSRNOG00000060568	1.6
ENSRNOG00000060569	0
ENSRNOG00000060570	0
ENSRNOG00000060571	37.01
ENSRNOG00000060572	1.23
ENSRNOG00000060573	0.21
ENSRNOG00000060574	0.87
ENSRNOG00000060575	2.71
ENSRNOG00000060576	0
ENSRNOG00000060577	0
ENSRNOG00000060578	0.74
ENSRNOG00000060579	0
ENSRNOG00000060580	4.38
ENSRNOG00000060581	0
ENSRNOG00000060582	0
ENSRNOG00000060583	0
ENSRNOG00000060584	0
ENSRNOG00000060585	2.03
ENSRNOG00000060586	0
ENSRNOG00000060587	5.49
ENSRNOG00000060588	0.73
ENSRNOG00000060589	0
ENSRNOG00000060590	4.79
ENSRNOG00000060591	0
ENSRNOG00000060592	0
ENSRNOG00000060593	0
ENSRNOG00000060594	0.02
ENSRNOG00000060595	4.6
ENSRNOG00000060596	0.07
ENSRNOG00000060597	35.27
ENSRNOG00000060598	0
ENSRNOG00000060599	21.67
ENSRNOG00000060600	0
ENSRNOG00000060601	0
ENSRNOG00000060602	0
ENSRNOG00000060603	4.37
ENSRNOG00000060604	0
ENSRNOG00000060605	0.3
ENSRNOG00000060606	0
ENSRNOG00000060607	0.13
ENSRNOG00000060608	1.03
ENSRNOG00000060609	0
ENSRNOG00000060610	0
ENSRNOG00000060611	0.27
ENSRNOG00000060612	0
ENSRNOG00000060613	0
ENSRNOG00000060614	2.98
ENSRNOG00000060615	12.47
ENSRNOG00000060616	0.46
ENSRNOG00000060617	4.86
ENSRNOG00000060618	0.64
ENSRNOG00000060619	0
ENSRNOG00000060620	0
ENSRNOG00000060621	0
ENSRNOG00000060622	0.6
ENSRNOG00000060623	14.89
ENSRNOG00000060624	0
ENSRNOG00000060625	0
ENSRNOG00000060626	3.78
ENSRNOG00000060627	2.27
ENSRNOG00000060628	0
ENSRNOG00000060629	0
ENSRNOG00000060630	0
ENSRNOG00000060631	0
ENSRNOG00000060632	0
ENSRNOG00000060633	0
ENSRNOG00000060634	1.28
ENSRNOG00000060635	9.37
ENSRNOG00000060636	0.08
ENSRNOG00000060637	0
ENSRNOG00000060638	0
ENSRNOG00000060639	0
ENSRNOG00000060640	0.13
ENSRNOG00000060641	0
ENSRNOG00000060642	0
ENSRNOG00000060643	0
ENSRNOG00000060644	1.48
ENSRNOG00000060645	0
ENSRNOG00000060646	0
ENSRNOG00000060647	0.28
ENSRNOG00000060648	0
ENSRNOG00000060649	11
ENSRNOG00000060650	0
ENSRNOG00000060651	0
ENSRNOG00000060652	0
ENSRNOG00000060653	0
ENSRNOG00000060654	0
ENSRNOG00000060655	0.07
ENSRNOG00000060656	0
ENSRNOG00000060657	0
ENSRNOG00000060658	0
ENSRNOG00000060659	0
ENSRNOG00000060660	0
ENSRNOG00000060661	0
ENSRNOG00000060662	0
ENSRNOG00000060663	0
ENSRNOG00000060664	0
ENSRNOG00000060665	11.9
ENSRNOG00000060666	0.58
ENSRNOG00000060667	0
ENSRNOG00000060668	0
ENSRNOG00000060669	0
ENSRNOG00000060670	0
ENSRNOG00000060671	0.64
ENSRNOG00000060672	0.49
ENSRNOG00000060673	0
ENSRNOG00000060674	0.18
ENSRNOG00000060675	5.77
ENSRNOG00000060676	0
ENSRNOG00000060677	0
ENSRNOG00000060678	0.57
ENSRNOG00000060679	0
ENSRNOG00000060680	1.32
ENSRNOG00000060681	0
ENSRNOG00000060682	0
ENSRNOG00000060683	0.17
ENSRNOG00000060684	0
ENSRNOG00000060685	0
ENSRNOG00000060686	0
ENSRNOG00000060687	32.32
ENSRNOG00000060688	0
ENSRNOG00000060689	4.9
ENSRNOG00000060690	0.08
ENSRNOG00000060691	0
ENSRNOG00000060692	0
ENSRNOG00000060693	0.52
ENSRNOG00000060694	12.42
ENSRNOG00000060695	2.15
ENSRNOG00000060696	0
ENSRNOG00000060697	0.15
ENSRNOG00000060698	0
ENSRNOG00000060699	0
ENSRNOG00000060700	0
ENSRNOG00000060701	3.34
ENSRNOG00000060702	0
ENSRNOG00000060703	0.31
ENSRNOG00000060704	4.21
ENSRNOG00000060705	0
ENSRNOG00000060706	1.57
ENSRNOG00000060707	13.05
ENSRNOG00000060708	0
ENSRNOG00000060709	3.17
ENSRNOG00000060710	0
ENSRNOG00000060711	0
ENSRNOG00000060712	0
ENSRNOG00000060713	0
ENSRNOG00000060714	0.13
ENSRNOG00000060715	0
ENSRNOG00000060716	0.07
ENSRNOG00000060717	0
ENSRNOG00000060718	0.01
ENSRNOG00000060719	2.05
ENSRNOG00000060720	0
ENSRNOG00000060721	0
ENSRNOG00000060722	0
ENSRNOG00000060723	29.33
ENSRNOG00000060724	0.2
ENSRNOG00000060725	0
ENSRNOG00000060726	0
ENSRNOG00000060727	0
ENSRNOG00000060728	215.66
ENSRNOG00000060729	3.5
ENSRNOG00000060730	0
ENSRNOG00000060731	0
ENSRNOG00000060732	0
ENSRNOG00000060733	0.07
ENSRNOG00000060734	0
ENSRNOG00000060735	8.8
ENSRNOG00000060736	0
ENSRNOG00000060737	0
ENSRNOG00000060738	0.06
ENSRNOG00000060739	0
ENSRNOG00000060740	0
ENSRNOG00000060741	0.53
ENSRNOG00000060742	0.47
ENSRNOG00000060743	0
ENSRNOG00000060744	0
ENSRNOG00000060745	0
ENSRNOG00000060746	0
ENSRNOG00000060747	0
ENSRNOG00000060748	0
ENSRNOG00000060749	0
ENSRNOG00000060750	11.17
ENSRNOG00000060751	0.87
ENSRNOG00000060752	0
ENSRNOG00000060753	11.25
ENSRNOG00000060754	0
ENSRNOG00000060755	0
ENSRNOG00000060756	0
ENSRNOG00000060757	0
ENSRNOG00000060758	0
ENSRNOG00000060759	0
ENSRNOG00000060760	0
ENSRNOG00000060761	0
ENSRNOG00000060762	0
ENSRNOG00000060763	0
ENSRNOG00000060764	0
ENSRNOG00000060765	0
ENSRNOG00000060766	0
ENSRNOG00000060767	0.04
ENSRNOG00000060768	0
ENSRNOG00000060769	0
ENSRNOG00000060770	0.3
ENSRNOG00000060771	0
ENSRNOG00000060772	0
ENSRNOG00000060773	8.43
ENSRNOG00000060774	0
ENSRNOG00000060775	16.79
ENSRNOG00000060776	0
ENSRNOG00000060777	0
ENSRNOG00000060778	0
ENSRNOG00000060779	0
ENSRNOG00000060780	0
ENSRNOG00000060781	0
ENSRNOG00000060782	0
ENSRNOG00000060783	0
ENSRNOG00000060784	0
ENSRNOG00000060785	0
ENSRNOG00000060786	0
ENSRNOG00000060787	0
ENSRNOG00000060788	0
ENSRNOG00000060789	0
ENSRNOG00000060790	0
ENSRNOG00000060791	0
ENSRNOG00000060792	0
ENSRNOG00000060793	24.45
ENSRNOG00000060794	0
ENSRNOG00000060795	0
ENSRNOG00000060796	0
ENSRNOG00000060797	0
ENSRNOG00000060798	0
ENSRNOG00000060799	0.8
ENSRNOG00000060800	0
ENSRNOG00000060801	0
ENSRNOG00000060802	0.91
ENSRNOG00000060803	0
ENSRNOG00000060804	0
ENSRNOG00000060805	0
ENSRNOG00000060806	0.83
ENSRNOG00000060807	0
ENSRNOG00000060808	0
ENSRNOG00000060809	0
ENSRNOG00000060810	1.95
ENSRNOG00000060811	0
ENSRNOG00000060812	0
ENSRNOG00000060813	0
ENSRNOG00000060814	0
ENSRNOG00000060815	0
ENSRNOG00000060816	4.96
ENSRNOG00000060817	27.41
ENSRNOG00000060818	4.03
ENSRNOG00000060819	0
ENSRNOG00000060820	2.02
ENSRNOG00000060821	20.79
ENSRNOG00000060822	0
ENSRNOG00000060823	0
ENSRNOG00000060824	0
ENSRNOG00000060825	30.23
ENSRNOG00000060826	0
ENSRNOG00000060827	0
ENSRNOG00000060828	0
ENSRNOG00000060829	3.13
ENSRNOG00000060830	5.05
ENSRNOG00000060831	2.24
ENSRNOG00000060832	0
ENSRNOG00000060833	5.41
ENSRNOG00000060834	0
ENSRNOG00000060835	0
ENSRNOG00000060836	0
ENSRNOG00000060837	27.01
ENSRNOG00000060838	0.13
ENSRNOG00000060839	0.1
ENSRNOG00000060840	0
ENSRNOG00000060841	0
ENSRNOG00000060842	3.62
ENSRNOG00000060843	0
ENSRNOG00000060844	0.15
ENSRNOG00000060845	0
ENSRNOG00000060846	0.85
ENSRNOG00000060847	0
ENSRNOG00000060848	0
ENSRNOG00000060849	0
ENSRNOG00000060850	0
ENSRNOG00000060851	0.94
ENSRNOG00000060852	0
ENSRNOG00000060853	22.97
ENSRNOG00000060854	0
ENSRNOG00000060855	0
ENSRNOG00000060856	0
ENSRNOG00000060857	0
ENSRNOG00000060858	31.69
ENSRNOG00000060859	0
ENSRNOG00000060860	0
ENSRNOG00000060861	0
ENSRNOG00000060862	0
ENSRNOG00000060863	39.59
ENSRNOG00000060864	0
ENSRNOG00000060865	0.3
ENSRNOG00000060866	0
ENSRNOG00000060867	0.16
ENSRNOG00000060868	0
ENSRNOG00000060869	36.35
ENSRNOG00000060870	8.91
ENSRNOG00000060871	0
ENSRNOG00000060872	0
ENSRNOG00000060873	0
ENSRNOG00000060874	0
ENSRNOG00000060875	0
ENSRNOG00000060876	0
ENSRNOG00000060877	0
ENSRNOG00000060878	0.91
ENSRNOG00000060879	6.51
ENSRNOG00000060880	0.52
ENSRNOG00000060881	0
ENSRNOG00000060882	2.12
ENSRNOG00000060883	0
ENSRNOG00000060884	0.28
ENSRNOG00000060885	0
ENSRNOG00000060886	0
ENSRNOG00000060887	0
ENSRNOG00000060888	0
ENSRNOG00000060889	0
ENSRNOG00000060890	0
ENSRNOG00000060891	0
ENSRNOG00000060892	0.08
ENSRNOG00000060893	0
ENSRNOG00000060894	0
ENSRNOG00000060895	0
ENSRNOG00000060896	0
ENSRNOG00000060897	0
ENSRNOG00000060898	0.14
ENSRNOG00000060899	4.86
ENSRNOG00000060900	0
ENSRNOG00000060901	0
ENSRNOG00000060902	0.75
ENSRNOG00000060903	0
ENSRNOG00000060904	0
ENSRNOG00000060905	6.14
ENSRNOG00000060906	0
ENSRNOG00000060907	0
ENSRNOG00000060908	0
ENSRNOG00000060909	0
ENSRNOG00000060910	0
ENSRNOG00000060911	0.72
ENSRNOG00000060912	28.16
ENSRNOG00000060913	0.06
ENSRNOG00000060914	7.64
ENSRNOG00000060915	0
ENSRNOG00000060916	0
ENSRNOG00000060917	0.28
ENSRNOG00000060918	0
ENSRNOG00000060919	2.42
ENSRNOG00000060920	0.12
ENSRNOG00000060921	0
ENSRNOG00000060922	0
ENSRNOG00000060923	0
ENSRNOG00000060924	0
ENSRNOG00000060925	0.23
ENSRNOG00000060926	0
ENSRNOG00000060927	1.12
ENSRNOG00000060928	0
ENSRNOG00000060929	0
ENSRNOG00000060930	0
ENSRNOG00000060931	10.08
ENSRNOG00000060932	0
ENSRNOG00000060933	0
ENSRNOG00000060934	0.04
ENSRNOG00000060935	0
ENSRNOG00000060936	5.24
ENSRNOG00000060937	5.84
ENSRNOG00000060938	0
ENSRNOG00000060939	0
ENSRNOG00000060940	3.26
ENSRNOG00000060941	0
ENSRNOG00000060942	0
ENSRNOG00000060943	0
ENSRNOG00000060944	0
ENSRNOG00000060945	0
ENSRNOG00000060946	9.08
ENSRNOG00000060947	0
ENSRNOG00000060948	2.18
ENSRNOG00000060949	0.33
ENSRNOG00000060950	0.58
ENSRNOG00000060951	0
ENSRNOG00000060952	0.28
ENSRNOG00000060953	0
ENSRNOG00000060954	0
ENSRNOG00000060955	0
ENSRNOG00000060956	78.58
ENSRNOG00000060957	0
ENSRNOG00000060958	0
ENSRNOG00000060959	0
ENSRNOG00000060960	0
ENSRNOG00000060961	0.93
ENSRNOG00000060962	0
ENSRNOG00000060963	0
ENSRNOG00000060964	0
ENSRNOG00000060965	0
ENSRNOG00000060966	0.27
ENSRNOG00000060967	0
ENSRNOG00000060968	0
ENSRNOG00000060969	0
ENSRNOG00000060970	0
ENSRNOG00000060971	0
ENSRNOG00000060972	10.62
ENSRNOG00000060973	2.45
ENSRNOG00000060974	1.59
ENSRNOG00000060975	0
ENSRNOG00000060976	0
ENSRNOG00000060977	0
ENSRNOG00000060978	0
ENSRNOG00000060979	21.56
ENSRNOG00000060980	0.52
ENSRNOG00000060981	0
ENSRNOG00000060982	1.15
ENSRNOG00000060983	0
ENSRNOG00000060984	0.31
ENSRNOG00000060985	0
ENSRNOG00000060986	0
ENSRNOG00000060987	0
ENSRNOG00000060988	9.16
ENSRNOG00000060989	0
ENSRNOG00000060990	0.45
ENSRNOG00000060991	11.31
ENSRNOG00000060992	0
ENSRNOG00000060993	0
ENSRNOG00000060994	0
ENSRNOG00000060995	1.23
ENSRNOG00000060996	0
ENSRNOG00000060997	0
ENSRNOG00000060998	51.86
ENSRNOG00000060999	0
ENSRNOG00000061000	0
ENSRNOG00000061001	0
ENSRNOG00000061002	0
ENSRNOG00000061003	0
ENSRNOG00000061004	8.9
ENSRNOG00000061005	1.69
ENSRNOG00000061006	0
ENSRNOG00000061007	1.57
ENSRNOG00000061008	0
ENSRNOG00000061009	0
ENSRNOG00000061010	0
ENSRNOG00000061011	0.86
ENSRNOG00000061012	25.45
ENSRNOG00000061013	0
ENSRNOG00000061014	0.13
ENSRNOG00000061015	0
ENSRNOG00000061016	0
ENSRNOG00000061017	0
ENSRNOG00000061018	0.97
ENSRNOG00000061019	0
ENSRNOG00000061020	0
ENSRNOG00000061021	0
ENSRNOG00000061022	0
ENSRNOG00000061023	0
ENSRNOG00000061024	5.86
ENSRNOG00000061025	0
ENSRNOG00000061026	0.21
ENSRNOG00000061027	0.61
ENSRNOG00000061028	0
ENSRNOG00000061029	0
ENSRNOG00000061030	0
ENSRNOG00000061031	0
ENSRNOG00000061032	0
ENSRNOG00000061033	0
ENSRNOG00000061034	0
ENSRNOG00000061035	0.23
ENSRNOG00000061036	0
ENSRNOG00000061037	0
ENSRNOG00000061038	0.25
ENSRNOG00000061039	9.49
ENSRNOG00000061040	6.87
ENSRNOG00000061041	0.14
ENSRNOG00000061042	0
ENSRNOG00000061043	0
ENSRNOG00000061044	0
ENSRNOG00000061045	0
ENSRNOG00000061046	1.17
ENSRNOG00000061047	0.69
ENSRNOG00000061048	0
ENSRNOG00000061049	0
ENSRNOG00000061050	14.08
ENSRNOG00000061051	3.68
ENSRNOG00000061052	0
ENSRNOG00000061053	0.66
ENSRNOG00000061054	0
ENSRNOG00000061055	0.61
ENSRNOG00000061056	0.8
ENSRNOG00000061057	0
ENSRNOG00000061058	44.84
ENSRNOG00000061059	0
ENSRNOG00000061060	0.22
ENSRNOG00000061061	0
ENSRNOG00000061062	0
ENSRNOG00000061063	0
ENSRNOG00000061064	0
ENSRNOG00000061065	0
ENSRNOG00000061066	0
ENSRNOG00000061067	2.47
ENSRNOG00000061068	0
ENSRNOG00000061069	1.09
ENSRNOG00000061070	0.9
ENSRNOG00000061071	0.15
ENSRNOG00000061072	0
ENSRNOG00000061073	5.87
ENSRNOG00000061074	0
ENSRNOG00000061075	0
ENSRNOG00000061076	0.2
ENSRNOG00000061077	0
ENSRNOG00000061078	1.42
ENSRNOG00000061079	0
ENSRNOG00000061080	7.71
ENSRNOG00000061081	0
ENSRNOG00000061082	0
ENSRNOG00000061083	0
ENSRNOG00000061084	0
ENSRNOG00000061085	1.09
ENSRNOG00000061086	0
ENSRNOG00000061087	0
ENSRNOG00000061088	12.16
ENSRNOG00000061089	0
ENSRNOG00000061090	0
ENSRNOG00000061091	0.78
ENSRNOG00000061092	0
ENSRNOG00000061093	0
ENSRNOG00000061094	0
ENSRNOG00000061095	1.94
ENSRNOG00000061096	0
ENSRNOG00000061097	0.03
ENSRNOG00000061098	0
ENSRNOG00000061099	9.32
ENSRNOG00000061100	10.67
ENSRNOG00000061101	0
ENSRNOG00000061102	12.17
ENSRNOG00000061103	0
ENSRNOG00000061104	0
ENSRNOG00000061105	0
ENSRNOG00000061106	0.34
ENSRNOG00000061107	0
ENSRNOG00000061108	38.17
ENSRNOG00000061109	0
ENSRNOG00000061110	0
ENSRNOG00000061111	0
ENSRNOG00000061112	0
ENSRNOG00000061113	0
ENSRNOG00000061114	0
ENSRNOG00000061115	0
ENSRNOG00000061116	0.1
ENSRNOG00000061117	0.22
ENSRNOG00000061118	4.08
ENSRNOG00000061119	0.52
ENSRNOG00000061120	0
ENSRNOG00000061121	27.06
ENSRNOG00000061122	1.54
ENSRNOG00000061123	0
ENSRNOG00000061124	0
ENSRNOG00000061125	0
ENSRNOG00000061126	0
ENSRNOG00000061127	2.61
ENSRNOG00000061128	9.11
ENSRNOG00000061129	27.87
ENSRNOG00000061130	0
ENSRNOG00000061131	0.61
ENSRNOG00000061132	1.51
ENSRNOG00000061133	0
ENSRNOG00000061134	0
ENSRNOG00000061135	0
ENSRNOG00000061136	0
ENSRNOG00000061137	0
ENSRNOG00000061138	9.34
ENSRNOG00000061139	7.49
ENSRNOG00000061140	0
ENSRNOG00000061141	0
ENSRNOG00000061142	0.76
ENSRNOG00000061143	0
ENSRNOG00000061144	0.53
ENSRNOG00000061145	0
ENSRNOG00000061146	4.72
ENSRNOG00000061147	13.16
ENSRNOG00000061148	0
ENSRNOG00000061149	0
ENSRNOG00000061150	0
ENSRNOG00000061151	0.06
ENSRNOG00000061152	1.2
ENSRNOG00000061153	40.24
ENSRNOG00000061154	0
ENSRNOG00000061155	2.02
ENSRNOG00000061156	0
ENSRNOG00000061157	3.75
ENSRNOG00000061158	0
ENSRNOG00000061159	1.44
ENSRNOG00000061160	0.86
ENSRNOG00000061161	0
ENSRNOG00000061162	0.81
ENSRNOG00000061163	0
ENSRNOG00000061164	0
ENSRNOG00000061165	0
ENSRNOG00000061166	0
ENSRNOG00000061167	9.67
ENSRNOG00000061168	0.18
ENSRNOG00000061169	0
ENSRNOG00000061170	0
ENSRNOG00000061171	0
ENSRNOG00000061172	0
ENSRNOG00000061173	0
ENSRNOG00000061174	1.05
ENSRNOG00000061175	0
ENSRNOG00000061176	123.28
ENSRNOG00000061177	0
ENSRNOG00000061178	0
ENSRNOG00000061179	0.29
ENSRNOG00000061180	0.04
ENSRNOG00000061181	2.75
ENSRNOG00000061182	0.88
ENSRNOG00000061183	0
ENSRNOG00000061184	0
ENSRNOG00000061185	0.31
ENSRNOG00000061186	3.68
ENSRNOG00000061187	0.24
ENSRNOG00000061188	0.26
ENSRNOG00000061189	0
ENSRNOG00000061190	0.51
ENSRNOG00000061191	0
ENSRNOG00000061192	0
ENSRNOG00000061193	0
ENSRNOG00000061194	0
ENSRNOG00000061195	1.44
ENSRNOG00000061196	0
ENSRNOG00000061197	0.44
ENSRNOG00000061198	0
ENSRNOG00000061199	0.35
ENSRNOG00000061200	0
ENSRNOG00000061201	0
ENSRNOG00000061202	0
ENSRNOG00000061203	0
ENSRNOG00000061204	0
ENSRNOG00000061205	3.2
ENSRNOG00000061206	0
ENSRNOG00000061207	0
ENSRNOG00000061208	0
ENSRNOG00000061209	0
ENSRNOG00000061210	0.22
ENSRNOG00000061211	0
ENSRNOG00000061212	10.01
ENSRNOG00000061213	7.09
ENSRNOG00000061214	0
ENSRNOG00000061215	33.35
ENSRNOG00000061216	189.54
ENSRNOG00000061217	0
ENSRNOG00000061218	0
ENSRNOG00000061219	0
ENSRNOG00000061220	0
ENSRNOG00000061221	0
ENSRNOG00000061222	0
ENSRNOG00000061223	0
ENSRNOG00000061224	0
ENSRNOG00000061225	0.23
ENSRNOG00000061226	0
ENSRNOG00000061227	0
ENSRNOG00000061228	0.91
ENSRNOG00000061229	0
ENSRNOG00000061230	38.74
ENSRNOG00000061231	93.66
ENSRNOG00000061232	0
ENSRNOG00000061233	0
ENSRNOG00000061234	0
ENSRNOG00000061235	0
ENSRNOG00000061236	0
ENSRNOG00000061237	0.08
ENSRNOG00000061238	0.23
ENSRNOG00000061239	0
ENSRNOG00000061240	0
ENSRNOG00000061241	0
ENSRNOG00000061242	0
ENSRNOG00000061243	3.22
ENSRNOG00000061244	0
ENSRNOG00000061245	0
ENSRNOG00000061246	40.57
ENSRNOG00000061247	0.14
ENSRNOG00000061248	19.67
ENSRNOG00000061249	0
ENSRNOG00000061250	0
ENSRNOG00000061251	0.04
ENSRNOG00000061252	0
ENSRNOG00000061253	0.7
ENSRNOG00000061254	0
ENSRNOG00000061255	0
ENSRNOG00000061256	1.5
ENSRNOG00000061257	0
ENSRNOG00000061258	0
ENSRNOG00000061259	0
ENSRNOG00000061260	0
ENSRNOG00000061261	0
ENSRNOG00000061262	33.09
ENSRNOG00000061263	0.16
ENSRNOG00000061264	0.83
ENSRNOG00000061265	0
ENSRNOG00000061266	0
ENSRNOG00000061267	0
ENSRNOG00000061268	0
ENSRNOG00000061269	0
ENSRNOG00000061270	123.11
ENSRNOG00000061271	0
ENSRNOG00000061272	4.07
ENSRNOG00000061273	0.11
ENSRNOG00000061274	0
ENSRNOG00000061275	0.04
ENSRNOG00000061276	0
ENSRNOG00000061277	0
ENSRNOG00000061278	0
ENSRNOG00000061279	0
ENSRNOG00000061280	0.04
ENSRNOG00000061281	0
ENSRNOG00000061282	0
ENSRNOG00000061283	0
ENSRNOG00000061284	0
ENSRNOG00000061285	0.46
ENSRNOG00000061286	0
ENSRNOG00000061287	0
ENSRNOG00000061288	0
ENSRNOG00000061289	74.08
ENSRNOG00000061290	0
ENSRNOG00000061291	0
ENSRNOG00000061292	0
ENSRNOG00000061293	0
ENSRNOG00000061294	0
ENSRNOG00000061295	0.26
ENSRNOG00000061296	0
ENSRNOG00000061297	0.65
ENSRNOG00000061298	0
ENSRNOG00000061299	3.1
ENSRNOG00000061300	0
ENSRNOG00000061301	32.22
ENSRNOG00000061302	0
ENSRNOG00000061303	0
ENSRNOG00000061304	27.58
ENSRNOG00000061305	0
ENSRNOG00000061306	0.84
ENSRNOG00000061307	0
ENSRNOG00000061308	0
ENSRNOG00000061309	0
ENSRNOG00000061310	0.12
ENSRNOG00000061311	0
ENSRNOG00000061312	20.85
ENSRNOG00000061313	0.32
ENSRNOG00000061314	0
ENSRNOG00000061315	0.7
ENSRNOG00000061316	0.02
ENSRNOG00000061317	0.72
ENSRNOG00000061318	0.28
ENSRNOG00000061319	0
ENSRNOG00000061320	0
ENSRNOG00000061321	0
ENSRNOG00000061322	0.42
ENSRNOG00000061323	0
ENSRNOG00000061324	0
ENSRNOG00000061325	0
ENSRNOG00000061326	0
ENSRNOG00000061327	0.06
ENSRNOG00000061328	5.78
ENSRNOG00000061329	0
ENSRNOG00000061330	0
ENSRNOG00000061331	0
ENSRNOG00000061332	0
ENSRNOG00000061333	1.24
ENSRNOG00000061334	0
ENSRNOG00000061335	2.3
ENSRNOG00000061336	0.44
ENSRNOG00000061337	16.4
ENSRNOG00000061338	0
ENSRNOG00000061339	0
ENSRNOG00000061340	0
ENSRNOG00000061341	0
ENSRNOG00000061342	0
ENSRNOG00000061343	0
ENSRNOG00000061344	0
ENSRNOG00000061345	4.35
ENSRNOG00000061346	6.39
ENSRNOG00000061347	0.89
ENSRNOG00000061348	13.14
ENSRNOG00000061349	0.52
ENSRNOG00000061350	0
ENSRNOG00000061351	0
ENSRNOG00000061352	0
ENSRNOG00000061353	0
ENSRNOG00000061354	0
ENSRNOG00000061355	0.09
ENSRNOG00000061356	0
ENSRNOG00000061357	0
ENSRNOG00000061358	0.1
ENSRNOG00000061359	0
ENSRNOG00000061360	0
ENSRNOG00000061361	6.2
ENSRNOG00000061362	0
ENSRNOG00000061363	0
ENSRNOG00000061364	0
ENSRNOG00000061365	4.9
ENSRNOG00000061366	8.08
ENSRNOG00000061367	1.26
ENSRNOG00000061368	0
ENSRNOG00000061369	0.3
ENSRNOG00000061370	0
ENSRNOG00000061371	0
ENSRNOG00000061372	0
ENSRNOG00000061373	1.37
ENSRNOG00000061374	0
ENSRNOG00000061375	0
ENSRNOG00000061376	0.6
ENSRNOG00000061377	0
ENSRNOG00000061378	0
ENSRNOG00000061379	1.17
ENSRNOG00000061380	0
ENSRNOG00000061381	0
ENSRNOG00000061382	0
ENSRNOG00000061383	0
ENSRNOG00000061384	0
ENSRNOG00000061385	0
ENSRNOG00000061386	0
ENSRNOG00000061387	0
ENSRNOG00000061388	0
ENSRNOG00000061389	0
ENSRNOG00000061390	0.1
ENSRNOG00000061391	0.15
ENSRNOG00000061392	0
ENSRNOG00000061393	0.95
ENSRNOG00000061394	0
ENSRNOG00000061395	0
ENSRNOG00000061396	0
ENSRNOG00000061397	0.23
ENSRNOG00000061398	0
ENSRNOG00000061399	0
ENSRNOG00000061400	2.1
ENSRNOG00000061401	0
ENSRNOG00000061402	0
ENSRNOG00000061403	0.94
ENSRNOG00000061404	0.17
ENSRNOG00000061405	0
ENSRNOG00000061406	1.87
ENSRNOG00000061407	0
ENSRNOG00000061408	1.07
ENSRNOG00000061409	3.91
ENSRNOG00000061410	0
ENSRNOG00000061411	0
ENSRNOG00000061412	2.51
ENSRNOG00000061413	0
ENSRNOG00000061414	0.06
ENSRNOG00000061415	4.21
ENSRNOG00000061416	0
ENSRNOG00000061417	0
ENSRNOG00000061418	0
ENSRNOG00000061419	0
ENSRNOG00000061420	4.09
ENSRNOG00000061421	0
ENSRNOG00000061422	0
ENSRNOG00000061423	0.09
ENSRNOG00000061424	10.78
ENSRNOG00000061425	128.52
ENSRNOG00000061426	0.07
ENSRNOG00000061427	0
ENSRNOG00000061428	0.06
ENSRNOG00000061429	2.2
ENSRNOG00000061430	0
ENSRNOG00000061431	0
ENSRNOG00000061432	2.85
ENSRNOG00000061433	1.82
ENSRNOG00000061434	0
ENSRNOG00000061435	0
ENSRNOG00000061436	0.12
ENSRNOG00000061437	0
ENSRNOG00000061438	0.81
ENSRNOG00000061439	0
ENSRNOG00000061440	0
ENSRNOG00000061441	0.16
ENSRNOG00000061442	0.65
ENSRNOG00000061443	1.25
ENSRNOG00000061444	0
ENSRNOG00000061445	0
ENSRNOG00000061446	0
ENSRNOG00000061447	0
ENSRNOG00000061448	0
ENSRNOG00000061449	0
ENSRNOG00000061450	6.53
ENSRNOG00000061451	0
ENSRNOG00000061452	0
ENSRNOG00000061453	0
ENSRNOG00000061454	0
ENSRNOG00000061455	0
ENSRNOG00000061456	0
ENSRNOG00000061457	0
ENSRNOG00000061458	0
ENSRNOG00000061459	0
ENSRNOG00000061460	0
ENSRNOG00000061461	0
ENSRNOG00000061462	0
ENSRNOG00000061463	0
ENSRNOG00000061464	0
ENSRNOG00000061465	0
ENSRNOG00000061466	0.49
ENSRNOG00000061467	0.57
ENSRNOG00000061468	0.26
ENSRNOG00000061469	0
ENSRNOG00000061470	0
ENSRNOG00000061471	1.01
ENSRNOG00000061472	1.94
ENSRNOG00000061473	0
ENSRNOG00000061474	7.38
ENSRNOG00000061475	0
ENSRNOG00000061476	0
ENSRNOG00000061477	0
ENSRNOG00000061478	0.34
ENSRNOG00000061479	4.24
ENSRNOG00000061480	0
ENSRNOG00000061481	0
ENSRNOG00000061482	0
ENSRNOG00000061483	0.03
ENSRNOG00000061484	1.48
ENSRNOG00000061485	0
ENSRNOG00000061486	0
ENSRNOG00000061487	0.18
ENSRNOG00000061488	0.24
ENSRNOG00000061489	0
ENSRNOG00000061490	0
ENSRNOG00000061491	0
ENSRNOG00000061492	0.16
ENSRNOG00000061493	0
ENSRNOG00000061494	0
ENSRNOG00000061495	0
ENSRNOG00000061496	0
ENSRNOG00000061497	0
ENSRNOG00000061498	0
ENSRNOG00000061499	17.59
ENSRNOG00000061500	0
ENSRNOG00000061501	0
ENSRNOG00000061502	0
ENSRNOG00000061503	0
ENSRNOG00000061504	0
ENSRNOG00000061505	1.24
ENSRNOG00000061506	0
ENSRNOG00000061507	0.46
ENSRNOG00000061508	22.64
ENSRNOG00000061509	0.46
ENSRNOG00000061510	0
ENSRNOG00000061511	1.19
ENSRNOG00000061512	0
ENSRNOG00000061513	0.09
ENSRNOG00000061514	38.09
ENSRNOG00000061515	14.5
ENSRNOG00000061516	0
ENSRNOG00000061517	0
ENSRNOG00000061518	1.38
ENSRNOG00000061519	11.36
ENSRNOG00000061520	0
ENSRNOG00000061521	0
ENSRNOG00000061522	0
ENSRNOG00000061523	0.82
ENSRNOG00000061524	13.64
ENSRNOG00000061525	0
ENSRNOG00000061526	2.19
ENSRNOG00000061527	0.14
ENSRNOG00000061528	0
ENSRNOG00000061529	0
ENSRNOG00000061530	0.63
ENSRNOG00000061531	0
ENSRNOG00000061532	0.81
ENSRNOG00000061533	3.59
ENSRNOG00000061534	0
ENSRNOG00000061535	0
ENSRNOG00000061536	0.3
ENSRNOG00000061537	0.14
ENSRNOG00000061538	5.79
ENSRNOG00000061539	0.49
ENSRNOG00000061540	0.09
ENSRNOG00000061541	0
ENSRNOG00000061542	0
ENSRNOG00000061543	71.46
ENSRNOG00000061544	264.79
ENSRNOG00000061545	0
ENSRNOG00000061546	0
ENSRNOG00000061547	3.05
ENSRNOG00000061548	0.63
ENSRNOG00000061549	0.17
ENSRNOG00000061550	0
ENSRNOG00000061551	0
ENSRNOG00000061552	0.49
ENSRNOG00000061553	0
ENSRNOG00000061554	0
ENSRNOG00000061555	0
ENSRNOG00000061556	0
ENSRNOG00000061557	4.12
ENSRNOG00000061558	0.6
ENSRNOG00000061559	0.15
ENSRNOG00000061560	0
ENSRNOG00000061561	0
ENSRNOG00000061562	0
ENSRNOG00000061563	0.06
ENSRNOG00000061564	1.96
ENSRNOG00000061565	0
ENSRNOG00000061566	0
ENSRNOG00000061567	0
ENSRNOG00000061568	0
ENSRNOG00000061569	0.07
ENSRNOG00000061570	0.25
ENSRNOG00000061571	0
ENSRNOG00000061572	44.14
ENSRNOG00000061573	0
ENSRNOG00000061574	0
ENSRNOG00000061575	0
ENSRNOG00000061576	0
ENSRNOG00000061577	0
ENSRNOG00000061578	0.06
ENSRNOG00000061579	0.13
ENSRNOG00000061580	0
ENSRNOG00000061581	0
ENSRNOG00000061582	52.15
ENSRNOG00000061583	0
ENSRNOG00000061584	0
ENSRNOG00000061585	0
ENSRNOG00000061586	2.48
ENSRNOG00000061587	2.23
ENSRNOG00000061588	0
ENSRNOG00000061589	0
ENSRNOG00000061590	0
ENSRNOG00000061591	0
ENSRNOG00000061592	0
ENSRNOG00000061593	0
ENSRNOG00000061594	0.08
ENSRNOG00000061595	0.2
ENSRNOG00000061596	0
ENSRNOG00000061597	0.39
ENSRNOG00000061598	0
ENSRNOG00000061599	0
ENSRNOG00000061600	1.5
ENSRNOG00000061601	0
ENSRNOG00000061602	0
ENSRNOG00000061603	11.95
ENSRNOG00000061604	0
ENSRNOG00000061605	0.82
ENSRNOG00000061606	0
ENSRNOG00000061607	10.6
ENSRNOG00000061608	0
ENSRNOG00000061609	0
ENSRNOG00000061610	0
ENSRNOG00000061611	0
ENSRNOG00000061612	3.19
ENSRNOG00000061613	0.04
ENSRNOG00000061614	0
ENSRNOG00000061615	0
ENSRNOG00000061616	1.17
ENSRNOG00000061617	0
ENSRNOG00000061618	0
ENSRNOG00000061619	0
ENSRNOG00000061620	0
ENSRNOG00000061621	0
ENSRNOG00000061622	1.4
ENSRNOG00000061623	0.31
ENSRNOG00000061624	0
ENSRNOG00000061625	0.1
ENSRNOG00000061626	0
ENSRNOG00000061627	0
ENSRNOG00000061628	0
ENSRNOG00000061629	0
ENSRNOG00000061630	34.33
ENSRNOG00000061631	0
ENSRNOG00000061632	0.55
ENSRNOG00000061633	0
ENSRNOG00000061634	0
ENSRNOG00000061635	0
ENSRNOG00000061636	0
ENSRNOG00000061637	0
ENSRNOG00000061638	0
ENSRNOG00000061639	0.14
ENSRNOG00000061640	0
ENSRNOG00000061641	0
ENSRNOG00000061642	0
ENSRNOG00000061643	0
ENSRNOG00000061644	0
ENSRNOG00000061645	0
ENSRNOG00000061646	0
ENSRNOG00000061647	0
ENSRNOG00000061648	0
ENSRNOG00000061649	0
ENSRNOG00000061650	5.92
ENSRNOG00000061651	0
ENSRNOG00000061652	0
ENSRNOG00000061653	0
ENSRNOG00000061654	0
ENSRNOG00000061655	0
ENSRNOG00000061656	1.5
ENSRNOG00000061657	1.95
ENSRNOG00000061658	6.74
ENSRNOG00000061659	0
ENSRNOG00000061660	0.19
ENSRNOG00000061661	0.95
ENSRNOG00000061662	0.95
ENSRNOG00000061663	0
ENSRNOG00000061664	0
ENSRNOG00000061665	0
ENSRNOG00000061666	2
ENSRNOG00000061667	0
ENSRNOG00000061668	0.48
ENSRNOG00000061669	0
ENSRNOG00000061670	0.28
ENSRNOG00000061671	0
ENSRNOG00000061672	0
ENSRNOG00000061673	0
ENSRNOG00000061674	0
ENSRNOG00000061675	0
ENSRNOG00000061676	0
ENSRNOG00000061677	7.81
ENSRNOG00000061678	0
ENSRNOG00000061679	0
ENSRNOG00000061680	4.92
ENSRNOG00000061681	0
ENSRNOG00000061682	0
ENSRNOG00000061683	0
ENSRNOG00000061684	75.06
ENSRNOG00000061685	0
ENSRNOG00000061686	0
ENSRNOG00000061687	0.32
ENSRNOG00000061688	2.46
ENSRNOG00000061689	0
ENSRNOG00000061690	0.56
ENSRNOG00000061691	2.13
ENSRNOG00000061692	0
ENSRNOG00000061693	0
ENSRNOG00000061694	0
ENSRNOG00000061695	0.25
ENSRNOG00000061696	0.1
ENSRNOG00000061697	0
ENSRNOG00000061698	0
ENSRNOG00000061699	0
ENSRNOG00000061700	0
ENSRNOG00000061701	0
ENSRNOG00000061702	0
ENSRNOG00000061703	0.1
ENSRNOG00000061704	0
ENSRNOG00000061705	0
ENSRNOG00000061706	0
ENSRNOG00000061707	0
ENSRNOG00000061708	0
ENSRNOG00000061709	9.55
ENSRNOG00000061710	0
ENSRNOG00000061711	0
ENSRNOG00000061712	0
ENSRNOG00000061713	0
ENSRNOG00000061714	0
ENSRNOG00000061715	0
ENSRNOG00000061716	0
ENSRNOG00000061717	1.24
ENSRNOG00000061718	19.67
ENSRNOG00000061719	0
ENSRNOG00000061720	0
ENSRNOG00000061721	0
ENSRNOG00000061722	0.86
ENSRNOG00000061723	0
ENSRNOG00000061724	0
ENSRNOG00000061725	0
ENSRNOG00000061726	0
ENSRNOG00000061727	0
ENSRNOG00000061728	0
ENSRNOG00000061729	0
ENSRNOG00000061730	0
ENSRNOG00000061731	40.22
ENSRNOG00000061732	0
ENSRNOG00000061733	0.61
ENSRNOG00000061734	0.72
ENSRNOG00000061735	0
ENSRNOG00000061736	0
ENSRNOG00000061737	0
ENSRNOG00000061738	0
ENSRNOG00000061739	0.05
ENSRNOG00000061740	0.03
ENSRNOG00000061741	2.49
ENSRNOG00000061742	0
ENSRNOG00000061743	0
ENSRNOG00000061744	0
ENSRNOG00000061745	0.64
ENSRNOG00000061746	0
ENSRNOG00000061747	0
ENSRNOG00000061748	0
ENSRNOG00000061749	0
ENSRNOG00000061750	0
ENSRNOG00000061751	0
ENSRNOG00000061752	0
ENSRNOG00000061753	0
ENSRNOG00000061754	0.14
ENSRNOG00000061755	0
ENSRNOG00000061756	0
ENSRNOG00000061757	0
ENSRNOG00000061758	0
ENSRNOG00000061759	0.52
ENSRNOG00000061760	1.92
ENSRNOG00000061761	0
ENSRNOG00000061762	0
ENSRNOG00000061763	7.33
ENSRNOG00000061764	8.85
ENSRNOG00000061765	0
ENSRNOG00000061766	0
ENSRNOG00000061767	4.08
ENSRNOG00000061768	1.65
ENSRNOG00000061769	0.22
ENSRNOG00000061770	0
ENSRNOG00000061771	0
ENSRNOG00000061772	0
ENSRNOG00000061773	0
ENSRNOG00000061774	4.19
ENSRNOG00000061775	10.85
ENSRNOG00000061776	0
ENSRNOG00000061777	0
ENSRNOG00000061778	2.05
ENSRNOG00000061779	1.91
ENSRNOG00000061780	0
ENSRNOG00000061781	2.17
ENSRNOG00000061782	33.43
ENSRNOG00000061783	0
ENSRNOG00000061784	0
ENSRNOG00000061785	0.05
ENSRNOG00000061786	0
ENSRNOG00000061787	0
ENSRNOG00000061788	0.48
ENSRNOG00000061789	0
ENSRNOG00000061790	0
ENSRNOG00000061791	0
ENSRNOG00000061792	0
ENSRNOG00000061793	0
ENSRNOG00000061794	0
ENSRNOG00000061795	10.17
ENSRNOG00000061796	0.06
ENSRNOG00000061797	0
ENSRNOG00000061798	0
ENSRNOG00000061799	0
ENSRNOG00000061800	0
ENSRNOG00000061801	0
ENSRNOG00000061802	0
ENSRNOG00000061803	0
ENSRNOG00000061804	0.17
ENSRNOG00000061805	0
ENSRNOG00000061806	0
ENSRNOG00000061807	0.6
ENSRNOG00000061808	0.23
ENSRNOG00000061809	0
ENSRNOG00000061810	0
ENSRNOG00000061811	0
ENSRNOG00000061812	6.14
ENSRNOG00000061813	0
ENSRNOG00000061814	17.83
ENSRNOG00000061815	0
ENSRNOG00000061816	0.81
ENSRNOG00000061817	0
ENSRNOG00000061818	0.44
ENSRNOG00000061819	0.51
ENSRNOG00000061820	0
ENSRNOG00000061821	1.06
ENSRNOG00000061822	0.96
ENSRNOG00000061823	0
ENSRNOG00000061824	0
ENSRNOG00000061825	1.69
ENSRNOG00000061826	4.81
ENSRNOG00000061827	0
ENSRNOG00000061828	0.07
ENSRNOG00000061829	0
ENSRNOG00000061830	0
ENSRNOG00000061831	0.48
ENSRNOG00000061832	3.72
ENSRNOG00000061833	0
ENSRNOG00000061834	1.57
ENSRNOG00000061835	0.17
ENSRNOG00000061836	0
ENSRNOG00000061837	0.47
ENSRNOG00000061838	0
ENSRNOG00000061839	0
ENSRNOG00000061840	0
ENSRNOG00000061841	0
ENSRNOG00000061842	0
ENSRNOG00000061843	0
ENSRNOG00000061844	16.74
ENSRNOG00000061845	39.96
ENSRNOG00000061846	0
ENSRNOG00000061847	0
ENSRNOG00000061848	0
ENSRNOG00000061849	0
ENSRNOG00000061850	0
ENSRNOG00000061851	16.12
ENSRNOG00000061852	0
ENSRNOG00000061853	0
ENSRNOG00000061854	1.92
ENSRNOG00000061855	0
ENSRNOG00000061856	0.87
ENSRNOG00000061857	0.5
ENSRNOG00000061858	0
ENSRNOG00000061859	0
ENSRNOG00000061860	0
ENSRNOG00000061861	0
ENSRNOG00000061862	1.23
ENSRNOG00000061863	0.52
ENSRNOG00000061864	0
ENSRNOG00000061865	0
ENSRNOG00000061866	0
ENSRNOG00000061867	0
ENSRNOG00000061868	0.17
ENSRNOG00000061869	0.98
ENSRNOG00000061870	0
ENSRNOG00000061871	0
ENSRNOG00000061872	0
ENSRNOG00000061873	0
ENSRNOG00000061874	2.65
ENSRNOG00000061875	0
ENSRNOG00000061876	4.37
ENSRNOG00000061877	0.66
ENSRNOG00000061878	0
ENSRNOG00000061879	0
ENSRNOG00000061880	0
ENSRNOG00000061881	1.06
ENSRNOG00000061882	0
ENSRNOG00000061883	3.91
ENSRNOG00000061884	0
ENSRNOG00000061885	0
ENSRNOG00000061886	0
ENSRNOG00000061887	0.6
ENSRNOG00000061888	0
ENSRNOG00000061889	0.5
ENSRNOG00000061890	0
ENSRNOG00000061891	0
ENSRNOG00000061892	0.33
ENSRNOG00000061893	5.41
ENSRNOG00000061894	0
ENSRNOG00000061895	0
ENSRNOG00000061896	0
ENSRNOG00000061897	0
ENSRNOG00000061898	0
ENSRNOG00000061899	17.77
ENSRNOG00000061900	0.03
ENSRNOG00000061901	0
ENSRNOG00000061902	0.18
ENSRNOG00000061903	0
ENSRNOG00000061904	0
ENSRNOG00000061905	0
ENSRNOG00000061906	0
ENSRNOG00000061907	0
ENSRNOG00000061908	0
ENSRNOG00000061909	0
ENSRNOG00000061910	2.76
ENSRNOG00000061911	0
ENSRNOG00000061912	0
ENSRNOG00000061913	0
ENSRNOG00000061914	0
ENSRNOG00000061915	0
ENSRNOG00000061916	17.03
ENSRNOG00000061917	0.05
ENSRNOG00000061918	0.05
ENSRNOG00000061919	0
ENSRNOG00000061920	0.04
ENSRNOG00000061921	1
ENSRNOG00000061922	0
ENSRNOG00000061923	0
ENSRNOG00000061924	0
ENSRNOG00000061925	5.08
ENSRNOG00000061926	0
ENSRNOG00000061927	0
ENSRNOG00000061928	18.54
ENSRNOG00000061929	1.13
ENSRNOG00000061930	0.06
ENSRNOG00000061931	0
ENSRNOG00000061932	0
ENSRNOG00000061933	0.12
ENSRNOG00000061934	0
ENSRNOG00000061935	0
